20041001 1992.151627 31.8910 64.1060    5    4.9652 19.5894 4.9559 36.7057 233.5200 0.4720 0.0900   -9.9900
20041001 1992.151627 31.8910 64.1060    7    6.9512 19.5847 4.9555 36.7059 233.4000 0.4720 0.0850   -9.9900
20041001 1992.151627 31.8910 64.1060    9    8.9372 19.5831 4.9555 36.7060 233.3100 0.4720 0.0930   -9.9900
20041001 1992.151627 31.8910 64.1060   11   10.9232 19.5826 4.9555 36.7058 233.2400 0.4720 0.0960   -9.9900
20041001 1992.151627 31.8910 64.1060   13   12.9092 19.5742 4.9547 36.7060 233.2900 0.4720 0.0980   -9.9900
20041001 1992.151627 31.8910 64.1060   15   14.8951 19.5667 4.9540 36.7059 233.3600 0.4710 0.1040   -9.9900
20041001 1992.151627 31.8910 64.1060   17   16.8810 19.5406 4.9513 36.7057 233.4700 0.4680 0.1100   -9.9900
20041001 1992.151627 31.8910 64.1060   19   18.8669 19.5244 4.9496 36.7051 233.5300 0.4660 0.1210   -9.9900
20041001 1992.151627 31.8910 64.1060   21   20.8528 19.5146 4.9485 36.7039 233.6000 0.4650 0.1220   -9.9900
20041001 1992.151627 31.8910 64.1060   23   22.8387 19.4856 4.9448 36.6978 233.6200 0.4620 0.1260   -9.9900
20041001 1992.151627 31.8910 64.1060   25   24.8246 19.4577 4.9412 36.6916 233.4600 0.4600 0.1290   -9.9900
20041001 1992.151627 31.8910 64.1060   27   26.8104 19.4401 4.9388 36.6864 232.8300 0.4580 0.1280   -9.9900
20041001 1992.151627 31.8910 64.1060   29   28.7962 19.3805 4.9306 36.6693 232.4700 0.4570 0.1310   -9.9900
20041001 1992.151627 31.8910 64.1060   31   30.7820 19.2882 4.9189 36.6522 232.1200 0.4530 0.1340   -9.9900
20041001 1992.151627 31.8910 64.1060   33   32.7678 19.2724 4.9173 36.6518 231.6600 0.4510 0.1350   -9.9900
20041001 1992.151627 31.8910 64.1060   35   34.7536 19.2761 4.9180 36.6533 231.0000 0.4520 0.1380   -9.9900
20041001 1992.151627 31.8910 64.1060   37   36.7393 19.2909 4.9204 36.6602 230.6800 0.4470 0.1390   -9.9900
20041001 1992.151627 31.8910 64.1060   39   38.7250 19.3321 4.9269 36.6772 230.3600 0.4440 0.1220   -9.9900
20041001 1992.151627 31.8910 64.1060   41   40.7107 19.3292 4.9266 36.6765 229.9600 0.4410 0.1100   -9.9900
20041001 1992.151627 31.8910 64.1060   43   42.6964 19.3232 4.9260 36.6764 229.6100 0.4390 0.1020   -9.9900
20041001 1992.151627 31.8910 64.1060   45   44.6821 19.3316 4.9273 36.6790 229.0000 0.4370 0.0880   -9.9900
20041001 1992.151627 31.8910 64.1060   47   46.6677 19.3313 4.9274 36.6789 228.3800 0.4360 0.0910   -9.9900
20041001 1992.151627 31.8910 64.1060   49   48.6533 19.3287 4.9272 36.6786 227.5900 0.4350 0.0790   -9.9900
20041001 1992.151627 31.8910 64.1060   51   50.6389 19.3183 4.9258 36.6757 227.4400 0.4340 0.0730   -9.9900
20041001 1992.151627 31.8910 64.1060   53   52.6245 19.3068 4.9244 36.6733 227.3900 0.4330 0.0660   -9.9900
20041001 1992.151627 31.8910 64.1060   55   54.6101 19.2989 4.9234 36.6710 227.4500 0.4330 0.0660   -9.9900
20041001 1992.151627 31.8910 64.1060   57   56.5956 19.2839 4.9213 36.6658 227.4800 0.4330 0.0590   -9.9900
20041001 1992.151627 31.8910 64.1060   59   58.5811 19.2686 4.9194 36.6628 227.5000 0.4310 0.0570   -9.9900
20041001 1992.151627 31.8910 64.1060   61   60.5667 19.2582 4.9180 36.6599 227.4300 0.4320 0.0540   -9.9900
20041001 1992.151627 31.8910 64.1060   63   62.5521 19.2563 4.9180 36.6605 227.3700 0.4310 0.0480   -9.9900
20041001 1992.151627 31.8910 64.1060   65   64.5376 19.2610 4.9188 36.6619 227.2500 0.4310 0.0460   -9.9900
20041001 1992.151627 31.8910 64.1060   67   66.5231 19.2607 4.9188 36.6618 227.1500 0.4310 0.0410   -9.9900
20041001 1992.151627 31.8910 64.1060   69   68.5085 19.2610 4.9190 36.6622 227.0500 0.4300 0.0390   -9.9900
20041001 1992.151627 31.8910 64.1060   71   70.4939 19.2568 4.9185 36.6614 226.9900 0.4290 0.0340   -9.9900
20041001 1992.151627 31.8910 64.1060   73   72.4793 19.2458 4.9172 36.6594 227.0100 0.4290 0.0330   -9.9900
20041001 1992.151627 31.8910 64.1060   75   74.4647 19.2618 4.9199 36.6666 226.9000 0.4290 0.0340   -9.9900
20041001 1992.151627 31.8910 64.1060   77   76.4500 19.2737 4.9217 36.6708 226.8400 0.4310 0.0290   -9.9900
20041001 1992.151627 31.8910 64.1060   79   78.4354 19.2714 4.9215 36.6708 226.7600 0.4310 0.0290   -9.9900
20041001 1992.151627 31.8910 64.1060   81   80.4207 19.2700 4.9215 36.6707 226.7100 0.4310 0.0310   -9.9900
20041001 1992.151627 31.8910 64.1060   83   82.4060 19.2684 4.9213 36.6701 226.6100 0.4310 0.0300   -9.9900
20041001 1992.151627 31.8910 64.1060   85   84.3912 19.2638 4.9208 36.6690 226.5200 0.4310 0.0280   -9.9900
20041001 1992.151627 31.8910 64.1060   87   86.3765 19.2480 4.9187 36.6643 226.4200 0.4320 0.0290   -9.9900
20041001 1992.151627 31.8910 64.1060   89   88.3617 19.2331 4.9168 36.6614 226.3300 0.4320 0.0260   -9.9900
20041001 1992.151627 31.8910 64.1060   91   90.3470 19.2144 4.9145 36.6574 226.1300 0.4310 0.0270   -9.9900
20041001 1992.151627 31.8910 64.1060   93   92.3322 19.2051 4.9136 36.6575 226.0800 0.4300 0.0270   -9.9900
20041001 1992.151627 31.8910 64.1060   95   94.3173 19.2073 4.9142 36.6597 225.9000 0.4290 0.0230   -9.9900
20041001 1992.151627 31.8910 64.1060   97   96.3025 19.2103 4.9149 36.6620 225.7400 0.4280 0.0200   -9.9900
20041001 1992.151627 31.8910 64.1060   99   98.2876 19.2122 4.9154 36.6641 225.3800 0.4270 0.0130   -9.9900
20041001 1992.151627 31.8910 64.1060  101  100.2728 19.1882 4.9129 36.6635 224.9300 0.4260 0.0100   -9.9900
20041001 1992.151627 31.8910 64.1060  103  102.2579 19.1633 4.9103 36.6628 224.4700 0.4270 0.0060   -9.9900
20041001 1992.151627 31.8910 64.1060  105  104.2430 19.1395 4.9078 36.6619 223.9400 0.4280 0.0080   -9.9900
20041001 1992.151627 31.8910 64.1060  107  106.2280 19.1264 4.9065 36.6622 223.2200 0.4290 0.0090   -9.9900
20041001 1992.151627 31.8910 64.1060  109  108.2131 19.1150 4.9055 36.6628 222.6600 0.4290 0.0100   -9.9900
20041001 1992.151627 31.8910 64.1060  111  110.1981 19.1019 4.9042 36.6629 222.2800 0.4310 0.0140   -9.9900
20041001 1992.151627 31.8910 64.1060  113  112.1831 19.0856 4.9026 36.6631 221.9100 0.4290 0.0160   -9.9900
20041001 1992.151627 31.8910 64.1060  115  114.1681 19.0784 4.9023 36.6660 221.6500 0.4300 0.0170   -9.9900
20041001 1992.151627 31.8910 64.1060  117  116.1531 19.0809 4.9032 36.6705 221.3500 0.4330 0.0200   -9.9900
20041001 1992.151627 31.8910 64.1060  119  118.1380 19.0821 4.9038 36.6740 221.4400 0.4330 0.0190   -9.9900
20041001 1992.151627 31.8910 64.1060  121  120.1229 19.0919 4.9056 36.6800 221.6200 0.4330 0.0230   -9.9900
20041001 1992.151627 31.8910 64.1060  123  122.1079 19.0879 4.9057 36.6828 222.0800 0.4370 0.0250   -9.9900
20041001 1992.151627 31.8910 64.1060  125  124.0927 19.0609 4.9023 36.6781 222.7600 0.4340 0.0250   -9.9900
20041001 1992.151627 31.8910 64.1060  127  126.0776 19.0530 4.9014 36.6761 223.5100 0.4330 0.0220   -9.9900
20041001 1992.151627 31.8910 64.1060  129  128.0625 19.0512 4.9012 36.6756 224.0400 0.4330 0.0190   -9.9900
20041001 1992.151627 31.8910 64.1060  131  130.0473 19.0479 4.9010 36.6758 224.3700 0.4320 0.0170   -9.9900
20041001 1992.151627 31.8910 64.1060  133  132.0321 19.0520 4.9019 36.6792 224.3500 0.4320 0.0170   -9.9900
20041001 1992.151627 31.8910 64.1060  135  134.0169 19.0696 4.9046 36.6855 224.2700 0.4340 0.0170   -9.9900
20041001 1992.151627 31.8910 64.1060  137  136.0017 19.0815 4.9064 36.6891 224.0900 0.4350 0.0240   -9.9900
20041001 1992.151627 31.8910 64.1060  139  137.9865 19.0865 4.9072 36.6912 224.0600 0.4350 0.0250   -9.9900
20041001 1992.151627 31.8910 64.1060  141  139.9712 19.1006 4.9095 36.6970 224.0800 0.4370 0.0240   -9.9900
20041001 1992.151627 31.8910 64.1060  143  141.9559 19.1043 4.9102 36.6989 224.1500 0.4350 0.0260   -9.9900
20041001 1992.151627 31.8910 64.1060  145  143.9406 19.1024 4.9101 36.6989 224.2200 0.4350 0.0230   -9.9900
20041001 1992.151627 31.8910 64.1060  147  145.9253 19.0945 4.9090 36.6963 224.3000 0.4350 0.0220   -9.9900
20041001 1992.151627 31.8910 64.1060  149  147.9100 19.0818 4.9074 36.6932 224.3100 0.4350 0.0200   -9.9900
20041001 1992.151627 31.8910 64.1060  151  149.8946 19.0736 4.9064 36.6914 224.2800 0.4350 0.0220   -9.9900
20041001 1992.151627 31.8910 64.1060  153  151.8792 19.0801 4.9075 36.6936 224.1800 0.4350 0.0260   -9.9900
20041001 1992.151627 31.8910 64.1060  155  153.8638 19.0872 4.9086 36.6963 224.0900 0.4350 0.0250   -9.9900
20041001 1992.151627 31.8910 64.1060  157  155.8484 19.0894 4.9091 36.6972 224.0800 0.4350 0.0230   -9.9900
20041001 1992.151627 31.8910 64.1060  159  157.8330 19.0908 4.9094 36.6982 224.0100 0.4350 0.0200   -9.9900
20041001 1992.151627 31.8910 64.1060  161  159.8175 19.0941 4.9100 36.6999 223.8800 0.4350 0.0170   -9.9900
20041001 1992.151627 31.8910 64.1060  163  161.8021 19.0986 4.9108 36.7018 223.8100 0.4350 0.0150   -9.9900
20041001 1992.151627 31.8910 64.1060  165  163.7866 19.1008 4.9113 36.7026 223.8100 0.4350 0.0240   -9.9900
20041001 1992.151627 31.8910 64.1060  167  165.7710 19.1029 4.9116 36.7033 223.8800 0.4350 0.0240   -9.9900
20041001 1992.151627 31.8910 64.1060  169  167.7555 19.1038 4.9119 36.7035 223.9500 0.4370 0.0240   -9.9900
20041001 1992.151627 31.8910 64.1060  171  169.7400 19.1072 4.9125 36.7055 224.0100 0.4380 0.0190   -9.9900
20041001 1992.151627 31.8910 64.1060  173  171.7244 19.1126 4.9135 36.7082 224.0500 0.4370 0.0190   -9.9900
20041001 1992.151627 31.8910 64.1060  175  173.7088 19.1131 4.9138 36.7090 224.1200 0.4370 0.0190   -9.9900
20041001 1992.151627 31.8910 64.1060  177  175.6932 19.1131 4.9138 36.7089 224.2000 0.4370 0.0180   -9.9900
20041001 1992.151627 31.8910 64.1060  179  177.6776 19.1102 4.9136 36.7089 224.1800 0.4370 0.0200   -9.9900
20041001 1992.151627 31.8910 64.1060  181  179.6619 19.1139 4.9143 36.7105 224.1400 0.4370 0.0220   -9.9900
20041001 1992.151627 31.8910 64.1060  183  181.6463 19.1307 4.9169 36.7165 223.9900 0.4370 0.0200   -9.9900
20041001 1992.151627 31.8910 64.1060  185  183.6306 19.1426 4.9187 36.7204 223.8700 0.4400 0.0200   -9.9900
20041001 1992.151627 31.8910 64.1060  187  185.6149 19.1447 4.9191 36.7212 223.8800 0.4400 0.0210   -9.9900
20041001 1992.151627 31.8910 64.1060  189  187.5992 19.1437 4.9191 36.7212 223.9600 0.4400 0.0170   -9.9900
20041001 1992.151627 31.8910 64.1060  191  189.5834 19.1440 4.9192 36.7210 224.0400 0.4400 0.0190   -9.9900
20041001 1992.151627 31.8910 64.1060  193  191.5677 19.1385 4.9185 36.7196 224.1400 0.4400 0.0230   -9.9900
20041001 1992.151627 31.8910 64.1060  195  193.5519 19.1377 4.9185 36.7193 224.2200 0.4400 0.0200   -9.9900
20041001 1992.151627 31.8910 64.1060  197  195.5361 19.1307 4.9176 36.7176 224.2700 0.4370 0.0170   -9.9900
20041001 1992.151627 31.8910 64.1060  199  197.5203 19.1274 4.9173 36.7174 224.2300 0.4390 0.0190   -9.9900
20041001 1992.151627 31.8910 64.1060  201  199.5044 19.1279 4.9175 36.7177 224.2100 0.4370 0.0220   -9.9900
20041001 1992.151627 31.8910 64.1060  203  201.4886 19.1303 4.9179 36.7182 224.1400 0.4390 0.0190   -9.9900
20041001 1992.151627 31.8910 64.1060  205  203.4727 19.1339 4.9185 36.7192 223.9800 0.4400 0.0190   -9.9900
20041001 1992.151627 31.8910 64.1060  207  205.4568 19.1349 4.9187 36.7193 223.8000 0.4390 0.0160   -9.9900
20041001 1992.151627 31.8910 64.1060  209  207.4409 19.1232 4.9172 36.7161 223.7800 0.4380 0.0160   -9.9900
20041001 1992.151627 31.8910 64.1060  211  209.4250 19.1018 4.9145 36.7115 223.7600 0.4370 0.0180   -9.9900
20041001 1992.151627 31.8910 64.1060  213  211.4090 19.0949 4.9136 36.7090 223.7200 0.4370 0.0170   -9.9900
20041001 1992.151627 31.8910 64.1060  215  213.3930 19.0872 4.9126 36.7069 223.6600 0.4370 0.0180   -9.9900
20041001 1992.151627 31.8910 64.1060  217  215.3770 19.0662 4.9099 36.7019 223.5400 0.4360 0.0180   -9.9900
20041001 1992.151627 31.8910 64.1060  219  217.3610 19.0379 4.9061 36.6941 223.1500 0.4360 0.0190   -9.9900
20041001 1992.151627 31.8910 64.1060  221  219.3450 19.0092 4.9024 36.6879 222.8100 0.4350 0.0190   -9.9900
20041001 1992.151627 31.8910 64.1060  223  221.3290 18.9854 4.8992 36.6814 222.1900 0.4350 0.0150   -9.9900
20041001 1992.151627 31.8910 64.1060  225  223.3129 18.9580 4.8958 36.6762 221.8900 0.4350 0.0160   -9.9900
20041001 1992.151627 31.8910 64.1060  227  225.2968 18.9499 4.8947 36.6735 221.1200 0.4350 0.0160   -9.9900
20041001 1992.151627 31.8910 64.1060  229  227.2807 18.9084 4.8891 36.6625 220.3600 0.4340 0.0140   -9.9900
20041001 1992.151627 31.8910 64.1060  231  229.2646 18.8418 4.8806 36.6483 219.6600 0.4330 0.0140   -9.9900
20041001 1992.151627 31.8910 64.1060  233  231.2484 18.8117 4.8767 36.6417 218.5000 0.4330 0.0210   -9.9900
20041001 1992.151627 31.8910 64.1060  235  233.2323 18.7729 4.8718 36.6335 218.2200 0.4310 0.0200   -9.9900
20041001 1992.151627 31.8910 64.1060  237  235.2161 18.7466 4.8685 36.6289 217.2500 0.4310 0.0160   -9.9900
20041001 1992.151627 31.8910 64.1060  239  237.1999 18.7139 4.8647 36.6250 216.4600 0.4310 0.0140   -9.9900
20041001 1992.151627 31.8910 64.1060  241  239.1837 18.6616 4.8583 36.6164 215.2600 0.4310 0.0170   -9.9900
20041001 1992.151627 31.8910 64.1060  243  241.1674 18.5868 4.8490 36.6029 214.2300 0.4310 0.0190   -9.9900
20041001 1992.151627 31.8910 64.1060  245  243.1512 18.5219 4.8410 36.5921 213.6800 0.4290 0.0170   -9.9900
20041001 1992.151627 31.8910 64.1060  247  245.1349 18.4893 4.8372 36.5874 212.6900 0.4300 0.0180   -9.9900
20041001 1992.151627 31.8910 64.1060  249  247.1186 18.4784 4.8359 36.5857 211.6400 0.4280 0.0160   -9.9900
20041001 1992.151627 31.8910 64.1060  251  249.1023 18.4727 4.8352 36.5836 210.5900 0.4280 0.0180   -9.9900
20041001 1992.151627 31.8910 64.1060  253  251.0859 18.4532 4.8327 36.5795 210.1300 0.4290 0.0140   -9.9900
20041002 1992.151998 31.8920 64.1140    4    3.9721 19.6575 4.9628 36.7032 230.9200 0.4850 0.0350   -9.9900
20041002 1992.151998 31.8920 64.1140    6    5.9582 19.6353 4.9605 36.7033 231.1700 0.4850 0.0330   -9.9900
20041002 1992.151998 31.8920 64.1140    8    7.9442 19.6306 4.9601 36.7035 231.1100 0.4840 0.0360   -9.9900
20041002 1992.151998 31.8920 64.1140   10    9.9302 19.6258 4.9597 36.7033 231.0100 0.4850 0.0370   -9.9900
20041002 1992.151998 31.8920 64.1140   12   11.9162 19.6138 4.9585 36.7032 230.8900 0.4850 0.0400   -9.9900
20041002 1992.151998 31.8920 64.1140   14   13.9021 19.5919 4.9563 36.7034 230.7600 0.4860 0.0440   -9.9900
20041002 1992.151998 31.8920 64.1140   16   15.8881 19.5300 4.9498 36.7032 230.7400 0.4820 0.0510   -9.9900
20041002 1992.151998 31.8920 64.1140   18   17.8740 19.5097 4.9477 36.7024 230.6000 0.4810 0.0760   -9.9900
20041002 1992.151998 31.8920 64.1140   20   19.8599 19.4918 4.9455 36.6994 230.2700 0.4820 0.0830   -9.9900
20041002 1992.151998 31.8920 64.1140   22   21.8458 19.4373 4.9386 36.6887 229.9000 0.4800 0.0860   -9.9900
20041002 1992.151998 31.8920 64.1140   24   23.8316 19.4001 4.9338 36.6807 229.2300 0.4720 0.1070   -9.9900
20041002 1992.151998 31.8920 64.1140   26   25.8175 19.3758 4.9306 36.6742 228.5800 0.4620 0.0950   -9.9900
20041002 1992.151998 31.8920 64.1140   28   27.8033 19.3280 4.9244 36.6640 227.7800 0.4540 0.0740   -9.9900
20041002 1992.151998 31.8920 64.1140   30   29.7891 19.3029 4.9211 36.6582 226.6000 0.4500 0.0710   -9.9900
20041002 1992.151998 31.8920 64.1140   32   31.7749 19.2735 4.9173 36.6513 226.4300 0.4510 0.0800   -9.9900
20041002 1992.151998 31.8920 64.1140   34   33.7607 19.2405 4.9134 36.6472 226.2700 0.4520 0.0850   -9.9900
20041002 1992.151998 31.8920 64.1140   36   35.7464 19.2485 4.9146 36.6492 226.1400 0.4510 0.0850   -9.9900
20041002 1992.151998 31.8920 64.1140   38   37.7322 19.2681 4.9178 36.6576 226.0200 0.4510 0.1070   -9.9900
20041002 1992.151998 31.8920 64.1140   40   39.7179 19.2938 4.9218 36.6678 225.8300 0.4470 0.0960   -9.9900
20041002 1992.151998 31.8920 64.1140   42   41.7036 19.3117 4.9245 36.6736 225.5800 0.4460 0.0780   -9.9900
20041002 1992.151998 31.8920 64.1140   44   43.6892 19.3104 4.9243 36.6731 225.5300 0.4440 0.0750   -9.9900
20041002 1992.151998 31.8920 64.1140   46   45.6749 19.3053 4.9237 36.6716 225.4700 0.4410 0.0670   -9.9900
20041002 1992.151998 31.8920 64.1140   48   47.6605 19.2980 4.9228 36.6695 225.3600 0.4400 0.0610   -9.9900
20041002 1992.151998 31.8920 64.1140   50   49.6461 19.2877 4.9217 36.6683 225.1600 0.4370 0.0540   -9.9900
20041002 1992.151998 31.8920 64.1140   52   51.6317 19.2889 4.9218 36.6675 225.0000 0.4350 0.0440   -9.9900
20041002 1992.151998 31.8920 64.1140   54   53.6173 19.2811 4.9210 36.6667 224.9200 0.4350 0.0440   -9.9900
20041002 1992.151998 31.8920 64.1140   56   55.6028 19.2728 4.9198 36.6633 224.8200 0.4350 0.0540   -9.9900
20041002 1992.151998 31.8920 64.1140   58   57.5884 19.2567 4.9178 36.6605 224.7800 0.4340 0.0520   -9.9900
20041002 1992.151998 31.8920 64.1140   60   59.5739 19.2551 4.9177 36.6600 224.7400 0.4340 0.0480   -9.9900
20041002 1992.151998 31.8920 64.1140   62   61.5594 19.2607 4.9186 36.6620 224.6500 0.4340 0.0490   -9.9900
20041002 1992.151998 31.8920 64.1140   64   63.5449 19.2675 4.9197 36.6648 224.5300 0.4330 0.0440   -9.9900
20041002 1992.151998 31.8920 64.1140   66   65.5303 19.2806 4.9218 36.6697 224.3600 0.4310 0.0370   -9.9900
20041002 1992.151998 31.8920 64.1140   68   67.5158 19.2700 4.9205 36.6676 224.0900 0.4310 0.0330   -9.9900
20041002 1992.151998 31.8920 64.1140   70   69.5012 19.2578 4.9190 36.6647 223.8300 0.4310 0.0310   -9.9900
20041002 1992.151998 31.8920 64.1140   72   71.4866 19.2532 4.9184 36.6635 223.6300 0.4300 0.0210   -9.9900
20041002 1992.151998 31.8920 64.1140   74   73.4720 19.2452 4.9176 36.6625 223.5500 0.4300 0.0210   -9.9900
20041002 1992.151998 31.8920 64.1140   76   75.4573 19.2422 4.9173 36.6621 223.6000 0.4290 0.0190   -9.9900
20041002 1992.151998 31.8920 64.1140   78   77.4427 19.2399 4.9171 36.6616 223.5900 0.4300 0.0180   -9.9900
20041002 1992.151998 31.8920 64.1140   80   79.4280 19.2367 4.9169 36.6618 223.5600 0.4290 0.0180   -9.9900
20041002 1992.151998 31.8920 64.1140   82   81.4133 19.2385 4.9174 36.6637 223.2900 0.4290 0.0170   -9.9900
20041002 1992.151998 31.8920 64.1140   84   83.3986 19.2435 4.9182 36.6654 223.0300 0.4290 0.0150   -9.9900
20041002 1992.151998 31.8920 64.1140   86   85.3839 19.2405 4.9180 36.6657 222.8300 0.4290 0.0120   -9.9900
20041002 1992.151998 31.8920 64.1140   88   87.3691 19.2372 4.9177 36.6654 222.6800 0.4290 0.0110   -9.9900
20041002 1992.151998 31.8920 64.1140   90   89.3544 19.2197 4.9155 36.6615 222.6200 0.4290 0.0100   -9.9900
20041002 1992.151998 31.8920 64.1140   92   91.3396 19.2105 4.9144 36.6593 222.6700 0.4310 0.0110   -9.9900
20041002 1992.151998 31.8920 64.1140   94   93.3247 19.2063 4.9140 36.6592 222.7600 0.4310 0.0120   -9.9900
20041002 1992.151998 31.8920 64.1140   96   95.3099 19.2074 4.9146 36.6623 222.7000 0.4290 0.0120   -9.9900
20041002 1992.151998 31.8920 64.1140   98   97.2951 19.2017 4.9142 36.6632 222.5800 0.4300 0.0110   -9.9900
20041002 1992.151998 31.8920 64.1140  100   99.2802 19.1726 4.9112 36.6631 222.3500 0.4290 0.0090   -9.9900
20041002 1992.151998 31.8920 64.1140  102  101.2653 19.1485 4.9087 36.6631 221.8500 0.4310 0.0080   -9.9900
20041002 1992.151998 31.8920 64.1140  104  103.2504 19.1369 4.9076 36.6628 220.9300 0.4320 0.0130   -9.9900
20041002 1992.151998 31.8920 64.1140  106  105.2355 19.1169 4.9055 36.6625 220.9000 0.4340 0.0190   -9.9900
20041002 1992.151998 31.8920 64.1140  108  107.2205 19.0929 4.9029 36.6611 220.5900 0.4330 0.0230   -9.9900
20041002 1992.151998 31.8920 64.1140  110  109.2056 19.0757 4.9012 36.6614 220.3700 0.4310 0.0210   -9.9900
20041002 1992.151998 31.8920 64.1140  112  111.1906 19.0642 4.9002 36.6623 219.8900 0.4310 0.0200   -9.9900
20041002 1992.151998 31.8920 64.1140  114  113.1756 19.0580 4.8997 36.6622 219.8000 0.4320 0.0190   -9.9900
20041002 1992.151998 31.8920 64.1140  116  115.1606 19.0498 4.8987 36.6608 219.8200 0.4340 0.0250   -9.9900
20041002 1992.151998 31.8920 64.1140  118  117.1455 19.0434 4.8981 36.6607 220.0400 0.4350 0.0270   -9.9900
20041002 1992.151998 31.8920 64.1140  120  119.1305 19.0430 4.8982 36.6607 220.3700 0.4350 0.0310   -9.9900
20041002 1992.151998 31.8920 64.1140  122  121.1154 19.0434 4.8983 36.6608 220.7600 0.4350 0.0360   -9.9900
20041002 1992.151998 31.8920 64.1140  124  123.1003 19.0437 4.8984 36.6607 221.1900 0.4360 0.0350   -9.9900
20041002 1992.151998 31.8920 64.1140  126  125.0852 19.0360 4.8975 36.6591 221.8600 0.4370 0.0390   -9.9900
20041002 1992.151998 31.8920 64.1140  128  127.0700 19.0331 4.8972 36.6587 222.1600 0.4380 0.0370   -9.9900
20041002 1992.151998 31.8920 64.1140  130  129.0549 19.0306 4.8970 36.6580 222.4900 0.4370 0.0290   -9.9900
20041002 1992.151998 31.8920 64.1140  132  131.0397 19.0407 4.8989 36.6640 222.6200 0.4370 0.0280   -9.9900
20041002 1992.151998 31.8920 64.1140  134  133.0245 19.0484 4.9000 36.6664 222.8000 0.4380 0.0310   -9.9900
20041002 1992.151998 31.8920 64.1140  136  135.0093 19.0351 4.8984 36.6636 222.9600 0.4360 0.0290   -9.9900
20041002 1992.151998 31.8920 64.1140  138  136.9941 19.0326 4.8984 36.6647 222.9200 0.4330 0.0240   -9.9900
20041002 1992.151998 31.8920 64.1140  140  138.9788 19.0387 4.8994 36.6673 222.9300 0.4340 0.0200   -9.9900
20041002 1992.151998 31.8920 64.1140  142  140.9635 19.0623 4.9032 36.6776 222.6400 0.4350 0.0200   -9.9900
20041002 1992.151998 31.8920 64.1140  144  142.9483 19.1115 4.9106 36.6953 222.3500 0.4360 0.0230   -9.9900
20041002 1992.151998 31.8920 64.1140  146  144.9329 19.1281 4.9131 36.7011 222.1400 0.4360 0.0210   -9.9900
20041002 1992.151998 31.8920 64.1140  148  146.9176 19.1285 4.9131 36.7003 222.0000 0.4350 0.0220   -9.9900
20041002 1992.151998 31.8920 64.1140  150  148.9023 19.1137 4.9114 36.6980 222.0100 0.4350 0.0170   -9.9900
20041002 1992.151998 31.8920 64.1140  152  150.8869 19.0992 4.9095 36.6938 221.9600 0.4360 0.0170   -9.9900
20041002 1992.151998 31.8920 64.1140  154  152.8715 19.0774 4.9065 36.6875 222.0600 0.4350 0.0180   -9.9900
20041002 1992.151998 31.8920 64.1140  156  154.8561 19.0545 4.9036 36.6823 222.1300 0.4370 0.0190   -9.9900
20041002 1992.151998 31.8920 64.1140  158  156.8407 19.0662 4.9054 36.6869 222.0300 0.4370 0.0180   -9.9900
20041002 1992.151998 31.8920 64.1140  160  158.8252 19.0805 4.9077 36.6924 221.8800 0.4370 0.0160   -9.9900
20041002 1992.151998 31.8920 64.1140  162  160.8098 19.0873 4.9088 36.6949 221.7600 0.4370 0.0160   -9.9900
20041002 1992.151998 31.8920 64.1140  164  162.7943 19.0894 4.9092 36.6955 221.8100 0.4370 0.0160   -9.9900
20041002 1992.151998 31.8920 64.1140  166  164.7788 19.0900 4.9094 36.6958 221.8900 0.4370 0.0170   -9.9900
20041002 1992.151998 31.8920 64.1140  168  166.7633 19.0898 4.9095 36.6964 221.9400 0.4370 0.0190   -9.9900
20041002 1992.151998 31.8920 64.1140  170  168.7477 19.0921 4.9100 36.6978 221.8700 0.4370 0.0180   -9.9900
20041002 1992.151998 31.8920 64.1140  172  170.7322 19.0962 4.9107 36.6996 221.8300 0.4370 0.0180   -9.9900
20041002 1992.151998 31.8920 64.1140  174  172.7166 19.1037 4.9120 36.7033 221.7000 0.4380 0.0160   -9.9900
20041002 1992.151998 31.8920 64.1140  176  174.7010 19.1056 4.9125 36.7046 221.6500 0.4370 0.0170   -9.9900
20041002 1992.151998 31.8920 64.1140  178  176.6854 19.1068 4.9128 36.7056 221.7200 0.4380 0.0170   -9.9900
20041002 1992.151998 31.8920 64.1140  180  178.6697 19.0992 4.9120 36.7046 221.8000 0.4370 0.0160   -9.9900
20041002 1992.151998 31.8920 64.1140  182  180.6541 19.1036 4.9128 36.7065 221.7000 0.4390 0.0160   -9.9900
20041002 1992.151998 31.8920 64.1140  184  182.6384 19.1121 4.9143 36.7106 221.6000 0.4400 0.0180   -9.9900
20041002 1992.151998 31.8920 64.1140  186  184.6227 19.1232 4.9160 36.7145 221.6400 0.4400 0.0160   -9.9900
20041002 1992.151998 31.8920 64.1140  188  186.6070 19.1344 4.9178 36.7194 221.7000 0.4400 0.0170   -9.9900
20041002 1992.151998 31.8920 64.1140  190  188.5913 19.1459 4.9197 36.7238 221.8500 0.4400 0.0210   -9.9900
20041002 1992.151998 31.8920 64.1140  192  190.5755 19.1447 4.9196 36.7236 221.9400 0.4400 0.0210   -9.9900
20041002 1992.151998 31.8920 64.1140  194  192.5598 19.1410 4.9192 36.7230 221.9900 0.4400 0.0200   -9.9900
20041002 1992.151998 31.8920 64.1140  196  194.5440 19.1414 4.9194 36.7232 221.9000 0.4400 0.0190   -9.9900
20041002 1992.151998 31.8920 64.1140  198  196.5282 19.1426 4.9197 36.7237 221.7800 0.4400 0.0220   -9.9900
20041002 1992.151998 31.8920 64.1140  200  198.5123 19.1466 4.9204 36.7254 221.8300 0.4400 0.0240   -9.9900
20041002 1992.151998 31.8920 64.1140  202  200.4965 19.1453 4.9203 36.7252 221.9100 0.4400 0.0210   -9.9900
20041002 1992.151998 31.8920 64.1140  204  202.4806 19.1438 4.9202 36.7246 221.9900 0.4400 0.0220   -9.9900
20041002 1992.151998 31.8920 64.1140  206  204.4647 19.1392 4.9197 36.7239 222.0800 0.4400 0.0200   -9.9900
20041002 1992.151998 31.8920 64.1140  208  206.4488 19.1343 4.9192 36.7231 222.1900 0.4400 0.0180   -9.9900
20041002 1992.151998 31.8920 64.1140  210  208.4329 19.1317 4.9189 36.7228 222.2800 0.4400 0.0180   -9.9900
20041002 1992.151998 31.8920 64.1140  212  210.4170 19.1311 4.9190 36.7228 222.3400 0.4400 0.0140   -9.9900
20041002 1992.151998 31.8920 64.1140  214  212.4010 19.1296 4.9189 36.7227 222.3500 0.4400 0.0150   -9.9900
20041002 1992.151998 31.8920 64.1140  216  214.3850 19.1240 4.9182 36.7208 222.3000 0.4400 0.0150   -9.9900
20041002 1992.151998 31.8920 64.1140  218  216.3690 19.1025 4.9153 36.7148 222.2100 0.4390 0.0170   -9.9900
20041002 1992.151998 31.8920 64.1140  220  218.3530 19.0781 4.9120 36.7082 221.9900 0.4370 0.0200   -9.9900
20041002 1992.151998 31.8920 64.1140  222  220.3370 19.0622 4.9098 36.7031 221.5600 0.4370 0.0170   -9.9900
20041002 1992.151998 31.8920 64.1140  224  222.3209 19.0209 4.9043 36.6925 221.1400 0.4370 0.0150   -9.9900
20041002 1992.151998 31.8920 64.1140  226  224.3048 18.9901 4.9002 36.6848 220.4400 0.4350 0.0130   -9.9900
20041002 1992.151998 31.8920 64.1140  228  226.2887 18.9643 4.8969 36.6784 219.9700 0.4350 0.0110   -9.9900
20041002 1992.151998 31.8920 64.1140  230  228.2726 18.9120 4.8896 36.6628 219.5100 0.4340 0.0110   -9.9900
20041002 1992.151998 31.8920 64.1140  232  230.2565 18.7868 4.8731 36.6334 218.8300 0.4330 0.0100   -9.9900
20041002 1992.151998 31.8920 64.1140  234  232.2403 18.7231 4.8651 36.6222 217.8800 0.4310 0.0100   -9.9900
20041002 1992.151998 31.8920 64.1140  236  234.2242 18.6961 4.8618 36.6174 216.2800 0.4310 0.0090   -9.9900
20041002 1992.151998 31.8920 64.1140  238  236.2080 18.6804 4.8600 36.6148 215.0800 0.4310 0.0110   -9.9900
20041002 1992.151998 31.8920 64.1140  240  238.1918 18.6399 4.8550 36.6082 213.7200 0.4290 0.0100   -9.9900
20041002 1992.151998 31.8920 64.1140  242  240.1755 18.6073 4.8510 36.6023 212.2400 0.4290 0.0110   -9.9900
20041002 1992.151998 31.8920 64.1140  244  242.1593 18.5739 4.8470 36.5971 211.4200 0.4290 0.0120   -9.9900
20041002 1992.151998 31.8920 64.1140  246  244.1430 18.4933 4.8374 36.5864 210.5800 0.4280 0.0160   -9.9900
20041002 1992.151998 31.8920 64.1140  248  246.1267 18.4751 4.8354 36.5845 209.8800 0.4280 0.0150   -9.9900
20041002 1992.151998 31.8920 64.1140  250  248.1104 18.4711 4.8349 36.5830 208.4300 0.4270 0.0100   -9.9900
20041002 1992.151998 31.8920 64.1140  252  250.0941 18.4685 4.8345 36.5818 207.6000 0.4280 0.0140   -9.9900
20041002 1992.151998 31.8920 64.1140  254  252.0777 18.4587 4.8334 36.5796 207.2800 0.4270 0.0140   -9.9900
20041003 1992.152416 31.8940 64.1010    4    3.9721 19.7515 4.9723 36.7003 232.8500 0.4960 0.0450   -9.9900
20041003 1992.152416 31.8940 64.1010    6    5.9582 19.7235 4.9695 36.7009 232.6900 0.4960 0.0430   -9.9900
20041003 1992.152416 31.8940 64.1010    8    7.9442 19.7008 4.9672 36.7009 232.6800 0.4960 0.0410   -9.9900
20041003 1992.152416 31.8940 64.1010   10    9.9302 19.6764 4.9647 36.7004 232.7400 0.4960 0.0420   -9.9900
20041003 1992.152416 31.8940 64.1010   12   11.9162 19.6574 4.9627 36.6995 232.7400 0.4960 0.0440   -9.9900
20041003 1992.152416 31.8940 64.1010   14   13.9021 19.6265 4.9593 36.6977 232.7400 0.4960 0.0460   -9.9900
20041003 1992.152416 31.8940 64.1010   16   15.8881 19.6016 4.9566 36.6964 232.7600 0.4930 0.0470   -9.9900
20041003 1992.152416 31.8940 64.1010   18   17.8740 19.5466 4.9504 36.6922 232.8900 0.4950 0.0590   -9.9900
20041003 1992.152416 31.8940 64.1010   20   19.8599 19.4610 4.9412 36.6901 233.1100 0.5050 0.0710   -9.9900
20041003 1992.152416 31.8940 64.1010   22   21.8458 19.4374 4.9387 36.6898 232.9300 0.5060 0.0980   -9.9900
20041003 1992.152416 31.8940 64.1010   24   23.8316 19.4194 4.9367 36.6877 232.5400 0.4960 0.1190   -9.9900
20041003 1992.152416 31.8940 64.1010   26   25.8175 19.4037 4.9347 36.6843 232.2800 0.4870 0.1200   -9.9900
20041003 1992.152416 31.8940 64.1010   28   27.8033 19.3723 4.9307 36.6777 231.6600 0.4750 0.1180   -9.9900
20041003 1992.152416 31.8940 64.1010   30   29.7891 19.3364 4.9260 36.6696 230.8800 0.4620 0.1120   -9.9900
20041003 1992.152416 31.8940 64.1010   32   31.7749 19.3132 4.9231 36.6644 230.0800 0.4540 0.0970   -9.9900
20041003 1992.152416 31.8940 64.1010   34   33.7607 19.2928 4.9203 36.6581 228.8800 0.4480 0.0790   -9.9900
20041003 1992.152416 31.8940 64.1010   36   35.7464 19.2682 4.9172 36.6532 228.4400 0.4490 0.0760   -9.9900
20041003 1992.152416 31.8940 64.1010   38   37.7321 19.2585 4.9158 36.6499 227.9200 0.4500 0.0800   -9.9900
20041003 1992.152416 31.8940 64.1010   40   39.7179 19.2511 4.9150 36.6489 227.5900 0.4530 0.0900   -9.9900
20041003 1992.152416 31.8940 64.1010   42   41.7035 19.2512 4.9151 36.6486 227.4800 0.4550 0.1020   -9.9900
20041003 1992.152416 31.8940 64.1010   44   43.6892 19.2516 4.9153 36.6489 227.6400 0.4550 0.1140   -9.9900
20041003 1992.152416 31.8940 64.1010   46   45.6749 19.2618 4.9171 36.6547 227.7100 0.4560 0.1130   -9.9900
20041003 1992.152416 31.8940 64.1010   48   47.6605 19.2773 4.9196 36.6606 227.7300 0.4520 0.1150   -9.9900
20041003 1992.152416 31.8940 64.1010   50   49.6461 19.2825 4.9204 36.6624 227.7900 0.4520 0.1200   -9.9900
20041003 1992.152416 31.8940 64.1010   52   51.6317 19.2897 4.9217 36.6660 227.7800 0.4500 0.1200   -9.9900
20041003 1992.152416 31.8940 64.1010   54   53.6173 19.2922 4.9222 36.6672 227.7100 0.4460 0.1150   -9.9900
20041003 1992.152416 31.8940 64.1010   56   55.6028 19.2908 4.9221 36.6672 227.5600 0.4470 0.1140   -9.9900
20041003 1992.152416 31.8940 64.1010   58   57.5884 19.2886 4.9220 36.6671 227.3500 0.4460 0.1110   -9.9900
20041003 1992.152416 31.8940 64.1010   60   59.5739 19.2813 4.9212 36.6661 227.0900 0.4420 0.0970   -9.9900
20041003 1992.152416 31.8940 64.1010   62   61.5594 19.2577 4.9182 36.6610 226.9000 0.4360 0.0790   -9.9900
20041003 1992.152416 31.8940 64.1010   64   63.5449 19.2445 4.9165 36.6575 226.7300 0.4340 0.0670   -9.9900
20041003 1992.152416 31.8940 64.1010   66   65.5303 19.2361 4.9154 36.6552 226.5000 0.4330 0.0550   -9.9900
20041003 1992.152416 31.8940 64.1010   68   67.5158 19.2318 4.9150 36.6552 226.3800 0.4320 0.0480   -9.9900
20041003 1992.152416 31.8940 64.1010   70   69.5012 19.2391 4.9161 36.6574 226.1600 0.4320 0.0430   -9.9900
20041003 1992.152416 31.8940 64.1010   72   71.4866 19.2451 4.9172 36.6599 225.9700 0.4310 0.0360   -9.9900
20041003 1992.152416 31.8940 64.1010   74   73.4720 19.2568 4.9190 36.6640 225.8000 0.4310 0.0350   -9.9900
20041003 1992.152416 31.8940 64.1010   76   75.4573 19.2626 4.9199 36.6660 225.5500 0.4330 0.0290   -9.9900
20041003 1992.152416 31.8940 64.1010   78   77.4427 19.2634 4.9201 36.6662 225.4300 0.4310 0.0290   -9.9900
20041003 1992.152416 31.8940 64.1010   80   79.4280 19.2690 4.9210 36.6681 225.1900 0.4320 0.0320   -9.9900
20041003 1992.152416 31.8940 64.1010   82   81.4133 19.2739 4.9219 36.6702 225.1700 0.4330 0.0400   -9.9900
20041003 1992.152416 31.8940 64.1010   84   83.3986 19.2749 4.9221 36.6705 225.1600 0.4330 0.0420   -9.9900
20041003 1992.152416 31.8940 64.1010   86   85.3839 19.2752 4.9222 36.6705 225.1100 0.4320 0.0390   -9.9900
20041003 1992.152416 31.8940 64.1010   88   87.3691 19.2635 4.9208 36.6679 225.0600 0.4300 0.0330   -9.9900
20041003 1992.152416 31.8940 64.1010   90   89.3543 19.2484 4.9190 36.6655 225.0100 0.4300 0.0290   -9.9900
20041003 1992.152416 31.8940 64.1010   92   91.3395 19.2442 4.9186 36.6653 224.7200 0.4290 0.0220   -9.9900
20041003 1992.152416 31.8940 64.1010   94   93.3247 19.2389 4.9181 36.6651 224.4900 0.4290 0.0190   -9.9900
20041003 1992.152416 31.8940 64.1010   96   95.3099 19.2377 4.9181 36.6648 224.2600 0.4290 0.0180   -9.9900
20041003 1992.152416 31.8940 64.1010   98   97.2951 19.2332 4.9176 36.6643 224.1600 0.4290 0.0150   -9.9900
20041003 1992.152416 31.8940 64.1010  100   99.2802 19.2254 4.9168 36.6635 224.1400 0.4290 0.0120   -9.9900
20041003 1992.152416 31.8940 64.1010  102  101.2653 19.2231 4.9167 36.6637 224.0700 0.4290 0.0150   -9.9900
20041003 1992.152416 31.8940 64.1010  104  103.2504 19.2188 4.9164 36.6642 223.9600 0.4290 0.0140   -9.9900
20041003 1992.152416 31.8940 64.1010  106  105.2355 19.2145 4.9160 36.6643 223.7200 0.4290 0.0110   -9.9900
20041003 1992.152416 31.8940 64.1010  108  107.2205 19.2063 4.9153 36.6645 223.4100 0.4270 0.0070   -9.9900
20041003 1992.152416 31.8940 64.1010  110  109.2056 19.1868 4.9133 36.6643 223.0200 0.4270 0.0070   -9.9900
20041003 1992.152416 31.8940 64.1010  112  111.1906 19.1679 4.9111 36.6621 222.3700 0.4280 0.0070   -9.9900
20041003 1992.152416 31.8940 64.1010  114  113.1756 19.1522 4.9095 36.6613 221.7600 0.4290 0.0080   -9.9900
20041003 1992.152416 31.8940 64.1010  116  115.1606 19.1407 4.9083 36.6613 221.4700 0.4280 0.0090   -9.9900
20041003 1992.152416 31.8940 64.1010  118  117.1455 19.1304 4.9074 36.6615 221.2600 0.4310 0.0130   -9.9900
20041003 1992.152416 31.8940 64.1010  120  119.1305 19.1250 4.9069 36.6616 220.9000 0.4320 0.0200   -9.9900
20041003 1992.152416 31.8940 64.1010  122  121.1154 19.1148 4.9059 36.6617 220.7900 0.4330 0.0230   -9.9900
20041003 1992.152416 31.8940 64.1010  124  123.1003 19.1017 4.9047 36.6622 220.7200 0.4330 0.0290   -9.9900
20041003 1992.152416 31.8940 64.1010  126  125.0852 19.0838 4.9032 36.6643 220.7900 0.4330 0.0290   -9.9900
20041003 1992.152416 31.8940 64.1010  128  127.0700 19.0773 4.9026 36.6643 220.9100 0.4350 0.0320   -9.9900
20041003 1992.152416 31.8940 64.1010  130  129.0549 19.0680 4.9015 36.6625 221.2600 0.4380 0.0400   -9.9900
20041003 1992.152416 31.8940 64.1010  132  131.0397 19.0369 4.8974 36.6547 221.7300 0.4380 0.0440   -9.9900
20041003 1992.152416 31.8940 64.1010  134  133.0245 19.0158 4.8945 36.6489 222.2500 0.4400 0.0450   -9.9900
20041003 1992.152416 31.8940 64.1010  136  135.0093 19.0125 4.8942 36.6484 222.9400 0.4390 0.0460   -9.9900
20041003 1992.152416 31.8940 64.1010  138  136.9940 19.0196 4.8954 36.6517 223.3300 0.4370 0.0460   -9.9900
20041003 1992.152416 31.8940 64.1010  140  138.9788 19.0240 4.8963 36.6538 223.6500 0.4360 0.0440   -9.9900
20041003 1992.152416 31.8940 64.1010  142  140.9635 19.0252 4.8965 36.6545 223.7500 0.4350 0.0410   -9.9900
20041003 1992.152416 31.8940 64.1010  144  142.9482 19.0258 4.8967 36.6546 223.7100 0.4350 0.0370   -9.9900
20041003 1992.152416 31.8940 64.1010  146  144.9329 19.0193 4.8960 36.6532 223.7000 0.4340 0.0310   -9.9900
20041003 1992.152416 31.8940 64.1010  148  146.9176 19.0124 4.8951 36.6517 223.6800 0.4330 0.0270   -9.9900
20041003 1992.152416 31.8940 64.1010  150  148.9022 19.0109 4.8951 36.6515 223.5800 0.4340 0.0250   -9.9900
20041003 1992.152416 31.8940 64.1010  152  150.8869 19.0155 4.8959 36.6538 223.4800 0.4350 0.0230   -9.9900
20041003 1992.152416 31.8940 64.1010  154  152.8715 19.0202 4.8966 36.6552 223.4600 0.4350 0.0240   -9.9900
20041003 1992.152416 31.8940 64.1010  156  154.8561 19.0229 4.8972 36.6569 223.4500 0.4360 0.0260   -9.9900
20041003 1992.152416 31.8940 64.1010  158  156.8407 19.0266 4.8979 36.6587 223.4000 0.4350 0.0260   -9.9900
20041003 1992.152416 31.8940 64.1010  160  158.8252 19.0383 4.8997 36.6630 223.4000 0.4350 0.0250   -9.9900
20041003 1992.152416 31.8940 64.1010  162  160.8098 19.0894 4.9076 36.6835 223.3100 0.4370 0.0260   -9.9900
20041003 1992.152416 31.8940 64.1010  164  162.7943 19.1309 4.9138 36.6978 223.2300 0.4370 0.0250   -9.9900
20041003 1992.152416 31.8940 64.1010  166  164.7788 19.1259 4.9133 36.6974 223.2200 0.4370 0.0260   -9.9900
20041003 1992.152416 31.8940 64.1010  168  166.7632 19.1131 4.9116 36.6935 223.2400 0.4370 0.0260   -9.9900
20041003 1992.152416 31.8940 64.1010  170  168.7477 19.0933 4.9090 36.6888 223.1600 0.4360 0.0250   -9.9900
20041003 1992.152416 31.8940 64.1010  172  170.7321 19.0786 4.9070 36.6838 223.0700 0.4400 0.0220   -9.9900
20041003 1992.152416 31.8940 64.1010  174  172.7166 19.0637 4.9052 36.6812 223.0800 0.4370 0.0240   -9.9900
20041003 1992.152416 31.8940 64.1010  176  174.7010 19.0675 4.9059 36.6827 222.9800 0.4370 0.0280   -9.9900
20041003 1992.152416 31.8940 64.1010  178  176.6854 19.0951 4.9101 36.6933 222.8500 0.4380 0.0260   -9.9900
20041003 1992.152416 31.8940 64.1010  180  178.6697 19.1073 4.9120 36.6978 222.8200 0.4400 0.0290   -9.9900
20041003 1992.152416 31.8940 64.1010  182  180.6541 19.1183 4.9138 36.7017 222.8700 0.4410 0.0330   -9.9900
20041003 1992.152416 31.8940 64.1010  184  182.6384 19.1216 4.9144 36.7032 222.9300 0.4410 0.0300   -9.9900
20041003 1992.152416 31.8940 64.1010  186  184.6227 19.1305 4.9157 36.7060 222.9900 0.4420 0.0300   -9.9900
20041003 1992.152416 31.8940 64.1010  188  186.6070 19.1217 4.9145 36.7029 223.0600 0.4420 0.0330   -9.9900
20041003 1992.152416 31.8940 64.1010  190  188.5912 19.0905 4.9104 36.6952 223.1300 0.4400 0.0310   -9.9900
20041003 1992.152416 31.8940 64.1010  192  190.5755 19.0869 4.9101 36.6948 223.1300 0.4400 0.0320   -9.9900
20041003 1992.152416 31.8940 64.1010  194  192.5597 19.0960 4.9115 36.6980 223.0800 0.4400 0.0330   -9.9900
20041003 1992.152416 31.8940 64.1010  196  194.5439 19.1094 4.9136 36.7030 223.0400 0.4370 0.0320   -9.9900
20041003 1992.152416 31.8940 64.1010  198  196.5281 19.1165 4.9147 36.7053 222.8800 0.4380 0.0300   -9.9900
20041003 1992.152416 31.8940 64.1010  200  198.5123 19.1225 4.9159 36.7090 222.8100 0.4370 0.0270   -9.9900
20041003 1992.152416 31.8940 64.1010  202  200.4965 19.1251 4.9164 36.7101 222.6700 0.4370 0.0250   -9.9900
20041003 1992.152416 31.8940 64.1010  204  202.4806 19.1143 4.9152 36.7087 222.6000 0.4370 0.0240   -9.9900
20041003 1992.152416 31.8940 64.1010  206  204.4647 19.1148 4.9153 36.7088 222.4500 0.4370 0.0250   -9.9900
20041003 1992.152416 31.8940 64.1010  208  206.4488 19.1158 4.9156 36.7094 222.3900 0.4370 0.0240   -9.9900
20041003 1992.152416 31.8940 64.1010  210  208.4329 19.1199 4.9163 36.7107 222.3300 0.4370 0.0220   -9.9900
20041003 1992.152416 31.8940 64.1010  212  210.4169 19.1221 4.9167 36.7120 222.3800 0.4380 0.0250   -9.9900
20041003 1992.152416 31.8940 64.1010  214  212.4010 19.1276 4.9177 36.7148 222.4300 0.4400 0.0250   -9.9900
20041003 1992.152416 31.8940 64.1010  216  214.3850 19.1258 4.9178 36.7165 222.5200 0.4400 0.0220   -9.9900
20041003 1992.152416 31.8940 64.1010  218  216.3690 19.1271 4.9182 36.7174 222.4900 0.4390 0.0220   -9.9900
20041003 1992.152416 31.8940 64.1010  220  218.3530 19.1317 4.9190 36.7194 222.4300 0.4370 0.0220   -9.9900
20041003 1992.152416 31.8940 64.1010  222  220.3369 19.1332 4.9192 36.7193 222.3900 0.4380 0.0220   -9.9900
20041003 1992.152416 31.8940 64.1010  224  222.3209 19.1302 4.9189 36.7189 222.2300 0.4380 0.0220   -9.9900
20041003 1992.152416 31.8940 64.1010  226  224.3048 19.1279 4.9187 36.7182 222.1700 0.4370 0.0220   -9.9900
20041003 1992.152416 31.8940 64.1010  228  226.2887 19.1240 4.9182 36.7170 222.1400 0.4380 0.0220   -9.9900
20041003 1992.152416 31.8940 64.1010  230  228.2726 19.0941 4.9141 36.7078 222.1200 0.4370 0.0240   -9.9900
20041003 1992.152416 31.8940 64.1010  232  230.2564 19.0554 4.9090 36.6986 222.1000 0.4360 0.0240   -9.9900
20041003 1992.152416 31.8940 64.1010  234  232.2403 19.0240 4.9048 36.6899 221.8000 0.4360 0.0220   -9.9900
20041003 1992.152416 31.8940 64.1010  236  234.2241 18.9960 4.9011 36.6833 221.4100 0.4350 0.0220   -9.9900
20041003 1992.152416 31.8940 64.1010  238  236.2079 18.9648 4.8967 36.6730 221.0400 0.4350 0.0230   -9.9900
20041003 1992.152416 31.8940 64.1010  240  238.1917 18.8952 4.8878 36.6587 220.6400 0.4330 0.0250   -9.9900
20041003 1992.152416 31.8940 64.1010  242  240.1755 18.8365 4.8803 36.6471 220.2300 0.4330 0.0250   -9.9900
20041003 1992.152416 31.8940 64.1010  244  242.1592 18.7864 4.8739 36.6364 218.8500 0.4330 0.0230   -9.9900
20041003 1992.152416 31.8940 64.1010  246  244.1430 18.7549 4.8697 36.6283 217.7300 0.4330 0.0220   -9.9900
20041003 1992.152416 31.8940 64.1010  248  246.1267 18.7245 4.8656 36.6197 215.7100 0.4310 0.0210   -9.9900
20041003 1992.152416 31.8940 64.1010  250  248.1104 18.6634 4.8581 36.6092 214.9000 0.4310 0.0220   -9.9900
20041003 1992.152416 31.8940 64.1010  252  250.0940 18.6396 4.8552 36.6050 213.2300 0.4300 0.0220   -9.9900
20041004 1992.152673 31.8900 64.1030    3    2.9791 19.7356 4.9703 36.6979 231.8600 0.5050 0.1410   -9.9900
20041004 1992.152673 31.8900 64.1030    5    4.9652 19.7309 4.9700 36.6982 231.9400 0.5050 0.1350   -9.9900
20041004 1992.152673 31.8900 64.1030    7    6.9512 19.7182 4.9688 36.6987 232.0200 0.5030 0.1340   -9.9900
20041004 1992.152673 31.8900 64.1030    9    8.9372 19.7177 4.9688 36.6990 231.9800 0.5020 0.1540   -9.9900
20041004 1992.152673 31.8900 64.1030   11   10.9232 19.7175 4.9689 36.6989 231.9700 0.5020 0.1540   -9.9900
20041004 1992.152673 31.8900 64.1030   13   12.9092 19.6836 4.9653 36.6976 231.9600 0.5010 0.1300   -9.9900
20041004 1992.152673 31.8900 64.1030   15   14.8951 19.6404 4.9607 36.6967 232.0400 0.4980 0.1070   -9.9900
20041004 1992.152673 31.8900 64.1030   17   16.8810 19.6096 4.9579 36.6997 232.1600 0.5060 0.1050   -9.9900
20041004 1992.152673 31.8900 64.1030   19   18.8669 19.5900 4.9562 36.7019 232.1800 0.5090 0.1080   -9.9900
20041004 1992.152673 31.8900 64.1030   21   20.8528 19.5717 4.9542 36.7013 232.1500 0.5130 0.1140   -9.9900
20041004 1992.152673 31.8900 64.1030   23   22.8387 19.5576 4.9527 36.7002 232.1000 0.5160 0.1310   -9.9900
20041004 1992.152673 31.8900 64.1030   25   24.8246 19.5335 4.9502 36.6995 232.0600 0.5180 0.1430   -9.9900
20041004 1992.152673 31.8900 64.1030   27   26.8104 19.5194 4.9487 36.6985 231.8700 0.5140 0.1630   -9.9900
20041004 1992.152673 31.8900 64.1030   29   28.7962 19.4890 4.9453 36.6967 231.7800 0.5060 0.1720   -9.9900
20041004 1992.152673 31.8900 64.1030   31   30.7820 19.4652 4.9427 36.6947 231.5600 0.5000 0.1760   -9.9900
20041004 1992.152673 31.8900 64.1030   33   32.7678 19.4490 4.9407 36.6921 231.2200 0.5000 0.1780   -9.9900
20041004 1992.152673 31.8900 64.1030   35   34.7536 19.4312 4.9387 36.6900 230.7900 0.4940 0.1810   -9.9900
20041004 1992.152673 31.8900 64.1030   37   36.7393 19.4198 4.9374 36.6882 230.4900 0.4910 0.1780   -9.9900
20041004 1992.152673 31.8900 64.1030   39   38.7250 19.4089 4.9361 36.6864 230.2500 0.4820 0.1700   -9.9900
20041004 1992.152673 31.8900 64.1030   41   40.7107 19.3991 4.9349 36.6846 229.9800 0.4770 0.1600   -9.9900
20041004 1992.152673 31.8900 64.1030   43   42.6964 19.3878 4.9337 36.6832 229.7900 0.4730 0.1550   -9.9900
20041004 1992.152673 31.8900 64.1030   45   44.6821 19.3756 4.9321 36.6803 229.5600 0.4690 0.1540   -9.9900
20041004 1992.152673 31.8900 64.1030   47   46.6677 19.2934 4.9212 36.6605 229.2900 0.4530 0.1400   -9.9900
20041004 1992.152673 31.8900 64.1030   49   48.6533 19.2603 4.9171 36.6548 229.0700 0.4460 0.1260   -9.9900
20041004 1992.152673 31.8900 64.1030   51   50.6389 19.2547 4.9166 36.6549 228.5500 0.4430 0.1170   -9.9900
20041004 1992.152673 31.8900 64.1030   53   52.6245 19.2547 4.9169 36.6564 227.7900 0.4420 0.1090   -9.9900
20041004 1992.152673 31.8900 64.1030   55   54.6101 19.2553 4.9171 36.6566 227.5800 0.4420 0.1090   -9.9900
20041004 1992.152673 31.8900 64.1030   57   56.5956 19.2555 4.9172 36.6568 227.4900 0.4400 0.1080   -9.9900
20041004 1992.152673 31.8900 64.1030   59   58.5812 19.2557 4.9174 36.6575 227.6100 0.4410 0.1070   -9.9900
20041004 1992.152673 31.8900 64.1030   61   60.5667 19.2575 4.9180 36.6602 227.6900 0.4370 0.1020   -9.9900
20041004 1992.152673 31.8900 64.1030   63   62.5522 19.2634 4.9190 36.6627 227.7000 0.4360 0.1160   -9.9900
20041004 1992.152673 31.8900 64.1030   65   64.5376 19.2658 4.9195 36.6639 227.6600 0.4350 0.1030   -9.9900
20041004 1992.152673 31.8900 64.1030   67   66.5231 19.2632 4.9194 36.6642 227.4700 0.4330 0.0930   -9.9900
20041004 1992.152673 31.8900 64.1030   69   68.5085 19.2617 4.9193 36.6643 226.9000 0.4310 0.0740   -9.9900
20041004 1992.152673 31.8900 64.1030   71   70.4939 19.2533 4.9184 36.6630 226.6200 0.4300 0.0630   -9.9900
20041004 1992.152673 31.8900 64.1030   73   72.4793 19.2428 4.9170 36.6606 226.1900 0.4290 0.0520   -9.9900
20041004 1992.152673 31.8900 64.1030   75   74.4647 19.2398 4.9167 36.6599 225.8000 0.4280 0.0460   -9.9900
20041004 1992.152673 31.8900 64.1030   77   76.4500 19.2371 4.9165 36.6591 225.6400 0.4270 0.0440   -9.9900
20041004 1992.152673 31.8900 64.1030   79   78.4354 19.2334 4.9160 36.6577 225.4400 0.4280 0.0350   -9.9900
20041004 1992.152673 31.8900 64.1030   81   80.4207 19.2271 4.9153 36.6571 225.3000 0.4270 0.0310   -9.9900
20041004 1992.152673 31.8900 64.1030   83   82.4060 19.2290 4.9157 36.6578 225.2300 0.4280 0.0320   -9.9900
20041004 1992.152673 31.8900 64.1030   85   84.3913 19.2374 4.9170 36.6608 225.1500 0.4270 0.0330   -9.9900
20041004 1992.152673 31.8900 64.1030   87   86.3765 19.2412 4.9177 36.6625 225.0600 0.4270 0.0340   -9.9900
20041004 1992.152673 31.8900 64.1030   89   88.3618 19.2439 4.9182 36.6634 224.9800 0.4270 0.0340   -9.9900
20041004 1992.152673 31.8900 64.1030   91   90.3470 19.2395 4.9178 36.6634 224.8100 0.4270 0.0330   -9.9900
20041004 1992.152673 31.8900 64.1030   93   92.3322 19.2381 4.9178 36.6633 224.6800 0.4270 0.0330   -9.9900
20041004 1992.152673 31.8900 64.1030   95   94.3174 19.2379 4.9178 36.6631 224.5700 0.4270 0.0330   -9.9900
20041004 1992.152673 31.8900 64.1030   97   96.3025 19.2378 4.9179 36.6629 224.4400 0.4270 0.0310   -9.9900
20041004 1992.152673 31.8900 64.1030   99   98.2877 19.2376 4.9180 36.6631 224.4100 0.4270 0.0290   -9.9900
20041004 1992.152673 31.8900 64.1030  101  100.2728 19.2455 4.9194 36.6674 224.3300 0.4260 0.0240   -9.9900
20041004 1992.152673 31.8900 64.1030  103  102.2579 19.2471 4.9198 36.6681 224.1500 0.4250 0.0190   -9.9900
20041004 1992.152673 31.8900 64.1030  105  104.2430 19.2434 4.9194 36.6679 223.9000 0.4250 0.0180   -9.9900
20041004 1992.152673 31.8900 64.1030  107  106.2280 19.2384 4.9190 36.6681 223.4200 0.4250 0.0140   -9.9900
20041004 1992.152673 31.8900 64.1030  109  108.2131 19.2308 4.9183 36.6677 222.9700 0.4250 0.0140   -9.9900
20041004 1992.152673 31.8900 64.1030  111  110.1981 19.2204 4.9171 36.6663 222.7300 0.4220 0.0120   -9.9900
20041004 1992.152673 31.8900 64.1030  113  112.1831 19.2170 4.9167 36.6657 222.2400 0.4220 0.0100   -9.9900
20041004 1992.152673 31.8900 64.1030  115  114.1681 19.2131 4.9164 36.6652 221.9100 0.4230 0.0080   -9.9900
20041004 1992.152673 31.8900 64.1030  117  116.1531 19.2080 4.9159 36.6648 221.5900 0.4220 0.0090   -9.9900
20041004 1992.152673 31.8900 64.1030  119  118.1380 19.2053 4.9156 36.6645 221.0200 0.4220 0.0100   -9.9900
20041004 1992.152673 31.8900 64.1030  121  120.1230 19.2027 4.9155 36.6645 220.7600 0.4220 0.0090   -9.9900
20041004 1992.152673 31.8900 64.1030  123  122.1079 19.1970 4.9149 36.6643 220.6400 0.4240 0.0090   -9.9900
20041004 1992.152673 31.8900 64.1030  125  124.0928 19.1898 4.9143 36.6643 220.4900 0.4220 0.0070   -9.9900
20041004 1992.152673 31.8900 64.1030  127  126.0776 19.1816 4.9135 36.6643 220.5400 0.4230 0.0070   -9.9900
20041004 1992.152673 31.8900 64.1030  129  128.0625 19.1727 4.9126 36.6638 220.6400 0.4250 0.0060   -9.9900
20041004 1992.152673 31.8900 64.1030  131  130.0473 19.1642 4.9116 36.6625 220.7400 0.4250 0.0060   -9.9900
20041004 1992.152673 31.8900 64.1030  133  132.0321 19.1503 4.9101 36.6610 220.8400 0.4250 0.0060   -9.9900
20041004 1992.152673 31.8900 64.1030  135  134.0169 19.1394 4.9089 36.6604 220.8200 0.4270 0.0120   -9.9900
20041004 1992.152673 31.8900 64.1030  137  136.0017 19.1280 4.9078 36.6599 220.7400 0.4270 0.0190   -9.9900
20041004 1992.152673 31.8900 64.1030  139  137.9865 19.1137 4.9064 36.6600 220.7100 0.4280 0.0180   -9.9900
20041004 1992.152673 31.8900 64.1030  141  139.9712 19.0993 4.9050 36.6608 220.4000 0.4290 0.0180   -9.9900
20041004 1992.152673 31.8900 64.1030  143  141.9559 19.0882 4.9040 36.6609 220.2300 0.4300 0.0240   -9.9900
20041004 1992.152673 31.8900 64.1030  145  143.9406 19.0741 4.9025 36.6600 220.1300 0.4310 0.0270   -9.9900
20041004 1992.152673 31.8900 64.1030  147  145.9253 19.0631 4.9012 36.6580 220.0200 0.4320 0.0330   -9.9900
20041004 1992.152673 31.8900 64.1030  149  147.9100 19.0539 4.9002 36.6571 220.1300 0.4330 0.0330   -9.9900
20041004 1992.152673 31.8900 64.1030  151  149.8946 19.0503 4.8999 36.6571 220.3600 0.4330 0.0370   -9.9900
20041004 1992.152673 31.8900 64.1030  153  151.8792 19.0331 4.8978 36.6540 220.9400 0.4350 0.0400   -9.9900
20041004 1992.152673 31.8900 64.1030  155  153.8638 19.0175 4.8959 36.6512 221.4900 0.4350 0.0390   -9.9900
20041004 1992.152673 31.8900 64.1030  157  155.8484 19.0266 4.8974 36.6547 221.9500 0.4370 0.0410   -9.9900
20041004 1992.152673 31.8900 64.1030  159  157.8330 19.0455 4.9003 36.6616 222.7900 0.4350 0.0400   -9.9900
20041004 1992.152673 31.8900 64.1030  161  159.8175 19.0499 4.9011 36.6637 222.9900 0.4360 0.0400   -9.9900
20041004 1992.152673 31.8900 64.1030  163  161.8021 19.0450 4.9005 36.6626 223.2200 0.4350 0.0390   -9.9900
20041004 1992.152673 31.8900 64.1030  165  163.7866 19.0407 4.9000 36.6615 223.3100 0.4350 0.0410   -9.9900
20041004 1992.152673 31.8900 64.1030  167  165.7711 19.0365 4.8996 36.6611 223.2700 0.4340 0.0400   -9.9900
20041004 1992.152673 31.8900 64.1030  169  167.7555 19.0388 4.9002 36.6632 223.2600 0.4330 0.0360   -9.9900
20041004 1992.152673 31.8900 64.1030  171  169.7400 19.0463 4.9015 36.6663 223.1900 0.4320 0.0290   -9.9900
20041004 1992.152673 31.8900 64.1030  173  171.7244 19.0539 4.9029 36.6711 223.1400 0.4340 0.0270   -9.9900
20041004 1992.152673 31.8900 64.1030  175  173.7088 19.0593 4.9039 36.6737 223.0900 0.4330 0.0290   -9.9900
20041004 1992.152673 31.8900 64.1030  177  175.6932 19.0658 4.9051 36.6776 222.9700 0.4350 0.0320   -9.9900
20041004 1992.152673 31.8900 64.1030  179  177.6776 19.1006 4.9105 36.6910 222.8000 0.4370 0.0370   -9.9900
20041004 1992.152673 31.8900 64.1030  181  179.6620 19.1007 4.9107 36.6919 222.7800 0.4370 0.0390   -9.9900
20041004 1992.152673 31.8900 64.1030  183  181.6463 19.1036 4.9113 36.6939 222.7400 0.4380 0.0390   -9.9900
20041004 1992.152673 31.8900 64.1030  185  183.6306 19.1081 4.9122 36.6967 222.8100 0.4380 0.0440   -9.9900
20041004 1992.152673 31.8900 64.1030  187  185.6149 19.1112 4.9128 36.6978 222.8600 0.4370 0.0430   -9.9900
20041004 1992.152673 31.8900 64.1030  189  187.5992 19.1086 4.9126 36.6980 222.9200 0.4370 0.0400   -9.9900
20041004 1992.152673 31.8900 64.1030  191  189.5834 19.1025 4.9120 36.6979 222.8300 0.4360 0.0360   -9.9900
20041004 1992.152673 31.8900 64.1030  193  191.5677 19.1024 4.9122 36.6983 222.7500 0.4370 0.0350   -9.9900
20041004 1992.152673 31.8900 64.1030  195  193.5519 19.0997 4.9121 36.6992 222.6000 0.4350 0.0300   -9.9900
20041004 1992.152673 31.8900 64.1030  197  195.5361 19.0973 4.9120 36.6995 222.5200 0.4360 0.0280   -9.9900
20041004 1992.152673 31.8900 64.1030  199  197.5203 19.0995 4.9124 36.7007 222.4500 0.4360 0.0290   -9.9900
20041004 1992.152673 31.8900 64.1030  201  199.5044 19.1008 4.9127 36.7014 222.4300 0.4350 0.0280   -9.9900
20041004 1992.152673 31.8900 64.1030  203  201.4886 19.1011 4.9129 36.7015 222.3900 0.4350 0.0280   -9.9900
20041004 1992.152673 31.8900 64.1030  205  203.4727 19.1016 4.9131 36.7021 222.3600 0.4350 0.0300   -9.9900
20041004 1992.152673 31.8900 64.1030  207  205.4568 19.1033 4.9135 36.7030 222.4400 0.4350 0.0290   -9.9900
20041004 1992.152673 31.8900 64.1030  209  207.4409 19.1062 4.9139 36.7037 222.5100 0.4350 0.0250   -9.9900
20041004 1992.152673 31.8900 64.1030  211  209.4250 19.1098 4.9146 36.7053 222.5800 0.4350 0.0250   -9.9900
20041004 1992.152673 31.8900 64.1030  213  211.4090 19.1118 4.9150 36.7060 222.6200 0.4350 0.0260   -9.9900
20041004 1992.152673 31.8900 64.1030  215  213.3930 19.1116 4.9150 36.7059 222.5600 0.4350 0.0270   -9.9900
20041004 1992.152673 31.8900 64.1030  217  215.3771 19.1135 4.9154 36.7068 222.4600 0.4350 0.0240   -9.9900
20041004 1992.152673 31.8900 64.1030  219  217.3611 19.1192 4.9164 36.7093 222.4100 0.4350 0.0240   -9.9900
20041004 1992.152673 31.8900 64.1030  221  219.3450 19.1245 4.9173 36.7116 222.2900 0.4350 0.0250   -9.9900
20041004 1992.152673 31.8900 64.1030  223  221.3290 19.1254 4.9176 36.7123 222.3400 0.4350 0.0210   -9.9900
20041004 1992.152673 31.8900 64.1030  225  223.3129 19.1255 4.9177 36.7124 222.4000 0.4350 0.0240   -9.9900
20041004 1992.152673 31.8900 64.1030  227  225.2968 19.1127 4.9159 36.7076 222.3300 0.4350 0.0270   -9.9900
20041004 1992.152673 31.8900 64.1030  229  227.2807 19.0593 4.9085 36.6924 222.4900 0.4350 0.0290   -9.9900
20041004 1992.152673 31.8900 64.1030  231  229.2646 19.0472 4.9071 36.6904 222.4300 0.4350 0.0300   -9.9900
20041004 1992.152673 31.8900 64.1030  233  231.2484 19.0504 4.9076 36.6904 222.2600 0.4350 0.0300   -9.9900
20041004 1992.152673 31.8900 64.1030  235  233.2323 19.0389 4.9063 36.6893 222.1000 0.4350 0.0330   -9.9900
20041004 1992.152673 31.8900 64.1030  237  235.2161 19.0268 4.9049 36.6877 221.9300 0.4350 0.0320   -9.9900
20041004 1992.152673 31.8900 64.1030  239  237.1999 19.0097 4.9026 36.6828 221.8000 0.4350 0.0310   -9.9900
20041004 1992.152673 31.8900 64.1030  241  239.1837 18.9348 4.8929 36.6666 221.7500 0.4340 0.0360   -9.9900
20041004 1992.152673 31.8900 64.1030  243  241.1674 18.8710 4.8845 36.6509 221.4500 0.4330 0.0340   -9.9900
20041004 1992.152673 31.8900 64.1030  245  243.1512 18.7967 4.8750 36.6358 221.0700 0.4310 0.0360   -9.9900
20041004 1992.152673 31.8900 64.1030  247  245.1349 18.7894 4.8740 36.6336 220.5200 0.4310 0.0340   -9.9900
20041004 1992.152673 31.8900 64.1030  249  247.1186 18.7917 4.8743 36.6335 219.6400 0.4310 0.0330   -9.9900
20041004 1992.152673 31.8900 64.1030  251  249.1023 18.7208 4.8651 36.6173 218.5900 0.4300 0.0320   -9.9900
20041004 1992.152673 31.8900 64.1030  253  251.0860 18.6685 4.8589 36.6109 217.5200 0.4280 0.0300   -9.9900
20041004 1992.152673 31.8900 64.1030  255  253.0696 18.6215 4.8532 36.6028 216.1100 0.4270 0.0260   -9.9900
20041004 1992.152673 31.8900 64.1030  257  255.0532 18.5855 4.8489 36.5976 214.7200 0.4260 0.0250   -9.9900
20041004 1992.152673 31.8900 64.1030  259  257.0368 18.5606 4.8458 36.5933 213.6200 0.4250 0.0230   -9.9900
20041004 1992.152673 31.8900 64.1030  261  259.0204 18.5247 4.8415 36.5873 211.5000 0.4250 0.0230   -9.9900
20041004 1992.152673 31.8900 64.1030  263  261.0040 18.4850 4.8370 36.5835 210.8600 0.4220 0.0230   -9.9900
20041004 1992.152673 31.8900 64.1030  265  262.9875 18.4721 4.8355 36.5820 210.3400 0.4230 0.0210   -9.9900
20041004 1992.152673 31.8900 64.1030  267  264.9711 18.4465 4.8324 36.5771 209.6000 0.4230 0.0220   -9.9900
20041004 1992.152673 31.8900 64.1030  269  266.9546 18.4125 4.8285 36.5741 209.1200 0.4220 0.0240   -9.9900
20041004 1992.152673 31.8900 64.1030  271  268.9381 18.4005 4.8272 36.5726 208.7500 0.4220 0.0260   -9.9900
20041004 1992.152673 31.8900 64.1030  273  270.9216 18.3838 4.8253 36.5704 208.3800 0.4220 0.0280   -9.9900
20041004 1992.152673 31.8900 64.1030  275  272.9050 18.3703 4.8238 36.5688 208.1300 0.4210 0.0250   -9.9900
20041004 1992.152673 31.8900 64.1030  277  274.8884 18.3542 4.8221 36.5677 208.0100 0.4210 0.0220   -9.9900
20041004 1992.152673 31.8900 64.1030  279  276.8719 18.3386 4.8203 36.5654 207.8300 0.4220 0.0210   -9.9900
20041004 1992.152673 31.8900 64.1030  281  278.8553 18.3310 4.8196 36.5655 207.8400 0.4200 0.0230   -9.9900
20041004 1992.152673 31.8900 64.1030  283  280.8386 18.3195 4.8184 36.5652 207.7400 0.4200 0.0250   -9.9900
20041004 1992.152673 31.8900 64.1030  285  282.8220 18.3102 4.8175 36.5649 207.8000 0.4200 0.0250   -9.9900
20041004 1992.152673 31.8900 64.1030  287  284.8053 18.3023 4.8166 36.5637 207.8800 0.4200 0.0240   -9.9900
20041004 1992.152673 31.8900 64.1030  289  286.7887 18.2963 4.8159 36.5625 207.9700 0.4200 0.0230   -9.9900
20041004 1992.152673 31.8900 64.1030  291  288.7720 18.2810 4.8143 36.5611 208.0700 0.4200 0.0250   -9.9900
20041004 1992.152673 31.8900 64.1030  293  290.7552 18.2698 4.8131 36.5603 208.1300 0.4200 0.0270   -9.9900
20041004 1992.152673 31.8900 64.1030  295  292.7385 18.2648 4.8126 36.5597 208.1100 0.4200 0.0270   -9.9900
20041004 1992.152673 31.8900 64.1030  297  294.7218 18.2629 4.8125 36.5596 208.0600 0.4200 0.0270   -9.9900
20041004 1992.152673 31.8900 64.1030  299  296.7050 18.2569 4.8119 36.5596 208.1300 0.4200 0.0260   -9.9900
20041004 1992.152673 31.8900 64.1030  301  298.6882 18.2481 4.8110 36.5588 208.2700 0.4200 0.0250   -9.9900
20041004 1992.152673 31.8900 64.1030  303  300.6714 18.2352 4.8095 36.5563 208.3800 0.4200 0.0240   -9.9900
20041004 1992.152673 31.8900 64.1030  305  302.6545 18.2194 4.8076 36.5537 208.5300 0.4200 0.0260   -9.9900
20041004 1992.152673 31.8900 64.1030  307  304.6377 18.2117 4.8067 36.5522 208.4700 0.4200 0.0250   -9.9900
20041004 1992.152673 31.8900 64.1030  309  306.6208 18.2062 4.8061 36.5511 208.3900 0.4190 0.0250   -9.9900
20041004 1992.152673 31.8900 64.1030  311  308.6039 18.1895 4.8041 36.5478 208.2400 0.4200 0.0280   -9.9900
20041004 1992.152673 31.8900 64.1030  313  310.5870 18.1792 4.8028 36.5454 208.0200 0.4190 0.0290   -9.9900
20041004 1992.152673 31.8900 64.1030  315  312.5701 18.1774 4.8027 36.5450 207.8800 0.4190 0.0290   -9.9900
20041004 1992.152673 31.8900 64.1030  317  314.5531 18.1737 4.8022 36.5436 207.6800 0.4200 0.0300   -9.9900
20041004 1992.152673 31.8900 64.1030  319  316.5362 18.1356 4.7973 36.5352 207.4900 0.4250 0.0310   -9.9900
20041004 1992.152673 31.8900 64.1030  321  318.5192 18.1223 4.7958 36.5335 207.1100 0.4180 0.0290   -9.9900
20041004 1992.152673 31.8900 64.1030  323  320.5022 18.1229 4.7960 36.5339 206.6900 0.4190 0.0290   -9.9900
20041004 1992.152673 31.8900 64.1030  325  322.4852 18.1239 4.7963 36.5343 206.2300 0.4180 0.0290   -9.9900
20041004 1992.152673 31.8900 64.1030  327  324.4681 18.1226 4.7962 36.5344 205.9700 0.4180 0.0280   -9.9900
20041004 1992.152673 31.8900 64.1030  329  326.4511 18.1065 4.7942 36.5307 205.8100 0.4190 0.0290   -9.9900
20041004 1992.152673 31.8900 64.1030  331  328.4340 18.0823 4.7912 36.5259 205.7200 0.4180 0.0290   -9.9900
20041004 1992.152673 31.8900 64.1030  333  330.4169 18.0674 4.7895 36.5232 205.7100 0.4180 0.0290   -9.9900
20041004 1992.152673 31.8900 64.1030  335  332.3998 18.0371 4.7858 36.5185 205.6400 0.4180 0.0310   -9.9900
20041004 1992.152673 31.8900 64.1030  337  334.3826 18.0165 4.7834 36.5153 205.3800 0.4180 0.0330   -9.9900
20041004 1992.152673 31.8900 64.1030  339  336.3655 17.9954 4.7809 36.5119 204.9400 0.4180 0.0360   -9.9900
20041004 1992.152673 31.8900 64.1030  341  338.3483 17.9742 4.7784 36.5082 204.6300 0.4180 0.0380   -9.9900
20041004 1992.152673 31.8900 64.1030  343  340.3311 17.9500 4.7754 36.5040 204.3200 0.4180 0.0360   -9.9900
20041004 1992.152673 31.8900 64.1030  345  342.3139 17.9226 4.7722 36.5002 204.1000 0.4180 0.0340   -9.9900
20041004 1992.152673 31.8900 64.1030  347  344.2966 17.9151 4.7714 36.4985 203.8000 0.4180 0.0370   -9.9900
20041004 1992.152673 31.8900 64.1030  349  346.2794 17.9067 4.7704 36.4969 203.4100 0.4180 0.0340   -9.9900
20041004 1992.152673 31.8900 64.1030  351  348.2621 17.8953 4.7691 36.4949 203.0500 0.4180 0.0340   -9.9900
20041004 1992.152673 31.8900 64.1030  353  350.2448 17.8818 4.7675 36.4925 202.7400 0.4170 0.0320   -9.9900
20041004 1992.152673 31.8900 64.1030  355  352.2275 17.8793 4.7672 36.4921 202.4800 0.4170 0.0310   -9.9900
