20052001 1993.068263 31.8340 64.1710    8    7.9442 20.9901 5.1056 36.7139 217.5520 0.4420 0.3190   -9.9900
20052001 1993.068263 31.8340 64.1710   10    9.9302 20.9884 5.1055 36.7135 217.4380 0.4460 0.3170   -9.9900
20052001 1993.068263 31.8340 64.1710   12   11.9162 20.9880 5.1055 36.7137 217.5060 0.4490 0.3140   -9.9900
20052001 1993.068263 31.8340 64.1710   14   13.9022 20.9891 5.1058 36.7139 217.5060 0.4380 0.3130   -9.9900
20052001 1993.068263 31.8340 64.1710   16   15.8881 20.9878 5.1057 36.7140 217.4750 0.4360 0.3130   -9.9900
20052001 1993.068263 31.8340 64.1710   18   17.8741 20.9851 5.1055 36.7133 217.6220 0.4360 0.3160   -9.9900
20052001 1993.068263 31.8340 64.1710   20   19.8600 20.9851 5.1056 36.7133 217.4390 0.4360 0.3120   -9.9900
20052001 1993.068263 31.8340 64.1710   22   21.8459 20.9847 5.1056 36.7131 217.3810 0.4380 0.3130   -9.9900
20052001 1993.068263 31.8340 64.1710   24   23.8318 20.9838 5.1056 36.7130 217.4810 0.4390 0.3150   -9.9900
20052001 1993.068263 31.8340 64.1710   26   25.8176 20.9823 5.1055 36.7128 217.5710 0.4410 0.3120   -9.9900
20052001 1993.068263 31.8340 64.1710   28   27.8034 20.9801 5.1053 36.7127 217.4410 0.4420 0.3150   -9.9900
20052001 1993.068263 31.8340 64.1710   30   29.7893 20.9812 5.1055 36.7127 217.3730 0.4420 0.3170   -9.9900
20052001 1993.068263 31.8340 64.1710   32   31.7751 20.9711 5.1043 36.7112 217.2450 0.4420 0.3200   -9.9900
20052001 1993.068263 31.8340 64.1710   34   33.7608 20.9654 5.1038 36.7109 217.3360 0.4420 0.3190   -9.9900
20052001 1993.068263 31.8340 64.1710   36   35.7466 20.9643 5.1037 36.7108 217.6000 0.4420 0.3190   -9.9900
20052001 1993.068263 31.8340 64.1710   38   37.7323 20.9631 5.1037 36.7106 217.4380 0.4400 0.3200   -9.9900
20052001 1993.068263 31.8340 64.1710   40   39.7181 20.9635 5.1038 36.7107 217.6260 0.4410 0.3160   -9.9900
20052001 1993.068263 31.8340 64.1710   42   41.7038 20.9638 5.1040 36.7108 217.7270 0.4430 0.3140   -9.9900
20052001 1993.068263 31.8340 64.1710   44   43.6894 20.9634 5.1040 36.7107 217.7010 0.4420 0.3180   -9.9900
20052001 1993.068263 31.8340 64.1710   46   45.6751 20.9636 5.1041 36.7107 217.7340 0.4420 0.3240   -9.9900
20052001 1993.068263 31.8340 64.1710   48   47.6607 20.9624 5.1040 36.7104 217.8660 0.4420 0.3230   -9.9900
20052001 1993.068263 31.8340 64.1710   50   49.6464 20.9619 5.1041 36.7103 217.8490 0.4420 0.3220   -9.9900
20052001 1993.068263 31.8340 64.1710   52   51.6320 20.9621 5.1041 36.7101 217.9510 0.4420 0.3220   -9.9900
20052001 1993.068263 31.8340 64.1710   54   53.6175 20.9620 5.1042 36.7102 218.0770 0.4410 0.3190   -9.9900
20052001 1993.068263 31.8340 64.1710   56   55.6031 20.9605 5.1041 36.7100 218.0720 0.4400 0.3220   -9.9900
20052001 1993.068263 31.8340 64.1710   58   57.5887 20.9601 5.1042 36.7100 218.0560 0.4390 0.3230   -9.9900
20052001 1993.068263 31.8340 64.1710   60   59.5742 20.9598 5.1042 36.7099 218.1220 0.4380 0.3260   -9.9900
20052001 1993.068263 31.8340 64.1710   62   61.5597 20.9599 5.1044 36.7101 218.1180 0.4380 0.3250   -9.9900
20052001 1993.068263 31.8340 64.1710   64   63.5452 20.9579 5.1042 36.7097 218.1270 0.4380 0.3260   -9.9900
20052001 1993.068263 31.8340 64.1710   66   65.5307 20.9566 5.1041 36.7096 217.9680 0.4380 0.3270   -9.9900
20052001 1993.068263 31.8340 64.1710   68   67.5161 20.9542 5.1039 36.7093 218.1350 0.4380 0.3280   -9.9900
20052001 1993.068263 31.8340 64.1710   70   69.5015 20.9536 5.1039 36.7090 218.2440 0.4380 0.3300   -9.9900
20052001 1993.068263 31.8340 64.1710   72   71.4869 20.9526 5.1039 36.7091 218.3370 0.4340 0.3300   -9.9900
20052001 1993.068263 31.8340 64.1710   74   73.4723 20.9498 5.1036 36.7086 218.2070 0.4330 0.3320   -9.9900
20052001 1993.068263 31.8340 64.1710   76   75.4577 20.9456 5.1032 36.7080 218.3380 0.4330 0.3380   -9.9900
20052001 1993.068263 31.8340 64.1710   78   77.4431 20.9435 5.1031 36.7079 218.5310 0.4330 0.3360   -9.9900
20052001 1993.068263 31.8340 64.1710   80   79.4284 20.9414 5.1029 36.7075 218.4760 0.4330 0.3400   -9.9900
20052001 1993.068263 31.8340 64.1710   82   81.4137 20.9388 5.1027 36.7074 218.2140 0.4350 0.3450   -9.9900
20052001 1993.068263 31.8340 64.1710   84   83.3990 20.9363 5.1025 36.7070 218.1980 0.4360 0.3450   -9.9900
20052001 1993.068263 31.8340 64.1710   86   85.3843 20.9271 5.1014 36.7057 218.3770 0.4360 0.3480   -9.9900
20052001 1993.068263 31.8340 64.1710   88   87.3695 20.9198 5.1006 36.7051 218.1690 0.4340 0.3500   -9.9900
20052001 1993.068263 31.8340 64.1710   90   89.3548 20.9183 5.1006 36.7052 218.3160 0.4350 0.3490   -9.9900
20052001 1993.068263 31.8340 64.1710   92   91.3400 20.9112 5.0999 36.7048 218.4450 0.4350 0.3580   -9.9900
20052001 1993.068263 31.8340 64.1710   94   93.3252 20.9039 5.0991 36.7044 218.4830 0.4330 0.3610   -9.9900
20052001 1993.068263 31.8340 64.1710   96   95.3104 20.9006 5.0988 36.7038 218.3720 0.4330 0.3580   -9.9900
20052001 1993.068263 31.8340 64.1710   98   97.2955 20.8952 5.0982 36.7031 218.2400 0.4320 0.3560   -9.9900
20052001 1993.068263 31.8340 64.1710  100   99.2807 20.8791 5.0962 36.7001 218.0170 0.4310 0.3580   -9.9900
20052001 1993.068263 31.8340 64.1710  102  101.2658 20.8514 5.0929 36.6965 217.9500 0.4310 0.3620   -9.9900
20052001 1993.068263 31.8340 64.1710  104  103.2509 20.8411 5.0918 36.6957 217.4080 0.4290 0.3640   -9.9900
20052001 1993.068263 31.8340 64.1710  106  105.2360 20.8049 5.0878 36.6939 216.6010 0.4270 0.3590   -9.9900
20052001 1993.068263 31.8340 64.1710  108  107.2211 20.7761 5.0848 36.6936 215.8550 0.4260 0.3570   -9.9900
20052001 1993.068263 31.8340 64.1710  110  109.2061 20.6993 5.0765 36.6914 214.6510 0.4240 0.3520   -9.9900
20052001 1993.068263 31.8340 64.1710  112  111.1911 20.5682 5.0625 36.6905 213.0590 0.4210 0.3490   -9.9900
20052001 1993.068263 31.8340 64.1710  114  113.1761 20.4075 5.0431 36.6703 212.2110 0.4190 0.3510   -9.9900
20052001 1993.068263 31.8340 64.1710  116  115.1611 20.3283 5.0342 36.6653 211.4790 0.4180 0.3500   -9.9900
20052001 1993.068263 31.8340 64.1710  118  117.1461 20.2723 5.0277 36.6595 210.2240 0.4180 0.3490   -9.9900
20052001 1993.068263 31.8340 64.1710  120  119.1310 20.1586 5.0154 36.6570 208.6610 0.4160 0.3460   -9.9900
20052001 1993.068263 31.8340 64.1710  122  121.1160 20.0363 5.0016 36.6492 208.0400 0.4140 0.3440   -9.9900
20052001 1993.068263 31.8340 64.1710  124  123.1009 19.9452 4.9921 36.6494 207.0310 0.4130 0.3360   -9.9900
20052001 1993.068263 31.8340 64.1710  126  125.0858 19.8853 4.9853 36.6450 204.6430 0.4120 0.3330   -9.9900
20052001 1993.068263 31.8340 64.1710  128  127.0706 19.6544 4.9626 36.6581 203.8650 0.4120 0.3320   -9.9900
20052001 1993.068263 31.8340 64.1710  130  129.0555 19.5932 4.9567 36.6617 203.2340 0.4100 0.3340   -9.9900
20052001 1993.068263 31.8340 64.1710  132  131.0403 19.5312 4.9507 36.6658 201.7500 0.4130 0.3340   -9.9900
20052001 1993.068263 31.8340 64.1710  134  133.0252 19.4932 4.9465 36.6630 200.8980 0.4210 0.3330   -9.9900
20052001 1993.068263 31.8340 64.1710  136  135.0099 19.4330 4.9399 36.6600 200.8900 0.4050 0.3300   -9.9900
20052001 1993.068263 31.8340 64.1710  138  136.9947 19.4012 4.9358 36.6536 200.6240 0.4050 0.3260   -9.9900
20052001 1993.068263 31.8340 64.1710  140  138.9795 19.3370 4.9279 36.6433 200.3010 0.4050 0.3220   -9.9900
20052001 1993.068263 31.8340 64.1710  142  140.9642 19.2819 4.9213 36.6356 200.0620 0.4050 0.3180   -9.9900
20052001 1993.068263 31.8340 64.1710  144  142.9489 19.2690 4.9205 36.6399 200.0350 0.4050 0.3180   -9.9900
20052001 1993.068263 31.8340 64.1710  146  144.9336 19.2309 4.9164 36.6377 199.7820 0.4040 0.3140   -9.9900
20052001 1993.068263 31.8340 64.1710  148  146.9183 19.2019 4.9129 36.6335 199.5650 0.4030 0.3170   -9.9900
20052001 1993.068263 31.8340 64.1710  150  148.9030 19.1734 4.9094 36.6287 199.3140 0.4040 0.3180   -9.9900
20052001 1993.068263 31.8340 64.1710  152  150.8876 19.1218 4.9033 36.6222 199.5140 0.4050 0.3160   -9.9900
20052001 1993.068263 31.8340 64.1710  154  152.8722 19.0739 4.8978 36.6177 199.7100 0.4050 0.3200   -9.9900
20052001 1993.068263 31.8340 64.1710  156  154.8569 19.0240 4.8920 36.6118 199.7400 0.4040 0.3190   -9.9900
20052001 1993.068263 31.8340 64.1710  158  156.8414 18.9942 4.8886 36.6088 199.6350 0.4040 0.3140   -9.9900
20052001 1993.068263 31.8340 64.1710  160  158.8260 18.9533 4.8845 36.6099 199.5020 0.4030 0.3150   -9.9900
20052001 1993.068263 31.8340 64.1710  162  160.8105 18.9486 4.8845 36.6129 199.3020 0.4030 0.3140   -9.9900
20052001 1993.068263 31.8340 64.1710  164  162.7951 18.9340 4.8832 36.6141 199.2130 0.4030 0.3120   -9.9900
20052001 1993.068263 31.8340 64.1710  166  164.7796 18.9046 4.8797 36.6102 198.7620 0.4030 0.3130   -9.9900
20052001 1993.068263 31.8340 64.1710  168  166.7641 18.8645 4.8752 36.6068 198.5100 0.4030 0.3110   -9.9900
20052001 1993.068263 31.8340 64.1710  170  168.7485 18.8342 4.8720 36.6059 198.6620 0.4030 0.3090   -9.9900
20052001 1993.068263 31.8340 64.1710  172  170.7330 18.7979 4.8681 36.6041 198.8770 0.4020 0.3050   -9.9900
20052001 1993.068263 31.8340 64.1710  174  172.7174 18.7881 4.8671 36.6040 198.9590 0.4020 0.3040   -9.9900
20052001 1993.068263 31.8340 64.1710  176  174.7018 18.7757 4.8659 36.6037 199.3800 0.4020 0.3090   -9.9900
20052001 1993.068263 31.8340 64.1710  178  176.6862 18.7592 4.8641 36.6029 199.3460 0.4010 0.3060   -9.9900
20052001 1993.068263 31.8340 64.1710  180  178.6706 18.7450 4.8627 36.6026 199.4190 0.4010 0.3000   -9.9900
20052001 1993.068263 31.8340 64.1710  182  180.6550 18.7312 4.8612 36.6013 199.4450 0.4010 0.3020   -9.9900
20052001 1993.068263 31.8340 64.1710  184  182.6393 18.7194 4.8600 36.6009 199.5970 0.4010 0.3020   -9.9900
20052001 1993.068263 31.8340 64.1710  186  184.6236 18.7038 4.8584 36.6005 199.8450 0.4010 0.2990   -9.9900
20052001 1993.068263 31.8340 64.1710  188  186.6079 18.6888 4.8570 36.6009 199.7390 0.4010 0.2940   -9.9900
20052001 1993.068263 31.8340 64.1710  190  188.5922 18.6802 4.8560 36.5999 199.8950 0.4000 0.2970   -9.9900
20052001 1993.068263 31.8340 64.1710  192  190.5764 18.6630 4.8541 36.5983 200.1580 0.3980 0.2980   -9.9900
20052001 1993.068263 31.8340 64.1710  194  192.5607 18.6430 4.8520 36.5968 200.3090 0.3980 0.3000   -9.9900
20052001 1993.068263 31.8340 64.1710  196  194.5449 18.6123 4.8487 36.5955 200.5140 0.3980 0.3000   -9.9900
20052001 1993.068263 31.8340 64.1710  198  196.5291 18.5897 4.8463 36.5944 200.7400 0.3980 0.2980   -9.9900
20052001 1993.068263 31.8340 64.1710  200  198.5133 18.5876 4.8461 36.5940 200.9230 0.3980 0.3020   -9.9900
20052001 1993.068263 31.8340 64.1710  202  200.4974 18.5758 4.8449 36.5931 201.0960 0.3980 0.3020   -9.9900
20052001 1993.068263 31.8340 64.1710  204  202.4816 18.5629 4.8435 36.5919 201.2560 0.3980 0.2990   -9.9900
20052001 1993.068263 31.8340 64.1710  206  204.4657 18.5535 4.8424 36.5906 201.1390 0.3980 0.2960   -9.9900
20052001 1993.068263 31.8340 64.1710  208  206.4498 18.5441 4.8414 36.5895 201.1290 0.3980 0.2970   -9.9900
20052001 1993.068263 31.8340 64.1710  210  208.4339 18.5342 4.8403 36.5884 201.3340 0.3980 0.2940   -9.9900
20052001 1993.068263 31.8340 64.1710  212  210.4180 18.5170 4.8384 36.5863 201.2550 0.3980 0.2970   -9.9900
20052001 1993.068263 31.8340 64.1710  214  212.4020 18.5024 4.8367 36.5848 201.4140 0.3980 0.2960   -9.9900
20052001 1993.068263 31.8340 64.1710  216  214.3860 18.4919 4.8356 36.5836 201.1740 0.3980 0.2970   -9.9900
20052001 1993.068263 31.8340 64.1710  218  216.3701 18.4741 4.8335 36.5813 201.3190 0.3980 0.2950   -9.9900
20052001 1993.068263 31.8340 64.1710  220  218.3540 18.4555 4.8315 36.5794 201.4640 0.3980 0.2940   -9.9900
20052001 1993.068263 31.8340 64.1710  222  220.3380 18.4473 4.8306 36.5783 201.5340 0.3980 0.2920   -9.9900
20052001 1993.068263 31.8340 64.1710  224  222.3220 18.4395 4.8297 36.5768 201.4230 0.3980 0.2960   -9.9900
20052001 1993.068263 31.8340 64.1710  226  224.3059 18.4373 4.8295 36.5763 201.5340 0.3980 0.3030   -9.9900
20052001 1993.068263 31.8340 64.1710  228  226.2898 18.4246 4.8280 36.5747 201.4130 0.3980 0.3050   -9.9900
20052001 1993.068263 31.8340 64.1710  230  228.2737 18.4186 4.8275 36.5750 201.7610 0.3980 0.3040   -9.9900
20052001 1993.068263 31.8340 64.1710  232  230.2576 18.4123 4.8269 36.5743 201.9020 0.3980 0.3030   -9.9900
20052001 1993.068263 31.8340 64.1710  234  232.2414 18.4028 4.8258 36.5730 201.8120 0.3980 0.3020   -9.9900
20052001 1993.068263 31.8340 64.1710  236  234.2253 18.3952 4.8251 36.5723 202.0090 0.3980 0.3020   -9.9900
20052001 1993.068263 31.8340 64.1710  238  236.2091 18.3870 4.8241 36.5710 202.2170 0.3980 0.3030   -9.9900
20052001 1993.068263 31.8340 64.1710  240  238.1929 18.3751 4.8229 36.5702 202.4600 0.3980 0.3060   -9.9900
20052001 1993.068263 31.8340 64.1710  242  240.1767 18.3578 4.8210 36.5687 202.6920 0.3980 0.3030   -9.9900
20052001 1993.068263 31.8340 64.1710  244  242.1604 18.3459 4.8197 36.5673 202.8790 0.3970 0.3050   -9.9900
20052001 1993.068263 31.8340 64.1710  246  244.1442 18.3313 4.8181 36.5660 203.1440 0.3980 0.3020   -9.9900
20052001 1993.068263 31.8340 64.1710  248  246.1279 18.3237 4.8172 36.5644 203.3260 0.3970 0.3010   -9.9900
20052001 1993.068263 31.8340 64.1710  250  248.1116 18.3094 4.8156 36.5630 203.4470 0.3970 0.3020   -9.9900
20052001 1993.068263 31.8340 64.1710  252  250.0953 18.3026 4.8148 36.5616 204.1650 0.3960 0.3020   -9.9900
