20065001 1994.159850 31.7420 64.1820    5    4.9652 19.6145 4.9377 36.5319 228.4680 0.4510 0.3300   -9.9900
20065001 1994.159850 31.7420 64.1820    7    6.9513 19.6187 4.9382 36.5319 228.2830 0.4510 0.3280   -9.9900
20065001 1994.159850 31.7420 64.1820    9    8.9373 19.6232 4.9388 36.5319 228.0820 0.4520 0.3260   -9.9900
20065001 1994.159850 31.7420 64.1820   11   10.9233 19.6224 4.9388 36.5319 228.0880 0.4480 0.3230   -9.9900
20065001 1994.159850 31.7420 64.1820   13   12.9093 19.6221 4.9388 36.5319 227.9890 0.4480 0.3250   -9.9900
20065001 1994.159850 31.7420 64.1820   15   14.8953 19.6230 4.9390 36.5320 227.6650 0.4490 0.3280   -9.9900
20065001 1994.159850 31.7420 64.1820   17   16.8812 19.6222 4.9391 36.5321 227.5520 0.4490 0.3260   -9.9900
20065001 1994.159850 31.7420 64.1820   19   18.8672 19.6208 4.9390 36.5323 227.8260 0.4480 0.3240   -9.9900
20065001 1994.159850 31.7420 64.1820   21   20.8531 19.6221 4.9392 36.5322 227.9050 0.4490 0.3260   -9.9900
20065001 1994.159850 31.7420 64.1820   23   22.8390 19.6235 4.9395 36.5321 227.5480 0.4490 0.3250   -9.9900
20065001 1994.159850 31.7420 64.1820   25   24.8249 19.6238 4.9396 36.5320 227.5020 0.4490 0.3270   -9.9900
20065001 1994.159850 31.7420 64.1820   27   26.8107 19.6244 4.9398 36.5323 227.7690 0.4480 0.3250   -9.9900
20065001 1994.159850 31.7420 64.1820   29   28.7966 19.6242 4.9398 36.5323 227.5710 0.4480 0.3260   -9.9900
20065001 1994.159850 31.7420 64.1820   31   30.7824 19.6229 4.9398 36.5323 227.5880 0.4480 0.3270   -9.9900
20065001 1994.159850 31.7420 64.1820   33   32.7682 19.6232 4.9399 36.5324 227.6700 0.4490 0.3290   -9.9900
20065001 1994.159850 31.7420 64.1820   35   34.7540 19.6236 4.9400 36.5323 227.7150 0.4480 0.3230   -9.9900
20065001 1994.159850 31.7420 64.1820   37   36.7397 19.6240 4.9402 36.5324 227.6070 0.4490 0.3250   -9.9900
20065001 1994.159850 31.7420 64.1820   39   38.7255 19.6245 4.9403 36.5323 227.4680 0.4490 0.3300   -9.9900
20065001 1994.159850 31.7420 64.1820   41   40.7112 19.6250 4.9405 36.5323 227.3670 0.4490 0.3300   -9.9900
20065001 1994.159850 31.7420 64.1820   43   42.6969 19.6256 4.9406 36.5325 227.3080 0.4500 0.3290   -9.9900
20065001 1994.159850 31.7420 64.1820   45   44.6826 19.6274 4.9410 36.5331 227.2710 0.4500 0.3300   -9.9900
20065001 1994.159850 31.7420 64.1820   47   46.6683 19.6278 4.9412 36.5335 227.2680 0.4470 0.3280   -9.9900
20065001 1994.159850 31.7420 64.1820   49   48.6539 19.6270 4.9411 36.5331 227.3970 0.4480 0.3260   -9.9900
20065001 1994.159850 31.7420 64.1820   51   50.6395 19.6263 4.9411 36.5327 227.2560 0.4480 0.3240   -9.9900
20065001 1994.159850 31.7420 64.1820   53   52.6252 19.6296 4.9417 36.5340 227.2790 0.4480 0.3230   -9.9900
20065001 1994.159850 31.7420 64.1820   55   54.6107 19.6312 4.9420 36.5345 227.1530 0.4470 0.3220   -9.9900
20065001 1994.159850 31.7420 64.1820   57   56.5963 19.6304 4.9420 36.5340 227.0950 0.4490 0.3250   -9.9900
20065001 1994.159850 31.7420 64.1820   59   58.5819 19.6303 4.9421 36.5344 227.2300 0.4460 0.3420   -9.9900
20065001 1994.159850 31.7420 64.1820   61   60.5674 19.6311 4.9422 36.5343 227.2580 0.4470 0.3440   -9.9900
20065001 1994.159850 31.7420 64.1820   63   62.5529 19.6325 4.9425 36.5347 226.7010 0.4450 0.3220   -9.9900
20065001 1994.159850 31.7420 64.1820   65   64.5384 19.6314 4.9425 36.5346 226.6660 0.4470 0.3230   -9.9900
20065001 1994.159850 31.7420 64.1820   67   66.5239 19.6307 4.9425 36.5344 226.6700 0.4470 0.3230   -9.9900
20065001 1994.159850 31.7420 64.1820   69   68.5093 19.6301 4.9425 36.5342 226.7030 0.4470 0.3230   -9.9900
20065001 1994.159850 31.7420 64.1820   71   70.4948 19.6305 4.9427 36.5345 226.6530 0.4470 0.3250   -9.9900
20065001 1994.159850 31.7420 64.1820   73   72.4802 19.6304 4.9427 36.5341 226.8510 0.4470 0.3250   -9.9900
20065001 1994.159850 31.7420 64.1820   75   74.4656 19.6296 4.9427 36.5338 226.9440 0.4460 0.3260   -9.9900
20065001 1994.159850 31.7420 64.1820   77   76.4510 19.6291 4.9428 36.5346 226.6050 0.4470 0.3280   -9.9900
20065001 1994.159850 31.7420 64.1820   79   78.4363 19.6300 4.9429 36.5342 226.7390 0.4460 0.3260   -9.9900
20065001 1994.159850 31.7420 64.1820   81   80.4217 19.6298 4.9430 36.5345 226.4820 0.4480 0.3220   -9.9900
20065001 1994.159850 31.7420 64.1820   83   82.4070 19.6303 4.9432 36.5349 226.2980 0.4470 0.3200   -9.9900
20065001 1994.159850 31.7420 64.1820   85   84.3923 19.6299 4.9433 36.5354 226.3740 0.4450 0.3250   -9.9900
20065001 1994.159850 31.7420 64.1820   87   86.3776 19.6271 4.9432 36.5359 226.4560 0.4460 0.3260   -9.9900
20065001 1994.159850 31.7420 64.1820   89   88.3628 19.6201 4.9427 36.5374 226.3620 0.4480 0.3240   -9.9900
20065001 1994.159850 31.7420 64.1820   91   90.3481 19.6020 4.9414 36.5416 225.9470 0.4440 0.3260   -9.9900
20065001 1994.159850 31.7420 64.1820   93   92.3333 19.5714 4.9390 36.5477 225.4590 0.4440 0.3280   -9.9900
20065001 1994.159850 31.7420 64.1820   95   94.3185 19.5279 4.9353 36.5538 225.0450 0.4410 0.3320   -9.9900
20065001 1994.159850 31.7420 64.1820   97   96.3037 19.4967 4.9324 36.5563 224.4980 0.4320 0.3320   -9.9900
20065001 1994.159850 31.7420 64.1820   99   98.2889 19.4804 4.9309 36.5575 223.6450 0.4290 0.3300   -9.9900
20065001 1994.159850 31.7420 64.1820  101  100.2740 19.4579 4.9288 36.5589 223.3520 0.4280 0.3300   -9.9900
20065001 1994.159850 31.7420 64.1820  103  102.2591 19.4574 4.9289 36.5593 223.3450 0.4310 0.3310   -9.9900
20065001 1994.159850 31.7420 64.1820  105  104.2442 19.4452 4.9277 36.5596 223.2400 0.4250 0.3180   -9.9900
20065001 1994.159850 31.7420 64.1820  107  106.2293 19.4372 4.9270 36.5601 222.8810 0.4240 0.3060   -9.9900
20065001 1994.159850 31.7420 64.1820  109  108.2144 19.4294 4.9264 36.5607 222.6320 0.4220 0.3020   -9.9900
20065001 1994.159850 31.7420 64.1820  111  110.1995 19.4281 4.9264 36.5611 222.4660 0.4200 0.2990   -9.9900
20065001 1994.159850 31.7420 64.1820  113  112.1845 19.4274 4.9264 36.5614 222.5660 0.4200 0.2970   -9.9900
20065001 1994.159850 31.7420 64.1820  115  114.1695 19.4268 4.9264 36.5610 222.6070 0.4200 0.2960   -9.9900
20065001 1994.159850 31.7420 64.1820  117  116.1545 19.4244 4.9262 36.5608 222.4980 0.4190 0.2940   -9.9900
20065001 1994.159850 31.7420 64.1820  119  118.1395 19.4239 4.9262 36.5608 222.2500 0.4180 0.2930   -9.9900
20065001 1994.159850 31.7420 64.1820  121  120.1244 19.4161 4.9255 36.5607 222.3350 0.4160 0.2940   -9.9900
20065001 1994.159850 31.7420 64.1820  123  122.1094 19.4103 4.9249 36.5604 222.3850 0.4140 0.2920   -9.9900
20065001 1994.159850 31.7420 64.1820  125  124.0943 19.4108 4.9251 36.5602 222.1840 0.4130 0.2970   -9.9900
20065001 1994.159850 31.7420 64.1820  127  126.0792 19.4041 4.9244 36.5600 222.1160 0.4120 0.2890   -9.9900
20065001 1994.159850 31.7420 64.1820  129  128.0641 19.3958 4.9237 36.5602 222.0710 0.4100 0.2820   -9.9900
20065001 1994.159850 31.7420 64.1820  131  130.0489 19.3934 4.9235 36.5605 222.1170 0.4100 0.2820   -9.9900
20065001 1994.159850 31.7420 64.1820  133  132.0338 19.3894 4.9233 36.5609 222.2620 0.4090 0.2880   -9.9900
20065001 1994.159850 31.7420 64.1820  135  134.0186 19.3863 4.9231 36.5615 222.0280 0.4080 0.2820   -9.9900
20065001 1994.159850 31.7420 64.1820  137  136.0034 19.3789 4.9225 36.5623 221.8330 0.4070 0.2750   -9.9900
20065001 1994.159850 31.7420 64.1820  139  137.9882 19.3744 4.9221 36.5624 221.7750 0.4060 0.2790   -9.9900
20065001 1994.159850 31.7420 64.1820  141  139.9729 19.3716 4.9219 36.5624 221.8550 0.4060 0.2800   -9.9900
20065001 1994.159850 31.7420 64.1820  143  141.9577 19.3700 4.9218 36.5623 222.0320 0.4060 0.2760   -9.9900
20065001 1994.159850 31.7420 64.1820  145  143.9424 19.3697 4.9219 36.5623 221.9490 0.4080 0.2750   -9.9900
20065001 1994.159850 31.7420 64.1820  147  145.9271 19.3675 4.9218 36.5623 222.0310 0.4050 0.2750   -9.9900
20065001 1994.159850 31.7420 64.1820  149  147.9118 19.3648 4.9216 36.5624 222.1530 0.4050 0.2750   -9.9900
20065001 1994.159850 31.7420 64.1820  151  149.8964 19.3638 4.9215 36.5623 221.9680 0.4050 0.2740   -9.9900
20065001 1994.159850 31.7420 64.1820  153  151.8811 19.3600 4.9212 36.5621 221.8500 0.4050 0.2770   -9.9900
20065001 1994.159850 31.7420 64.1820  155  153.8657 19.3571 4.9210 36.5620 221.8450 0.4040 0.2770   -9.9900
20065001 1994.159850 31.7420 64.1820  157  155.8503 19.3556 4.9209 36.5618 221.5670 0.4050 0.2720   -9.9900
20065001 1994.159850 31.7420 64.1820  159  157.8349 19.3514 4.9205 36.5612 221.5540 0.4060 0.2720   -9.9900
20065001 1994.159850 31.7420 64.1820  161  159.8195 19.3513 4.9205 36.5611 221.5180 0.4070 0.2720   -9.9900
20065001 1994.159850 31.7420 64.1820  163  161.8040 19.3515 4.9206 36.5611 221.5060 0.4050 0.2710   -9.9900
20065001 1994.159850 31.7420 64.1820  165  163.7886 19.3475 4.9202 36.5604 221.5300 0.4050 0.2730   -9.9900
20065001 1994.159850 31.7420 64.1820  167  165.7731 19.3493 4.9205 36.5607 221.2130 0.4060 0.2700   -9.9900
20065001 1994.159850 31.7420 64.1820  169  167.7576 19.3426 4.9198 36.5598 221.5510 0.4040 0.2740   -9.9900
20065001 1994.159850 31.7420 64.1820  171  169.7421 19.3366 4.9193 36.5598 221.6460 0.4040 0.2750   -9.9900
20065001 1994.159850 31.7420 64.1820  173  171.7265 19.3373 4.9195 36.5601 221.5070 0.4040 0.2710   -9.9900
20065001 1994.159850 31.7420 64.1820  175  173.7110 19.3343 4.9192 36.5600 221.2380 0.4040 0.2700   -9.9900
20065001 1994.159850 31.7420 64.1820  177  175.6954 19.3268 4.9186 36.5602 220.9030 0.4040 0.2720   -9.9900
20065001 1994.159850 31.7420 64.1820  179  177.6798 19.3102 4.9170 36.5608 220.5970 0.4030 0.2750   -9.9900
20065001 1994.159850 31.7420 64.1820  181  179.6641 19.2943 4.9154 36.5610 220.8220 0.4020 0.2740   -9.9900
20065001 1994.159850 31.7420 64.1820  183  181.6485 19.2892 4.9151 36.5616 220.5650 0.4020 0.2700   -9.9900
20065001 1994.159850 31.7420 64.1820  185  183.6328 19.2876 4.9149 36.5612 220.2810 0.4010 0.2690   -9.9900
20065001 1994.159850 31.7420 64.1820  187  185.6172 19.2746 4.9134 36.5593 220.1250 0.4010 0.2680   -9.9900
20065001 1994.159850 31.7420 64.1820  189  187.6015 19.2589 4.9116 36.5568 219.9300 0.4010 0.2660   -9.9900
20065001 1994.159850 31.7420 64.1820  191  189.5858 19.2535 4.9110 36.5564 219.8300 0.4010 0.2630   -9.9900
20065001 1994.159850 31.7420 64.1820  193  191.5700 19.2558 4.9116 36.5579 219.8380 0.4010 0.2620   -9.9900
20065001 1994.159850 31.7420 64.1820  195  193.5543 19.2556 4.9118 36.5594 219.5700 0.4010 0.2600   -9.9900
20065001 1994.159850 31.7420 64.1820  197  195.5385 19.2518 4.9117 36.5608 219.2430 0.4000 0.2600   -9.9900
20065001 1994.159850 31.7420 64.1820  199  197.5227 19.2527 4.9120 36.5618 219.2900 0.4000 0.2620   -9.9900
20065001 1994.159850 31.7420 64.1820  201  199.5069 19.2535 4.9122 36.5620 219.1590 0.4000 0.2610   -9.9900
20065001 1994.159850 31.7420 64.1820  203  201.4911 19.2542 4.9124 36.5629 218.8940 0.4000 0.2600   -9.9900
20065001 1994.159850 31.7420 64.1820  205  203.4752 19.2554 4.9126 36.5625 218.8080 0.4000 0.2580   -9.9900
20065001 1994.159850 31.7420 64.1820  207  205.4593 19.2538 4.9127 36.5636 218.6440 0.4000 0.2590   -9.9900
20065001 1994.159850 31.7420 64.1820  209  207.4434 19.2529 4.9128 36.5648 218.2500 0.4010 0.2630   -9.9900
20065001 1994.159850 31.7420 64.1820  211  209.4275 19.2539 4.9131 36.5660 217.9290 0.4010 0.2630   -9.9900
20065001 1994.159850 31.7420 64.1820  213  211.4116 19.2544 4.9136 36.5686 217.4820 0.4000 0.2630   -9.9900
20065001 1994.159850 31.7420 64.1820  215  213.3957 19.2548 4.9137 36.5688 217.1090 0.4000 0.2610   -9.9900
20065001 1994.159850 31.7420 64.1820  217  215.3797 19.2420 4.9124 36.5680 216.9720 0.3990 0.2610   -9.9900
20065001 1994.159850 31.7420 64.1820  219  217.3637 19.2399 4.9127 36.5716 216.2660 0.3990 0.2660   -9.9900
20065001 1994.159850 31.7420 64.1820  221  219.3477 19.2246 4.9124 36.5815 214.8140 0.3990 0.2640   -9.9900
20065001 1994.159850 31.7420 64.1820  223  221.3317 19.2245 4.9125 36.5824 214.1300 0.3990 0.2620   -9.9900
20065001 1994.159850 31.7420 64.1820  225  223.3156 19.2271 4.9128 36.5814 213.9750 0.3990 0.2610   -9.9900
20065001 1994.159850 31.7420 64.1820  227  225.2996 19.2283 4.9128 36.5801 212.1990 0.3990 0.2620   -9.9900
20065001 1994.159850 31.7420 64.1820  229  227.2835 19.2033 4.9116 36.5906 211.1190 0.3990 0.2610   -9.9900
20065001 1994.159850 31.7420 64.1820  231  229.2674 19.1765 4.9091 36.5928 210.2560 0.3980 0.2600   -9.9900
20065001 1994.159850 31.7420 64.1820  233  231.2513 19.1543 4.9071 36.5948 209.1010 0.3980 0.2580   -9.9900
20065001 1994.159850 31.7420 64.1820  235  233.2351 19.1447 4.9063 36.5955 208.1810 0.3980 0.2600   -9.9900
20065001 1994.159850 31.7420 64.1820  237  235.2190 19.1087 4.9032 36.6010 206.9040 0.3970 0.2600   -9.9900
20065001 1994.159850 31.7420 64.1820  239  237.2028 19.0725 4.8995 36.6009 206.1990 0.3970 0.2590   -9.9900
20065001 1994.159850 31.7420 64.1820  241  239.1866 19.0391 4.8960 36.6006 205.7160 0.3970 0.2580   -9.9900
20065001 1994.159850 31.7420 64.1820  243  241.1704 18.9928 4.8913 36.6009 204.9820 0.3960 0.2630   -9.9900
20065001 1994.159850 31.7420 64.1820  245  243.1542 18.9916 4.8912 36.6002 204.4950 0.3960 0.2620   -9.9900
20065001 1994.159850 31.7420 64.1820  247  245.1379 18.9995 4.8922 36.6009 204.5870 0.3960 0.2590   -9.9900
20065001 1994.159850 31.7420 64.1820  249  247.1216 18.9194 4.8837 36.5996 204.5070 0.3960 0.2610   -9.9900
20065001 1994.159850 31.7420 64.1820  251  249.1053 18.8750 4.8789 36.5974 204.4700 0.3950 0.2600   -9.9900
20065001 1994.159850 31.7420 64.1820  253  251.0890 18.8436 4.8755 36.5958 204.5090 0.3950 0.2610   -9.9900
20065001 1994.159850 31.7420 64.1820  255  253.0727 18.8249 4.8735 36.5949 204.2920 0.3950 0.2620   -9.9900
20065001 1994.159850 31.7420 64.1820  257  255.0564 18.8063 4.8715 36.5938 204.3060 0.3940 0.2610   -9.9900
20065001 1994.159850 31.7420 64.1820  259  257.0400 18.7758 4.8682 36.5920 204.5720 0.3940 0.2610   -9.9900
20065001 1994.159850 31.7420 64.1820  261  259.0236 18.7556 4.8661 36.5912 204.7040 0.3940 0.2640   -9.9900
20065001 1994.159850 31.7420 64.1820  263  261.0072 18.7371 4.8642 36.5906 204.8580 0.3940 0.2660   -9.9900
20065001 1994.159850 31.7420 64.1820  265  262.9908 18.7283 4.8633 36.5904 205.0060 0.3940 0.2620   -9.9900
20065001 1994.159850 31.7420 64.1820  267  264.9743 18.7203 4.8625 36.5901 205.0600 0.3940 0.2600   -9.9900
20065001 1994.159850 31.7420 64.1820  269  266.9579 18.7083 4.8613 36.5895 205.1710 0.3940 0.2610   -9.9900
20065001 1994.159850 31.7420 64.1820  271  268.9414 18.6822 4.8585 36.5883 205.4430 0.3940 0.2670   -9.9900
20065001 1994.159850 31.7420 64.1820  273  270.9249 18.6608 4.8562 36.5872 205.5160 0.3930 0.2630   -9.9900
20065001 1994.159850 31.7420 64.1820  275  272.9084 18.6558 4.8558 36.5869 205.5490 0.3930 0.2630   -9.9900
20065001 1994.159850 31.7420 64.1820  277  274.8918 18.6489 4.8551 36.5866 205.6310 0.3930 0.2610   -9.9900
20065001 1994.159850 31.7420 64.1820  279  276.8753 18.6494 4.8552 36.5866 205.7490 0.3930 0.2630   -9.9900
20065001 1994.159850 31.7420 64.1820  281  278.8587 18.6480 4.8552 36.5864 205.5160 0.3930 0.2630   -9.9900
20065001 1994.159850 31.7420 64.1820  283  280.8421 18.6385 4.8542 36.5856 205.5590 0.3930 0.2610   -9.9900
20065001 1994.159850 31.7420 64.1820  285  282.8255 18.6247 4.8527 36.5848 205.8480 0.3930 0.2640   -9.9900
20065001 1994.159850 31.7420 64.1820  287  284.8088 18.6147 4.8517 36.5845 206.0190 0.3930 0.2650   -9.9900
20065001 1994.159850 31.7420 64.1820  289  286.7922 18.6040 4.8506 36.5841 205.8890 0.3920 0.2630   -9.9900
20065001 1994.159850 31.7420 64.1820  291  288.7755 18.5922 4.8494 36.5837 206.0930 0.3930 0.2620   -9.9900
20065001 1994.159850 31.7420 64.1820  293  290.7588 18.5854 4.8488 36.5836 206.3530 0.3930 0.2620   -9.9900
20065001 1994.159850 31.7420 64.1820  295  292.7421 18.5798 4.8483 36.5837 206.4450 0.3930 0.2630   -9.9900
20065001 1994.159850 31.7420 64.1820  297  294.7254 18.5725 4.8476 36.5836 206.6170 0.3930 0.2630   -9.9900
20065001 1994.159850 31.7420 64.1820  299  296.7086 18.5655 4.8469 36.5828 206.7760 0.3930 0.2630   -9.9900
20065001 1994.159850 31.7420 64.1820  301  298.6918 18.5507 4.8453 36.5816 206.8740 0.3930 0.2630   -9.9900
20065001 1994.159850 31.7420 64.1820  303  300.6750 18.5452 4.8448 36.5815 206.7900 0.3930 0.2620   -9.9900
20065001 1994.159850 31.7420 64.1820  305  302.6582 18.5419 4.8446 36.5817 206.8160 0.3920 0.2620   -9.9900
20065001 1994.159850 31.7420 64.1820  307  304.6414 18.5369 4.8441 36.5815 206.8430 0.3930 0.2630   -9.9900
20065001 1994.159850 31.7420 64.1820  309  306.6246 18.5353 4.8441 36.5816 206.5600 0.3920 0.2640   -9.9900
20065001 1994.159850 31.7420 64.1820  311  308.6077 18.5233 4.8430 36.5822 206.7100 0.3920 0.2660   -9.9900
20065001 1994.159850 31.7420 64.1820  313  310.5908 18.5121 4.8417 36.5811 206.7430 0.3930 0.2700   -9.9900
20065001 1994.159850 31.7420 64.1820  315  312.5739 18.5058 4.8411 36.5803 206.5180 0.3920 0.2660   -9.9900
20065001 1994.159850 31.7420 64.1820  317  314.5570 18.4985 4.8403 36.5796 206.4470 0.3920 0.2650   -9.9900
20065001 1994.159850 31.7420 64.1820  319  316.5400 18.4850 4.8388 36.5778 206.3950 0.3920 0.2660   -9.9900
20065001 1994.159850 31.7420 64.1820  321  318.5231 18.4691 4.8370 36.5756 206.2740 0.3920 0.2630   -9.9900
20065001 1994.159850 31.7420 64.1820  323  320.5061 18.4587 4.8358 36.5745 206.0480 0.3920 0.2630   -9.9900
20065001 1994.159850 31.7420 64.1820  325  322.4891 18.4519 4.8351 36.5738 205.9330 0.3920 0.2630   -9.9900
20065001 1994.159850 31.7420 64.1820  327  324.4721 18.4507 4.8351 36.5736 205.9810 0.3920 0.2640   -9.9900
20065001 1994.159850 31.7420 64.1820  329  326.4551 18.4412 4.8340 36.5726 206.0500 0.3920 0.2650   -9.9900
20065001 1994.159850 31.7420 64.1820  331  328.4380 18.4218 4.8318 36.5703 206.1400 0.3920 0.2680   -9.9900
20065001 1994.159850 31.7420 64.1820  333  330.4209 18.4160 4.8312 36.5695 206.0420 0.3920 0.2680   -9.9900
20065001 1994.159850 31.7420 64.1820  335  332.4038 18.3956 4.8289 36.5672 205.9380 0.3920 0.2650   -9.9900
20065001 1994.159850 31.7420 64.1820  337  334.3867 18.3846 4.8277 36.5657 205.8680 0.3920 0.2640   -9.9900
20065001 1994.159850 31.7420 64.1820  339  336.3696 18.3733 4.8264 36.5643 205.6240 0.3920 0.2630   -9.9900
20065001 1994.159850 31.7420 64.1820  341  338.3524 18.3570 4.8246 36.5623 205.3130 0.3920 0.2630   -9.9900
20065001 1994.159850 31.7420 64.1820  343  340.3353 18.3530 4.8242 36.5618 205.4090 0.3920 0.2660   -9.9900
20065001 1994.159850 31.7420 64.1820  345  342.3181 18.3444 4.8233 36.5610 205.6980 0.3920 0.2700   -9.9900
20065001 1994.159850 31.7420 64.1820  347  344.3009 18.3335 4.8221 36.5597 205.4380 0.3920 0.2690   -9.9900
20065001 1994.159850 31.7420 64.1820  349  346.2836 18.3228 4.8209 36.5585 205.3560 0.3920 0.2670   -9.9900
20065001 1994.159850 31.7420 64.1820  351  348.2664 18.3232 4.8211 36.5587 205.7490 0.3920 0.2680   -9.9900
20065001 1994.159850 31.7420 64.1820  353  350.2491 18.3161 4.8203 36.5579 206.0060 0.3920 0.2690   -9.9900
20065001 1994.159850 31.7420 64.1820  355  352.2318 18.3217 4.8210 36.5582 205.9850 0.3920 0.2670   -9.9900
20065001 1994.159850 31.7420 64.1820  357  354.2145 18.2979 4.8184 36.5563 206.0290 0.3920 0.2620   -9.9900
20065001 1994.159850 31.7420 64.1820  359  356.1972 18.3064 4.8195 36.5568 205.5100 0.3920 0.2730   -9.9900
20065001 1994.159850 31.7420 64.1820  361  358.1799 18.2895 4.8176 36.5549 205.6120 0.3920 0.2730   -9.9900
20065001 1994.159850 31.7420 64.1820  363  360.1625 18.2796 4.8165 36.5536 205.9680 0.3920 0.2700   -9.9900
20065001 1994.159850 31.7420 64.1820  365  362.1451 18.2672 4.8151 36.5523 205.9990 0.3920 0.2690   -9.9900
20065001 1994.159850 31.7420 64.1820  367  364.1277 18.2573 4.8141 36.5515 206.1650 0.3920 0.2690   -9.9900
20065001 1994.159850 31.7420 64.1820  369  366.1103 18.2514 4.8134 36.5505 206.2410 0.3920 0.2700   -9.9900
20065001 1994.159850 31.7420 64.1820  371  368.0929 18.2637 4.8149 36.5518 205.8840 0.3920 0.2740   -9.9900
20065001 1994.159850 31.7420 64.1820  373  370.0754 18.2319 4.8113 36.5483 206.0140 0.3920 0.2730   -9.9900
20065001 1994.159850 31.7420 64.1820  375  372.0579 18.2342 4.8117 36.5485 206.2560 0.3920 0.2740   -9.9900
20065001 1994.159850 31.7420 64.1820  377  374.0404 18.2403 4.8125 36.5492 206.7230 0.3920 0.2700   -9.9900
20065001 1994.159850 31.7420 64.1820  379  376.0229 18.2219 4.8104 36.5469 206.8850 0.3920 0.2700   -9.9900
20065001 1994.159850 31.7420 64.1820  381  378.0054 18.2100 4.8090 36.5449 206.8730 0.3920 0.2720   -9.9900
20065001 1994.159850 31.7420 64.1820  383  379.9878 18.1911 4.8068 36.5426 206.9040 0.3920 0.2770   -9.9900
20065001 1994.159850 31.7420 64.1820  385  381.9703 18.1862 4.8063 36.5418 206.7490 0.3920 0.2750   -9.9900
20065001 1994.159850 31.7420 64.1820  387  383.9527 18.1817 4.8059 36.5412 206.9120 0.3920 0.2730   -9.9900
20065001 1994.159850 31.7420 64.1820  389  385.9351 18.1770 4.8054 36.5406 207.2090 0.3920 0.2740   -9.9900
20065001 1994.159850 31.7420 64.1820  391  387.9174 18.1725 4.8049 36.5400 207.3460 0.3920 0.2740   -9.9900
20065001 1994.159850 31.7420 64.1820  393  389.8998 18.1539 4.8028 36.5378 207.3230 0.3920 0.2710   -9.9900
20065001 1994.159850 31.7420 64.1820  395  391.8821 18.1397 4.8012 36.5360 207.3650 0.3920 0.2700   -9.9900
20065001 1994.159850 31.7420 64.1820  397  393.8644 18.1376 4.8011 36.5357 207.3530 0.3920 0.2720   -9.9900
20065001 1994.159850 31.7420 64.1820  399  395.8467 18.1351 4.8009 36.5354 207.3460 0.3920 0.2730   -9.9900
20065001 1994.159850 31.7420 64.1820  401  397.8290 18.1311 4.8005 36.5349 207.3400 0.3920 0.2740   -9.9900
20065001 1994.159850 31.7420 64.1820  403  399.8113 18.1272 4.8001 36.5344 207.3350 0.3920 0.2750   -9.9900
20065001 1994.159850 31.7420 64.1820  405  401.7935 18.1227 4.7997 36.5339 207.3750 0.3920 0.2750   -9.9900
20065001 1994.159850 31.7420 64.1820  407  403.7757 18.1149 4.7988 36.5330 207.5720 0.3920 0.2750   -9.9900
20065001 1994.159850 31.7420 64.1820  409  405.7579 18.1141 4.7988 36.5328 207.5860 0.3920 0.2760   -9.9900
20065001 1994.159850 31.7420 64.1820  411  407.7401 18.1143 4.7989 36.5325 207.0680 0.3920 0.2740   -9.9900
20065001 1994.159850 31.7420 64.1820  413  409.7223 18.1047 4.7979 36.5315 207.6200 0.3920 0.2740   -9.9900
20065001 1994.159850 31.7420 64.1820  415  411.7044 18.1020 4.7976 36.5312 207.8250 0.3920 0.2750   -9.9900
20065001 1994.159850 31.7420 64.1820  417  413.6865 18.1001 4.7975 36.5311 207.7500 0.3920 0.2770   -9.9900
20065001 1994.159850 31.7420 64.1820  419  415.6686 18.0970 4.7972 36.5306 207.4360 0.3920 0.2780   -9.9900
20065001 1994.159850 31.7420 64.1820  421  417.6507 18.0881 4.7962 36.5293 207.3390 0.3920 0.2810   -9.9900
20065001 1994.159850 31.7420 64.1820  423  419.6328 18.0844 4.7959 36.5288 207.3450 0.3930 0.2790   -9.9900
20065001 1994.159850 31.7420 64.1820  425  421.6148 18.0777 4.7951 36.5278 207.2480 0.3930 0.2770   -9.9900
20065001 1994.159850 31.7420 64.1820  427  423.5969 18.0574 4.7928 36.5252 207.3560 0.3920 0.2760   -9.9900
20065001 1994.159850 31.7420 64.1820  429  425.5789 18.0498 4.7920 36.5241 207.0800 0.3920 0.2770   -9.9900
20065001 1994.159850 31.7420 64.1820  431  427.5609 18.0417 4.7911 36.5228 206.8070 0.3930 0.2790   -9.9900
20065001 1994.159850 31.7420 64.1820  433  429.5428 18.0263 4.7893 36.5205 206.5740 0.3920 0.2810   -9.9900
20065001 1994.159850 31.7420 64.1820  435  431.5248 18.0173 4.7883 36.5189 206.3740 0.3920 0.2760   -9.9900
20065001 1994.159850 31.7420 64.1820  437  433.5067 18.0065 4.7870 36.5173 205.7970 0.3920 0.2760   -9.9900
20065001 1994.159850 31.7420 64.1820  439  435.4886 18.0014 4.7865 36.5165 205.6210 0.3920 0.2790   -9.9900
20065001 1994.159850 31.7420 64.1820  441  437.4705 17.9974 4.7861 36.5159 205.5920 0.3920 0.2810   -9.9900
20065001 1994.159850 31.7420 64.1820  443  439.4524 17.9923 4.7856 36.5151 205.3270 0.3920 0.2780   -9.9900
20065001 1994.159850 31.7420 64.1820  445  441.4343 17.9775 4.7839 36.5128 204.9760 0.3930 0.2730   -9.9900
20065001 1994.159850 31.7420 64.1820  447  443.4161 17.9705 4.7831 36.5116 205.1760 0.3930 0.2800   -9.9900
20065001 1994.159850 31.7420 64.1820  449  445.3979 17.9671 4.7828 36.5111 205.1300 0.3930 0.2800   -9.9900
20065001 1994.159850 31.7420 64.1820  451  447.3797 17.9601 4.7820 36.5102 205.0160 0.3930 0.2810   -9.9900
20065001 1994.159850 31.7420 64.1820  453  449.3615 17.9474 4.7806 36.5083 204.9330 0.3930 0.2840   -9.9900
20065001 1994.159850 31.7420 64.1820  455  451.3433 17.9419 4.7800 36.5076 204.7830 0.3930 0.2830   -9.9900
20065001 1994.159850 31.7420 64.1820  457  453.3250 17.9303 4.7787 36.5062 204.5780 0.3930 0.2810   -9.9900
20065001 1994.159850 31.7420 64.1820  459  455.3067 17.9295 4.7787 36.5057 204.4530 0.3930 0.2850   -9.9900
20065001 1994.159850 31.7420 64.1820  461  457.2884 17.9045 4.7758 36.5023 204.4780 0.3930 0.2860   -9.9900
20065001 1994.159850 31.7420 64.1820  463  459.2701 17.9029 4.7756 36.5016 204.2790 0.3920 0.2830   -9.9900
20065001 1994.159850 31.7420 64.1820  465  461.2518 17.8971 4.7750 36.5007 204.1610 0.3930 0.2830   -9.9900
20065001 1994.159850 31.7420 64.1820  467  463.2334 17.8796 4.7729 36.4979 204.0290 0.3930 0.2820   -9.9900
20065001 1994.159850 31.7420 64.1820  469  465.2151 17.8726 4.7721 36.4966 203.8190 0.3930 0.2840   -9.9900
20065001 1994.159850 31.7420 64.1820  471  467.1967 17.8665 4.7715 36.4956 203.7030 0.3930 0.2860   -9.9900
20065001 1994.159850 31.7420 64.1820  473  469.1783 17.8578 4.7705 36.4940 203.4610 0.3930 0.2880   -9.9900
20065001 1994.159850 31.7420 64.1820  475  471.1598 17.8404 4.7684 36.4908 203.0510 0.3930 0.2900   -9.9900
20065001 1994.159850 31.7420 64.1820  477  473.1414 17.8239 4.7664 36.4878 202.6130 0.3920 0.2880   -9.9900
20065001 1994.159850 31.7420 64.1820  479  475.1229 17.8076 4.7645 36.4850 202.0480 0.3920 0.2860   -9.9900
20065001 1994.159850 31.7420 64.1820  481  477.1044 17.7945 4.7629 36.4822 201.7730 0.3920 0.2870   -9.9900
20065001 1994.159850 31.7420 64.1820  483  479.0859 17.7954 4.7631 36.4827 201.4130 0.3930 0.2860   -9.9900
20065001 1994.159850 31.7420 64.1820  485  481.0674 17.7853 4.7619 36.4802 200.9150 0.3920 0.2890   -9.9900
20065001 1994.159850 31.7420 64.1820  487  483.0489 17.7764 4.7609 36.4789 200.7840 0.3930 0.2910   -9.9900
20065001 1994.159850 31.7420 64.1820  489  485.0303 17.7593 4.7589 36.4763 200.5540 0.3930 0.2900   -9.9900
20065001 1994.159850 31.7420 64.1820  491  487.0117 17.7398 4.7566 36.4729 200.5430 0.3920 0.2880   -9.9900
20065001 1994.159850 31.7420 64.1820  493  488.9931 17.7354 4.7561 36.4722 200.5530 0.3930 0.2890   -9.9900
20065001 1994.159850 31.7420 64.1820  495  490.9745 17.7067 4.7527 36.4680 200.9200 0.3920 0.2880   -9.9900
20065001 1994.159850 31.7420 64.1820  497  492.9559 17.7052 4.7526 36.4678 201.0520 0.3920 0.2880   -9.9900
20065001 1994.159850 31.7420 64.1820  499  494.9372 17.6991 4.7520 36.4666 201.1970 0.3930 0.2860   -9.9900
20065001 1994.159850 31.7420 64.1820  501  496.9185 17.6705 4.7485 36.4615 201.5200 0.3930 0.2870   -9.9900
20065001 1994.159850 31.7420 64.1820  503  498.8998 17.6499 4.7460 36.4573 200.8560 0.3930 0.2890   -9.9900
20065001 1994.159850 31.7420 64.1820  505  500.8811 17.6439 4.7453 36.4564 200.5480 0.3930 0.2910   -9.9900
20065001 1994.159850 31.7420 64.1820  507  502.8624 17.6344 4.7442 36.4544 200.6020 0.3920 0.2910   -9.9900
20065002 1994.160236 31.7260 64.2200    6    5.9583 19.6085 4.9376 36.5361 228.0170 0.4500 0.3090   -9.9900
20065002 1994.160236 31.7260 64.2200    8    7.9443 19.6080 4.9376 36.5356 227.7290 0.4500 0.3060   -9.9900
20065002 1994.160236 31.7260 64.2200   10    9.9303 19.6081 4.9377 36.5355 227.9070 0.4520 0.3100   -9.9900
20065002 1994.160236 31.7260 64.2200   12   11.9163 19.6093 4.9379 36.5357 228.0110 0.4520 0.3120   -9.9900
20065002 1994.160236 31.7260 64.2200   14   13.9023 19.6106 4.9382 36.5359 227.7840 0.4530 0.3360   -9.9900
20065002 1994.160236 31.7260 64.2200   16   15.8883 19.6107 4.9382 36.5357 227.7710 0.4530 0.3280   -9.9900
20065002 1994.160236 31.7260 64.2200   18   17.8742 19.6109 4.9384 36.5360 227.6910 0.4520 0.3060   -9.9900
20065002 1994.160236 31.7260 64.2200   20   19.8602 19.6111 4.9385 36.5358 227.4060 0.4530 0.3070   -9.9900
20065002 1994.160236 31.7260 64.2200   22   21.8461 19.6113 4.9386 36.5358 227.3520 0.4540 0.3060   -9.9900
20065002 1994.160236 31.7260 64.2200   24   23.8320 19.6103 4.9386 36.5358 227.3460 0.4540 0.3090   -9.9900
20065002 1994.160236 31.7260 64.2200   26   25.8178 19.6097 4.9386 36.5359 227.2860 0.4520 0.3080   -9.9900
20065002 1994.160236 31.7260 64.2200   28   27.8037 19.6108 4.9388 36.5359 227.2170 0.4530 0.3090   -9.9900
20065002 1994.160236 31.7260 64.2200   30   29.7895 19.6111 4.9389 36.5360 227.2940 0.4510 0.3080   -9.9900
20065002 1994.160236 31.7260 64.2200   32   31.7753 19.6110 4.9390 36.5359 227.2580 0.4530 0.3090   -9.9900
20065002 1994.160236 31.7260 64.2200   34   33.7611 19.6106 4.9391 36.5360 226.8320 0.4580 0.3120   -9.9900
20065002 1994.160236 31.7260 64.2200   36   35.7469 19.6105 4.9392 36.5360 226.4730 0.4520 0.3190   -9.9900
20065002 1994.160236 31.7260 64.2200   38   37.7327 19.6115 4.9394 36.5361 226.3710 0.4530 0.3210   -9.9900
20065002 1994.160236 31.7260 64.2200   40   39.7184 19.6122 4.9395 36.5362 226.6160 0.4520 0.3220   -9.9900
20065002 1994.160236 31.7260 64.2200   42   41.7041 19.6133 4.9397 36.5361 226.8630 0.4500 0.3250   -9.9900
20065002 1994.160236 31.7260 64.2200   44   43.6898 19.6139 4.9399 36.5361 226.5670 0.4510 0.3290   -9.9900
20065002 1994.160236 31.7260 64.2200   46   45.6755 19.6131 4.9399 36.5363 226.3210 0.4510 0.3340   -9.9900
20065002 1994.160236 31.7260 64.2200   48   47.6612 19.6122 4.9399 36.5366 226.2670 0.4510 0.3350   -9.9900
20065002 1994.160236 31.7260 64.2200   50   49.6468 19.6113 4.9400 36.5371 226.1700 0.4480 0.3380   -9.9900
20065002 1994.160236 31.7260 64.2200   52   51.6324 19.6117 4.9401 36.5371 225.9940 0.4490 0.3390   -9.9900
20065002 1994.160236 31.7260 64.2200   54   53.6180 19.6122 4.9403 36.5372 225.8040 0.4490 0.3440   -9.9900
20065002 1994.160236 31.7260 64.2200   56   55.6036 19.6113 4.9403 36.5374 226.0460 0.4490 0.3420   -9.9900
20065002 1994.160236 31.7260 64.2200   58   57.5892 19.6096 4.9403 36.5379 226.2480 0.4480 0.3410   -9.9900
20065002 1994.160236 31.7260 64.2200   60   59.5747 19.6084 4.9403 36.5386 226.1530 0.4480 0.3420   -9.9900
20065002 1994.160236 31.7260 64.2200   62   61.5602 19.6079 4.9404 36.5388 226.1760 0.4710 0.3430   -9.9900
20065002 1994.160236 31.7260 64.2200   64   63.5457 19.6082 4.9405 36.5387 226.1150 0.4740 0.3440   -9.9900
20065002 1994.160236 31.7260 64.2200   66   65.5312 19.6085 4.9406 36.5388 226.0290 0.4530 0.3470   -9.9900
20065002 1994.160236 31.7260 64.2200   68   67.5167 19.6084 4.9408 36.5396 225.8510 0.4490 0.3460   -9.9900
20065002 1994.160236 31.7260 64.2200   70   69.5022 19.6080 4.9410 36.5406 225.6410 0.4470 0.3450   -9.9900
20065002 1994.160236 31.7260 64.2200   72   71.4876 19.6064 4.9411 36.5419 225.5160 0.4450 0.3430   -9.9900
20065002 1994.160236 31.7260 64.2200   74   73.4730 19.5982 4.9404 36.5430 225.3050 0.4420 0.3410   -9.9900
20065002 1994.160236 31.7260 64.2200   76   75.4584 19.5896 4.9397 36.5437 224.8070 0.4430 0.3420   -9.9900
20065002 1994.160236 31.7260 64.2200   78   77.4438 19.5533 4.9366 36.5491 224.5470 0.4410 0.3440   -9.9900
20065002 1994.160236 31.7260 64.2200   80   79.4291 19.5260 4.9343 36.5535 224.2680 0.4380 0.3500   -9.9900
20065002 1994.160236 31.7260 64.2200   82   81.4144 19.5139 4.9334 36.5553 224.0040 0.4370 0.3560   -9.9900
20065002 1994.160236 31.7260 64.2200   84   83.3998 19.5058 4.9328 36.5565 223.7200 0.4350 0.3610   -9.9900
20065002 1994.160236 31.7260 64.2200   86   85.3850 19.5033 4.9326 36.5566 223.7340 0.4330 0.3540   -9.9900
20065002 1994.160236 31.7260 64.2200   88   87.3703 19.4945 4.9319 36.5573 223.3120 0.4320 0.3560   -9.9900
20065002 1994.160236 31.7260 64.2200   90   89.3556 19.4749 4.9300 36.5579 223.1360 0.4310 0.3490   -9.9900
20065002 1994.160236 31.7260 64.2200   92   91.3408 19.4589 4.9284 36.5581 222.9600 0.4280 0.3460   -9.9900
20065002 1994.160236 31.7260 64.2200   94   93.3260 19.4603 4.9286 36.5580 222.5960 0.4270 0.3390   -9.9900
20065002 1994.160236 31.7260 64.2200   96   95.3112 19.4533 4.9280 36.5583 222.3390 0.4270 0.3350   -9.9900
20065002 1994.160236 31.7260 64.2200   98   97.2964 19.4481 4.9276 36.5584 222.4170 0.4250 0.3310   -9.9900
20065002 1994.160236 31.7260 64.2200  100   99.2816 19.4332 4.9260 36.5580 222.2850 0.4220 0.3250   -9.9900
20065002 1994.160236 31.7260 64.2200  102  101.2667 19.4239 4.9253 36.5589 221.8340 0.4160 0.3150   -9.9900
20065002 1994.160236 31.7260 64.2200  104  103.2518 19.4191 4.9252 36.5616 221.5500 0.4130 0.3070   -9.9900
20065002 1994.160236 31.7260 64.2200  106  105.2369 19.4144 4.9249 36.5625 221.5120 0.4130 0.3020   -9.9900
20065002 1994.160236 31.7260 64.2200  108  107.2220 19.4100 4.9244 36.5621 221.4120 0.4120 0.2990   -9.9900
20065002 1994.160236 31.7260 64.2200  110  109.2071 19.4076 4.9242 36.5618 221.4530 0.4100 0.2960   -9.9900
20065002 1994.160236 31.7260 64.2200  112  111.1921 19.4081 4.9244 36.5619 221.6920 0.4080 0.2930   -9.9900
20065002 1994.160236 31.7260 64.2200  114  113.1771 19.4077 4.9244 36.5619 221.2710 0.4090 0.2950   -9.9900
20065002 1994.160236 31.7260 64.2200  116  115.1622 19.4064 4.9244 36.5616 221.0970 0.4080 0.2950   -9.9900
20065002 1994.160236 31.7260 64.2200  118  117.1471 19.4033 4.9241 36.5611 221.0980 0.4090 0.2940   -9.9900
20065002 1994.160236 31.7260 64.2200  120  119.1321 19.4026 4.9241 36.5609 221.1230 0.4090 0.2920   -9.9900
20065002 1994.160236 31.7260 64.2200  122  121.1171 19.3917 4.9229 36.5598 221.0240 0.4070 0.2940   -9.9900
20065002 1994.160236 31.7260 64.2200  124  123.1020 19.3862 4.9223 36.5593 220.9070 0.4060 0.2890   -9.9900
20065002 1994.160236 31.7260 64.2200  126  125.0869 19.3855 4.9223 36.5593 220.6910 0.4070 0.2850   -9.9900
20065002 1994.160236 31.7260 64.2200  128  127.0718 19.3824 4.9221 36.5591 220.4980 0.4060 0.2800   -9.9900
20065002 1994.160236 31.7260 64.2200  130  129.0567 19.3769 4.9216 36.5590 220.6070 0.4040 0.2780   -9.9900
20065002 1994.160236 31.7260 64.2200  132  131.0415 19.3726 4.9212 36.5588 220.3890 0.4050 0.2820   -9.9900
20065002 1994.160236 31.7260 64.2200  134  133.0263 19.3670 4.9207 36.5586 220.3430 0.4050 0.2810   -9.9900
20065002 1994.160236 31.7260 64.2200  136  135.0112 19.3636 4.9204 36.5585 220.3890 0.4040 0.2800   -9.9900
20065002 1994.160236 31.7260 64.2200  138  136.9959 19.3598 4.9201 36.5585 220.4710 0.4040 0.2790   -9.9900
20065002 1994.160236 31.7260 64.2200  140  138.9807 19.3588 4.9200 36.5583 220.4370 0.4040 0.2810   -9.9900
20065002 1994.160236 31.7260 64.2200  142  140.9655 19.3514 4.9194 36.5585 220.4470 0.4040 0.2830   -9.9900
20065002 1994.160236 31.7260 64.2200  144  142.9502 19.3440 4.9187 36.5587 220.6890 0.4030 0.2830   -9.9900
20065002 1994.160236 31.7260 64.2200  146  144.9349 19.3436 4.9187 36.5585 220.7660 0.4030 0.2790   -9.9900
20065002 1994.160236 31.7260 64.2200  148  146.9196 19.3386 4.9183 36.5587 220.8030 0.4040 0.2770   -9.9900
20065002 1994.160236 31.7260 64.2200  150  148.9043 19.3367 4.9182 36.5587 220.9620 0.4040 0.2800   -9.9900
20065002 1994.160236 31.7260 64.2200  152  150.8890 19.3350 4.9182 36.5593 220.6940 0.4020 0.2800   -9.9900
20065002 1994.160236 31.7260 64.2200  154  152.8736 19.3313 4.9180 36.5600 220.4690 0.4040 0.2750   -9.9900
20065002 1994.160236 31.7260 64.2200  156  154.8582 19.3285 4.9178 36.5605 220.1790 0.4020 0.2740   -9.9900
20065002 1994.160236 31.7260 64.2200  158  156.8428 19.3092 4.9158 36.5596 219.7940 0.4010 0.2740   -9.9900
20065002 1994.160236 31.7260 64.2200  160  158.8274 19.2921 4.9139 36.5584 219.5360 0.3990 0.2730   -9.9900
20065002 1994.160236 31.7260 64.2200  162  160.8120 19.2911 4.9140 36.5590 219.1920 0.4000 0.2720   -9.9900
20065002 1994.160236 31.7260 64.2200  164  162.7965 19.2906 4.9140 36.5589 219.0680 0.4000 0.2670   -9.9900
20065002 1994.160236 31.7260 64.2200  166  164.7811 19.2843 4.9135 36.5589 219.2700 0.3990 0.2690   -9.9900
20065002 1994.160236 31.7260 64.2200  168  166.7656 19.2745 4.9124 36.5578 219.4460 0.3990 0.2690   -9.9900
20065002 1994.160236 31.7260 64.2200  170  168.7500 19.2657 4.9113 36.5560 219.5990 0.3990 0.2690   -9.9900
20065002 1994.160236 31.7260 64.2200  172  170.7345 19.2568 4.9104 36.5549 219.9310 0.3990 0.2700   -9.9900
20065002 1994.160236 31.7260 64.2200  174  172.7190 19.2561 4.9104 36.5548 220.2410 0.4000 0.2720   -9.9900
20065002 1994.160236 31.7260 64.2200  176  174.7034 19.2492 4.9097 36.5546 220.3310 0.4000 0.2740   -9.9900
20065002 1994.160236 31.7260 64.2200  178  176.6878 19.2409 4.9089 36.5542 220.4900 0.4000 0.2750   -9.9900
20065002 1994.160236 31.7260 64.2200  180  178.6722 19.2379 4.9086 36.5539 220.6560 0.4000 0.2750   -9.9900
20065002 1994.160236 31.7260 64.2200  182  180.6566 19.2390 4.9088 36.5539 220.4210 0.4000 0.2710   -9.9900
20065002 1994.160236 31.7260 64.2200  184  182.6409 19.2376 4.9088 36.5538 220.2840 0.4000 0.2720   -9.9900
20065002 1994.160236 31.7260 64.2200  186  184.6253 19.2360 4.9087 36.5537 220.1780 0.4000 0.2760   -9.9900
20065002 1994.160236 31.7260 64.2200  188  186.6096 19.2327 4.9084 36.5538 220.1440 0.4000 0.2780   -9.9900
20065002 1994.160236 31.7260 64.2200  190  188.5939 19.2301 4.9083 36.5541 220.2220 0.4000 0.2750   -9.9900
20065002 1994.160236 31.7260 64.2200  192  190.5781 19.2271 4.9081 36.5544 220.2260 0.4000 0.2730   -9.9900
20065002 1994.160236 31.7260 64.2200  194  192.5624 19.2261 4.9081 36.5545 220.2610 0.4000 0.2730   -9.9900
20065002 1994.160236 31.7260 64.2200  196  194.5466 19.2219 4.9077 36.5544 220.1240 0.3990 0.2710   -9.9900
20065002 1994.160236 31.7260 64.2200  198  196.5309 19.2095 4.9065 36.5544 219.9090 0.3990 0.2700   -9.9900
20065002 1994.160236 31.7260 64.2200  200  198.5151 19.2126 4.9072 36.5568 219.2900 0.3990 0.2690   -9.9900
20065002 1994.160236 31.7260 64.2200  202  200.4992 19.2224 4.9090 36.5627 218.3790 0.3980 0.2690   -9.9900
20065002 1994.160236 31.7260 64.2200  204  202.4834 19.2384 4.9121 36.5734 216.4540 0.3970 0.2680   -9.9900
20065002 1994.160236 31.7260 64.2200  206  204.4675 19.2273 4.9111 36.5746 215.4490 0.3970 0.2690   -9.9900
20065002 1994.160236 31.7260 64.2200  208  206.4517 19.2106 4.9098 36.5770 213.8270 0.3980 0.2690   -9.9900
20065002 1994.160236 31.7260 64.2200  210  208.4358 19.2148 4.9102 36.5765 213.4450 0.3990 0.2650   -9.9900
20065002 1994.160236 31.7260 64.2200  212  210.4199 19.2094 4.9099 36.5775 213.4630 0.3960 0.2700   -9.9900
20065002 1994.160236 31.7260 64.2200  214  212.4039 19.1986 4.9091 36.5797 213.3010 0.3960 0.2690   -9.9900
20065002 1994.160236 31.7260 64.2200  216  214.3880 19.1928 4.9083 36.5771 212.9260 0.3960 0.2710   -9.9900
20065002 1994.160236 31.7260 64.2200  218  216.3720 19.1797 4.9072 36.5787 212.0060 0.3960 0.2660   -9.9900
20065002 1994.160236 31.7260 64.2200  220  218.3560 19.1647 4.9070 36.5896 209.5190 0.3960 0.2640   -9.9900
20065002 1994.160236 31.7260 64.2200  222  220.3400 19.1511 4.9062 36.5939 208.0590 0.3950 0.2690   -9.9900
20065002 1994.160236 31.7260 64.2200  224  222.3240 19.1295 4.9042 36.5961 206.9060 0.3950 0.2700   -9.9900
20065002 1994.160236 31.7260 64.2200  226  224.3079 19.1238 4.9037 36.5961 206.9210 0.3950 0.2670   -9.9900
20065002 1994.160236 31.7260 64.2200  228  226.2918 19.1238 4.9038 36.5956 206.8040 0.3950 0.2660   -9.9900
20065002 1994.160236 31.7260 64.2200  230  228.2757 19.1165 4.9031 36.5959 206.3530 0.3950 0.2660   -9.9900
20065002 1994.160236 31.7260 64.2200  232  230.2596 19.0602 4.8973 36.5960 205.4280 0.3950 0.2640   -9.9900
20065002 1994.160236 31.7260 64.2200  234  232.2435 19.0209 4.8934 36.5973 204.4940 0.3950 0.2660   -9.9900
20065002 1994.160236 31.7260 64.2200  236  234.2274 18.9845 4.8898 36.5984 204.0480 0.3960 0.2660   -9.9900
20065002 1994.160236 31.7260 64.2200  238  236.2112 18.9722 4.8886 36.5983 203.2420 0.3960 0.2690   -9.9900
20065002 1994.160236 31.7260 64.2200  240  238.1950 18.9418 4.8856 36.5988 202.8770 0.3950 0.2690   -9.9900
20065002 1994.160236 31.7260 64.2200  242  240.1788 18.8745 4.8786 36.5985 203.1620 0.3940 0.2690   -9.9900
20065002 1994.160236 31.7260 64.2200  244  242.1626 18.8638 4.8775 36.5982 203.2650 0.3940 0.2720   -9.9900
20065002 1994.160236 31.7260 64.2200  246  244.1464 18.8543 4.8766 36.5978 203.3510 0.3940 0.2730   -9.9900
20065002 1994.160236 31.7260 64.2200  248  246.1301 18.8274 4.8738 36.5976 203.4980 0.3930 0.2700   -9.9900
20065002 1994.160236 31.7260 64.2200  250  248.1138 18.8216 4.8734 36.5983 203.5450 0.3930 0.2710   -9.9900
20065002 1994.160236 31.7260 64.2200  252  250.0975 18.8113 4.8723 36.5978 203.6080 0.3930 0.2720   -9.9900
20065002 1994.160236 31.7260 64.2200  254  252.0812 18.7859 4.8696 36.5970 203.5530 0.3940 0.2700   -9.9900
20065002 1994.160236 31.7260 64.2200  256  254.0649 18.7785 4.8689 36.5965 203.4520 0.3930 0.2690   -9.9900
20065002 1994.160236 31.7260 64.2200  258  256.0485 18.7684 4.8679 36.5962 203.4450 0.3930 0.2660   -9.9900
20065002 1994.160236 31.7260 64.2200  260  258.0321 18.7672 4.8678 36.5958 203.6810 0.3930 0.2680   -9.9900
20065002 1994.160236 31.7260 64.2200  262  260.0157 18.7619 4.8673 36.5952 203.5530 0.3940 0.2710   -9.9900
20065002 1994.160236 31.7260 64.2200  264  261.9993 18.7629 4.8674 36.5948 203.8870 0.3940 0.2630   -9.9900
20065002 1994.160236 31.7260 64.2200  266  263.9829 18.7553 4.8667 36.5947 203.7670 0.3940 0.2640   -9.9900
20065002 1994.160236 31.7260 64.2200  268  265.9664 18.7369 4.8648 36.5942 203.9930 0.3930 0.2660   -9.9900
20065002 1994.160236 31.7260 64.2200  270  267.9500 18.7176 4.8628 36.5939 204.2250 0.3930 0.2680   -9.9900
20065002 1994.160236 31.7260 64.2200  272  269.9335 18.7019 4.8612 36.5935 204.3980 0.3930 0.2690   -9.9900
20065002 1994.160236 31.7260 64.2200  274  271.9170 18.6958 4.8606 36.5926 204.4430 0.3930 0.2680   -9.9900
20065002 1994.160236 31.7260 64.2200  276  273.9004 18.6756 4.8585 36.5918 204.6650 0.3930 0.2670   -9.9900
20065002 1994.160236 31.7260 64.2200  278  275.8839 18.6626 4.8572 36.5920 204.7560 0.3930 0.2680   -9.9900
20065002 1994.160236 31.7260 64.2200  280  277.8673 18.6556 4.8566 36.5921 204.7850 0.3920 0.2700   -9.9900
20065002 1994.160236 31.7260 64.2200  282  279.8507 18.6533 4.8564 36.5915 205.8150 0.3930 0.2650   -9.9900
20065002 1994.160236 31.7260 64.2200  284  281.8341 18.6270 4.8534 36.5892 206.0550 0.3920 0.2650   -9.9900
20065002 1994.160236 31.7260 64.2200  286  283.8175 18.6209 4.8528 36.5886 206.1150 0.3920 0.2680   -9.9900
20065002 1994.160236 31.7260 64.2200  288  285.8009 18.6176 4.8525 36.5886 205.9600 0.3920 0.2690   -9.9900
20065002 1994.160236 31.7260 64.2200  290  287.7842 18.6253 4.8535 36.5892 205.1320 0.3920 0.2680   -9.9900
20065002 1994.160236 31.7260 64.2200  292  289.7675 18.6187 4.8529 36.5890 205.6380 0.3920 0.2700   -9.9900
20065002 1994.160236 31.7260 64.2200  294  291.7508 18.6091 4.8520 36.5889 205.8960 0.3920 0.2750   -9.9900
20065002 1994.160236 31.7260 64.2200  296  293.7341 18.6054 4.8516 36.5885 206.2180 0.3920 0.2690   -9.9900
20065002 1994.160236 31.7260 64.2200  298  295.7174 18.5977 4.8508 36.5879 206.0420 0.3920 0.2690   -9.9900
20065002 1994.160236 31.7260 64.2200  300  297.7006 18.5951 4.8506 36.5879 206.0830 0.3920 0.2720   -9.9900
20065002 1994.160236 31.7260 64.2200  302  299.6838 18.5840 4.8494 36.5866 206.2400 0.3920 0.2730   -9.9900
20065002 1994.160236 31.7260 64.2200  304  301.6670 18.5797 4.8490 36.5861 206.0740 0.3920 0.2720   -9.9900
20065002 1994.160236 31.7260 64.2200  306  303.6502 18.5847 4.8497 36.5867 205.7540 0.3920 0.2700   -9.9900
20065002 1994.160236 31.7260 64.2200  308  305.6334 18.5789 4.8492 36.5867 205.5000 0.3920 0.2740   -9.9900
20065002 1994.160236 31.7260 64.2200  310  307.6165 18.5623 4.8473 36.5852 205.2330 0.3920 0.2760   -9.9900
20065002 1994.160236 31.7260 64.2200  312  309.5997 18.5513 4.8462 36.5846 205.3040 0.3920 0.2720   -9.9900
20065002 1994.160236 31.7260 64.2200  314  311.5828 18.5500 4.8461 36.5840 205.3990 0.3920 0.2720   -9.9900
20065002 1994.160236 31.7260 64.2200  316  313.5659 18.5395 4.8450 36.5832 205.1110 0.3920 0.2750   -9.9900
20065002 1994.160236 31.7260 64.2200  318  315.5489 18.5252 4.8435 36.5821 204.6790 0.3910 0.2760   -9.9900
20065002 1994.160236 31.7260 64.2200  320  317.5320 18.5167 4.8426 36.5817 204.8680 0.3920 0.2730   -9.9900
20065002 1994.160236 31.7260 64.2200  322  319.5150 18.5114 4.8421 36.5814 205.3550 0.3920 0.2690   -9.9900
20065002 1994.160236 31.7260 64.2200  324  321.4980 18.5082 4.8419 36.5820 205.4580 0.3920 0.2680   -9.9900
20065002 1994.160236 31.7260 64.2200  326  323.4810 18.4920 4.8404 36.5823 205.7370 0.3910 0.2700   -9.9900
20065002 1994.160236 31.7260 64.2200  328  325.4640 18.5017 4.8414 36.5820 205.6700 0.3910 0.2730   -9.9900
20065002 1994.160236 31.7260 64.2200  330  327.4470 18.4787 4.8391 36.5816 205.9070 0.3910 0.2740   -9.9900
20065002 1994.160236 31.7260 64.2200  332  329.4299 18.4681 4.8379 36.5806 206.1290 0.3910 0.2760   -9.9900
20065002 1994.160236 31.7260 64.2200  334  331.4128 18.4572 4.8367 36.5794 206.2740 0.3910 0.2750   -9.9900
20065002 1994.160236 31.7260 64.2200  336  333.3957 18.4480 4.8358 36.5785 206.2900 0.3910 0.2750   -9.9900
20065002 1994.160236 31.7260 64.2200  338  335.3786 18.4409 4.8350 36.5776 206.1470 0.3910 0.2760   -9.9900
20065002 1994.160236 31.7260 64.2200  340  337.3615 18.4237 4.8330 36.5752 206.0260 0.3910 0.2760   -9.9900
20065002 1994.160236 31.7260 64.2200  342  339.3443 18.4103 4.8316 36.5739 206.0330 0.3910 0.2730   -9.9900
20065002 1994.160236 31.7260 64.2200  344  341.3271 18.4151 4.8322 36.5743 205.6360 0.3910 0.2740   -9.9900
20065002 1994.160236 31.7260 64.2200  346  343.3099 18.3995 4.8305 36.5727 205.6850 0.3910 0.2730   -9.9900
20065002 1994.160236 31.7260 64.2200  348  345.2927 18.3891 4.8293 36.5714 205.7300 0.3920 0.2720   -9.9900
20065002 1994.160236 31.7260 64.2200  350  347.2755 18.3959 4.8302 36.5723 205.5670 0.3920 0.2750   -9.9900
20065002 1994.160236 31.7260 64.2200  352  349.2582 18.3885 4.8294 36.5713 205.2140 0.3920 0.2750   -9.9900
20065002 1994.160236 31.7260 64.2200  354  351.2409 18.3807 4.8285 36.5701 205.2680 0.3920 0.2720   -9.9900
20065002 1994.160236 31.7260 64.2200  356  353.2236 18.3776 4.8282 36.5695 205.3080 0.3920 0.2750   -9.9900
20065002 1994.160236 31.7260 64.2200  358  355.2063 18.3669 4.8271 36.5684 205.0320 0.3920 0.2750   -9.9900
20065002 1994.160236 31.7260 64.2200  360  357.1890 18.3504 4.8252 36.5661 205.0620 0.3920 0.2750   -9.9900
20065002 1994.160236 31.7260 64.2200  362  359.1717 18.3351 4.8234 36.5635 205.2000 0.3920 0.2760   -9.9900
20065002 1994.160236 31.7260 64.2200  364  361.1543 18.3327 4.8232 36.5632 205.0340 0.3920 0.2760   -9.9900
20065002 1994.160236 31.7260 64.2200  366  363.1369 18.3214 4.8219 36.5616 204.8970 0.3920 0.2740   -9.9900
20065002 1994.160236 31.7260 64.2200  368  365.1195 18.3086 4.8204 36.5599 204.7220 0.3920 0.2750   -9.9900
20065002 1994.160236 31.7260 64.2200  370  367.1021 18.2959 4.8191 36.5586 205.0260 0.3920 0.2770   -9.9900
20065002 1994.160236 31.7260 64.2200  372  369.0846 18.2871 4.8181 36.5575 205.1140 0.3920 0.2750   -9.9900
20065002 1994.160236 31.7260 64.2200  374  371.0672 18.2846 4.8178 36.5568 204.9470 0.3920 0.2800   -9.9900
20065002 1994.160236 31.7260 64.2200  376  373.0497 18.2739 4.8166 36.5551 205.0530 0.3920 0.2800   -9.9900
20065002 1994.160236 31.7260 64.2200  378  375.0322 18.2613 4.8152 36.5532 205.1590 0.3920 0.2780   -9.9900
20065002 1994.160236 31.7260 64.2200  380  377.0147 18.2544 4.8144 36.5522 205.1720 0.3920 0.2780   -9.9900
20065002 1994.160236 31.7260 64.2200  382  378.9971 18.2418 4.8129 36.5499 205.1430 0.3920 0.2770   -9.9900
20065002 1994.160236 31.7260 64.2200  384  380.9796 18.2356 4.8123 36.5491 205.1020 0.3920 0.2760   -9.9900
20065002 1994.160236 31.7260 64.2200  386  382.9620 18.2355 4.8124 36.5491 205.1640 0.3920 0.2770   -9.9900
20065002 1994.160236 31.7260 64.2200  388  384.9444 18.2231 4.8109 36.5474 205.0580 0.3920 0.2800   -9.9900
20065002 1994.160236 31.7260 64.2200  390  386.9268 18.2145 4.8100 36.5462 205.0270 0.3920 0.2810   -9.9900
20065002 1994.160236 31.7260 64.2200  392  388.9091 18.2038 4.8088 36.5446 205.0650 0.3920 0.2800   -9.9900
20065002 1994.160236 31.7260 64.2200  394  390.8915 18.1941 4.8077 36.5433 205.1670 0.3920 0.2800   -9.9900
20065002 1994.160236 31.7260 64.2200  396  392.8738 18.1878 4.8070 36.5422 205.2380 0.3920 0.2810   -9.9900
20065002 1994.160236 31.7260 64.2200  398  394.8561 18.1774 4.8059 36.5408 205.3320 0.3920 0.2810   -9.9900
20065002 1994.160236 31.7260 64.2200  400  396.8384 18.1727 4.8054 36.5402 205.3170 0.3920 0.2810   -9.9900
20065002 1994.160236 31.7260 64.2200  402  398.8207 18.1680 4.8049 36.5395 205.3340 0.3920 0.2810   -9.9900
20065002 1994.160236 31.7260 64.2200  404  400.8029 18.1598 4.8040 36.5384 205.4250 0.3920 0.2810   -9.9900
20065002 1994.160236 31.7260 64.2200  406  402.7851 18.1556 4.8036 36.5379 205.4760 0.3920 0.2800   -9.9900
20065002 1994.160236 31.7260 64.2200  408  404.7674 18.1493 4.8029 36.5371 205.4690 0.3930 0.2770   -9.9900
20065002 1994.160236 31.7260 64.2200  410  406.7495 18.1454 4.8026 36.5367 205.3280 0.3920 0.2800   -9.9900
20065002 1994.160236 31.7260 64.2200  412  408.7317 18.1383 4.8017 36.5346 205.2470 0.3920 0.2820   -9.9900
20065002 1994.160236 31.7260 64.2200  414  410.7139 18.1122 4.7987 36.5318 205.0920 0.3920 0.2810   -9.9900
20065002 1994.160236 31.7260 64.2200  416  412.6960 18.0980 4.7971 36.5296 204.8760 0.3920 0.2820   -9.9900
20065002 1994.160236 31.7260 64.2200  418  414.6781 18.0646 4.7931 36.5250 204.8840 0.3920 0.2820   -9.9900
20065002 1994.160236 31.7260 64.2200  420  416.6602 18.0746 4.7944 36.5262 204.6540 0.3920 0.2840   -9.9900
20065002 1994.160236 31.7260 64.2200  422  418.6423 18.0604 4.7928 36.5246 204.7470 0.3920 0.2830   -9.9900
20065002 1994.160236 31.7260 64.2200  424  420.6244 18.0605 4.7929 36.5245 204.7050 0.3920 0.2840   -9.9900
20065002 1994.160236 31.7260 64.2200  426  422.6064 18.0495 4.7917 36.5231 204.8770 0.3920 0.2850   -9.9900
20065002 1994.160236 31.7260 64.2200  428  424.5884 18.0498 4.7919 36.5233 204.9260 0.3930 0.2840   -9.9900
20065002 1994.160236 31.7260 64.2200  430  426.5704 18.0309 4.7897 36.5208 204.8420 0.3920 0.2830   -9.9900
20065002 1994.160236 31.7260 64.2200  432  428.5524 18.0194 4.7884 36.5195 205.1210 0.3910 0.2870   -9.9900
20065002 1994.160236 31.7260 64.2200  434  430.5344 18.0088 4.7874 36.5191 205.3640 0.3950 0.2890   -9.9900
20065002 1994.160236 31.7260 64.2200  436  432.5163 17.9873 4.7848 36.5156 205.3670 0.3960 0.2900   -9.9900
20065002 1994.160236 31.7260 64.2200  438  434.4983 17.9842 4.7845 36.5146 205.2240 0.3930 0.2870   -9.9900
20065002 1994.160236 31.7260 64.2200  440  436.4802 17.9713 4.7830 36.5132 205.0610 0.3920 0.2880   -9.9900
20065002 1994.160236 31.7260 64.2200  442  438.4620 17.9679 4.7827 36.5126 204.6840 0.3920 0.2880   -9.9900
20065002 1994.160236 31.7260 64.2200  444  440.4439 17.9662 4.7826 36.5122 204.7080 0.3920 0.2870   -9.9900
20065002 1994.160236 31.7260 64.2200  446  442.4258 17.9650 4.7825 36.5119 204.8130 0.3920 0.2880   -9.9900
20065002 1994.160236 31.7260 64.2200  448  444.4076 17.9613 4.7821 36.5114 204.7440 0.3920 0.2870   -9.9900
20065002 1994.160236 31.7260 64.2200  450  446.3894 17.9548 4.7814 36.5102 204.4250 0.3920 0.2880   -9.9900
20065002 1994.160236 31.7260 64.2200  452  448.3712 17.9388 4.7795 36.5077 204.1300 0.3920 0.2880   -9.9900
20065002 1994.160236 31.7260 64.2200  454  450.3530 17.9200 4.7774 36.5055 204.1210 0.3920 0.2880   -9.9900
20065002 1994.160236 31.7260 64.2200  456  452.3347 17.9150 4.7769 36.5046 204.0460 0.3920 0.2880   -9.9900
20065002 1994.160236 31.7260 64.2200  458  454.3165 17.9022 4.7754 36.5028 203.9000 0.3920 0.2880   -9.9900
20065002 1994.160236 31.7260 64.2200  460  456.2982 17.8859 4.7736 36.5008 203.8590 0.3920 0.2880   -9.9900
20065002 1994.160236 31.7260 64.2200  462  458.2799 17.8830 4.7733 36.5004 203.8020 0.3920 0.2910   -9.9900
20065002 1994.160236 31.7260 64.2200  464  460.2616 17.8813 4.7732 36.5002 203.6650 0.3920 0.2920   -9.9900
20065002 1994.160236 31.7260 64.2200  466  462.2432 17.8784 4.7730 36.4999 203.7140 0.3920 0.2910   -9.9900
20065002 1994.160236 31.7260 64.2200  468  464.2249 17.8735 4.7725 36.4990 203.9120 0.3920 0.2890   -9.9900
20065002 1994.160236 31.7260 64.2200  470  466.2065 17.8599 4.7709 36.4971 203.6650 0.3920 0.2930   -9.9900
20065002 1994.160236 31.7260 64.2200  472  468.1881 17.8498 4.7698 36.4956 203.5040 0.3920 0.2930   -9.9900
20065002 1994.160236 31.7260 64.2200  474  470.1697 17.8386 4.7685 36.4939 203.6120 0.3920 0.2910   -9.9900
20065002 1994.160236 31.7260 64.2200  476  472.1512 17.8365 4.7683 36.4937 203.5010 0.3920 0.2920   -9.9900
20065002 1994.160236 31.7260 64.2200  478  474.1328 17.8335 4.7681 36.4934 203.2470 0.3920 0.2920   -9.9900
20065002 1994.160236 31.7260 64.2200  480  476.1143 17.8317 4.7679 36.4929 203.5610 0.3920 0.2930   -9.9900
20065002 1994.160236 31.7260 64.2200  482  478.0958 17.8220 4.7669 36.4919 203.6950 0.3920 0.2940   -9.9900
20065002 1994.160236 31.7260 64.2200  484  480.0773 17.8020 4.7646 36.4891 203.7730 0.3920 0.2900   -9.9900
20065002 1994.160236 31.7260 64.2200  486  482.0588 17.7780 4.7618 36.4858 203.7840 0.3920 0.2910   -9.9900
20065002 1994.160236 31.7260 64.2200  488  484.0402 17.7700 4.7609 36.4845 203.8710 0.3920 0.2900   -9.9900
20065002 1994.160236 31.7260 64.2200  490  486.0217 17.7556 4.7592 36.4816 203.8430 0.3920 0.2920   -9.9900
20065002 1994.160236 31.7260 64.2200  492  488.0031 17.7257 4.7556 36.4766 203.9280 0.3920 0.2930   -9.9900
20065002 1994.160236 31.7260 64.2200  494  489.9845 17.7145 4.7542 36.4745 203.8630 0.3920 0.2910   -9.9900
20065002 1994.160236 31.7260 64.2200  496  491.9658 17.7203 4.7550 36.4750 203.4910 0.3920 0.2900   -9.9900
20065002 1994.160236 31.7260 64.2200  498  493.9472 17.7189 4.7549 36.4748 203.3050 0.3920 0.2930   -9.9900
20065002 1994.160236 31.7260 64.2200  500  495.9285 17.7057 4.7534 36.4727 203.1790 0.3920 0.2950   -9.9900
20065002 1994.160236 31.7260 64.2200  502  497.9099 17.7063 4.7535 36.4725 203.3510 0.3920 0.2970   -9.9900
20065002 1994.160236 31.7260 64.2200  504  499.8912 17.6885 4.7513 36.4689 203.0100 0.3920 0.2990   -9.9900
20065003 1994.162300 32.1690 64.1690    4    3.9720 19.5765 4.9347 36.5408 227.2100 0.4370 0.3630   -9.9900
20065003 1994.162300 32.1690 64.1690    6    5.9580 19.5868 4.9359 36.5408 226.7280 0.4330 0.3520   -9.9900
20065003 1994.162300 32.1690 64.1690    8    7.9440 19.5880 4.9361 36.5408 226.5550 0.4320 0.3470   -9.9900
20065003 1994.162300 32.1690 64.1690   10    9.9300 19.5874 4.9361 36.5407 226.4750 0.4310 0.3440   -9.9900
20065003 1994.162300 32.1690 64.1690   12   11.9159 19.5869 4.9361 36.5405 226.2000 0.4310 0.3360   -9.9900
20065003 1994.162300 32.1690 64.1690   14   13.9018 19.5863 4.9362 36.5405 226.1600 0.4310 0.3350   -9.9900
20065003 1994.162300 32.1690 64.1690   16   15.8877 19.5864 4.9363 36.5405 226.1130 0.4300 0.3330   -9.9900
20065003 1994.162300 32.1690 64.1690   18   17.8736 19.5870 4.9364 36.5406 226.1330 0.4290 0.3360   -9.9900
20065003 1994.162300 32.1690 64.1690   20   19.8594 19.5881 4.9366 36.5407 226.1610 0.4310 0.3370   -9.9900
20065003 1994.162300 32.1690 64.1690   22   21.8453 19.5902 4.9369 36.5407 226.0980 0.4300 0.3340   -9.9900
20065003 1994.162300 32.1690 64.1690   24   23.8311 19.5914 4.9372 36.5409 226.1420 0.4300 0.3310   -9.9900
20065003 1994.162300 32.1690 64.1690   26   25.8169 19.5924 4.9374 36.5411 226.0500 0.4290 0.3320   -9.9900
20065003 1994.162300 32.1690 64.1690   28   27.8027 19.5930 4.9376 36.5410 225.7560 0.4280 0.3320   -9.9900
20065003 1994.162300 32.1690 64.1690   30   29.7884 19.5935 4.9377 36.5411 225.6930 0.4290 0.3270   -9.9900
20065003 1994.162300 32.1690 64.1690   32   31.7742 19.5937 4.9378 36.5413 225.6300 0.4290 0.3300   -9.9900
20065003 1994.162300 32.1690 64.1690   34   33.7599 19.5932 4.9379 36.5412 225.7300 0.4290 0.3320   -9.9900
20065003 1994.162300 32.1690 64.1690   36   35.7456 19.5929 4.9380 36.5415 225.7630 0.4290 0.3350   -9.9900
20065003 1994.162300 32.1690 64.1690   38   37.7313 19.5930 4.9381 36.5418 225.6660 0.4300 0.3370   -9.9900
20065003 1994.162300 32.1690 64.1690   40   39.7169 19.5932 4.9382 36.5419 225.6960 0.4290 0.3500   -9.9900
20065003 1994.162300 32.1690 64.1690   42   41.7026 19.5948 4.9385 36.5417 225.5410 0.4290 0.3470   -9.9900
20065003 1994.162300 32.1690 64.1690   44   43.6882 19.5954 4.9386 36.5415 225.3620 0.4300 0.3370   -9.9900
20065003 1994.162300 32.1690 64.1690   46   45.6738 19.5930 4.9384 36.5416 225.3490 0.4290 0.3370   -9.9900
20065003 1994.162300 32.1690 64.1690   48   47.6594 19.5911 4.9383 36.5414 225.4150 0.4300 0.3390   -9.9900
20065003 1994.162300 32.1690 64.1690   50   49.6450 19.5920 4.9385 36.5414 225.1980 0.4290 0.3350   -9.9900
20065003 1994.162300 32.1690 64.1690   52   51.6305 19.5936 4.9387 36.5414 225.1360 0.4290 0.3360   -9.9900
20065003 1994.162300 32.1690 64.1690   54   53.6161 19.5956 4.9391 36.5415 225.0920 0.4290 0.3360   -9.9900
20065003 1994.162300 32.1690 64.1690   56   55.6016 19.6006 4.9398 36.5425 224.9910 0.4290 0.3340   -9.9900
20065003 1994.162300 32.1690 64.1690   58   57.5871 19.6014 4.9400 36.5425 224.7610 0.4290 0.3340   -9.9900
20065003 1994.162300 32.1690 64.1690   60   59.5725 19.6042 4.9404 36.5430 224.5430 0.4290 0.3330   -9.9900
20065003 1994.162300 32.1690 64.1690   62   61.5580 19.6045 4.9405 36.5429 224.1480 0.4280 0.3310   -9.9900
20065003 1994.162300 32.1690 64.1690   64   63.5434 19.6042 4.9406 36.5429 224.1000 0.4280 0.3340   -9.9900
20065003 1994.162300 32.1690 64.1690   66   65.5288 19.6034 4.9406 36.5429 224.3460 0.4290 0.3400   -9.9900
20065003 1994.162300 32.1690 64.1690   68   67.5142 19.6028 4.9406 36.5428 224.4720 0.4290 0.3390   -9.9900
20065003 1994.162300 32.1690 64.1690   70   69.4996 19.6018 4.9406 36.5426 224.4960 0.4290 0.3380   -9.9900
20065003 1994.162300 32.1690 64.1690   72   71.4850 19.6004 4.9405 36.5424 224.4940 0.4290 0.3370   -9.9900
20065003 1994.162300 32.1690 64.1690   74   73.4703 19.6005 4.9406 36.5424 224.5380 0.4290 0.3380   -9.9900
20065003 1994.162300 32.1690 64.1690   76   75.4556 19.6005 4.9407 36.5425 224.6150 0.4290 0.3400   -9.9900
20065003 1994.162300 32.1690 64.1690   78   77.4409 19.6019 4.9409 36.5426 224.3820 0.4280 0.3390   -9.9900
20065003 1994.162300 32.1690 64.1690   80   79.4262 19.6022 4.9411 36.5426 224.2480 0.4290 0.3410   -9.9900
20065003 1994.162300 32.1690 64.1690   82   81.4114 19.6016 4.9411 36.5426 224.3590 0.4290 0.3410   -9.9900
20065003 1994.162300 32.1690 64.1690   84   83.3967 19.6030 4.9413 36.5428 224.2970 0.4290 0.3370   -9.9900
20065003 1994.162300 32.1690 64.1690   86   85.3819 19.6050 4.9417 36.5430 224.1690 0.4290 0.3400   -9.9900
20065003 1994.162300 32.1690 64.1690   88   87.3671 19.6062 4.9419 36.5432 224.1810 0.4290 0.3450   -9.9900
20065003 1994.162300 32.1690 64.1690   90   89.3523 19.6066 4.9420 36.5430 224.2670 0.4280 0.3440   -9.9900
20065003 1994.162300 32.1690 64.1690   92   91.3375 19.6071 4.9421 36.5429 224.1760 0.4280 0.3420   -9.9900
20065003 1994.162300 32.1690 64.1690   94   93.3226 19.6079 4.9424 36.5432 223.9780 0.4290 0.3440   -9.9900
20065003 1994.162300 32.1690 64.1690   96   95.3077 19.6082 4.9425 36.5431 224.0820 0.4290 0.3440   -9.9900
20065003 1994.162300 32.1690 64.1690   98   97.2928 19.6096 4.9427 36.5433 223.9170 0.4290 0.3380   -9.9900
20065003 1994.162300 32.1690 64.1690  100   99.2779 19.6127 4.9433 36.5450 223.7180 0.4270 0.3360   -9.9900
20065003 1994.162300 32.1690 64.1690  102  101.2630 19.6145 4.9437 36.5457 223.4580 0.4250 0.3330   -9.9900
20065003 1994.162300 32.1690 64.1690  104  103.2480 19.6161 4.9441 36.5469 223.4630 0.4220 0.3310   -9.9900
20065003 1994.162300 32.1690 64.1690  106  105.2331 19.6156 4.9445 36.5497 223.1630 0.4180 0.3280   -9.9900
20065003 1994.162300 32.1690 64.1690  108  107.2181 19.6126 4.9446 36.5524 222.6180 0.4150 0.3220   -9.9900
20065003 1994.162300 32.1690 64.1690  110  109.2031 19.5995 4.9439 36.5571 221.7900 0.4070 0.3140   -9.9900
20065003 1994.162300 32.1690 64.1690  112  111.1880 19.5912 4.9431 36.5569 221.6640 0.4040 0.3080   -9.9900
20065003 1994.162300 32.1690 64.1690  114  113.1730 19.5806 4.9422 36.5586 221.4090 0.4010 0.2960   -9.9900
20065003 1994.162300 32.1690 64.1690  116  115.1579 19.5696 4.9412 36.5587 221.0500 0.3940 0.2880   -9.9900
20065003 1994.162300 32.1690 64.1690  118  117.1428 19.5666 4.9410 36.5587 221.1810 0.3930 0.2850   -9.9900
20065003 1994.162300 32.1690 64.1690  120  119.1277 19.5648 4.9409 36.5588 221.1510 0.3930 0.2820   -9.9900
20065003 1994.162300 32.1690 64.1690  122  121.1126 19.5635 4.9408 36.5588 221.2010 0.3930 0.2810   -9.9900
20065003 1994.162300 32.1690 64.1690  124  123.0975 19.5632 4.9409 36.5587 221.3650 0.3930 0.2810   -9.9900
20065003 1994.162300 32.1690 64.1690  126  125.0823 19.5639 4.9410 36.5587 221.4890 0.3920 0.2820   -9.9900
20065003 1994.162300 32.1690 64.1690  128  127.0671 19.5622 4.9410 36.5588 221.3450 0.3920 0.2770   -9.9900
20065003 1994.162300 32.1690 64.1690  130  129.0519 19.5613 4.9409 36.5587 221.1850 0.3920 0.2770   -9.9900
20065003 1994.162300 32.1690 64.1690  132  131.0367 19.5603 4.9409 36.5587 221.2660 0.3920 0.2780   -9.9900
20065003 1994.162300 32.1690 64.1690  134  133.0215 19.5596 4.9409 36.5587 221.1780 0.3920 0.2790   -9.9900
20065003 1994.162300 32.1690 64.1690  136  135.0062 19.5586 4.9409 36.5586 221.0980 0.3930 0.2790   -9.9900
20065003 1994.162300 32.1690 64.1690  138  136.9909 19.5583 4.9410 36.5587 221.0240 0.3920 0.2780   -9.9900
20065003 1994.162300 32.1690 64.1690  140  138.9756 19.5571 4.9409 36.5587 221.0550 0.3930 0.2810   -9.9900
20065003 1994.162300 32.1690 64.1690  142  140.9603 19.5559 4.9409 36.5587 221.0440 0.3930 0.2860   -9.9900
20065003 1994.162300 32.1690 64.1690  144  142.9450 19.5540 4.9408 36.5587 220.9830 0.3920 0.2870   -9.9900
20065003 1994.162300 32.1690 64.1690  146  144.9296 19.5527 4.9408 36.5588 221.0350 0.3920 0.2820   -9.9900
20065003 1994.162300 32.1690 64.1690  148  146.9142 19.5526 4.9408 36.5585 221.1410 0.3920 0.2840   -9.9900
20065003 1994.162300 32.1690 64.1690  150  148.8988 19.5430 4.9398 36.5581 221.2090 0.3920 0.2850   -9.9900
20065003 1994.162300 32.1690 64.1690  152  150.8834 19.5314 4.9386 36.5576 221.4660 0.3910 0.2810   -9.9900
20065003 1994.162300 32.1690 64.1690  154  152.8680 19.5260 4.9382 36.5575 221.2090 0.3910 0.2810   -9.9900
20065003 1994.162300 32.1690 64.1690  156  154.8526 19.5236 4.9380 36.5579 221.0770 0.3910 0.2810   -9.9900
20065003 1994.162300 32.1690 64.1690  158  156.8371 19.5225 4.9381 36.5582 221.1010 0.3930 0.2820   -9.9900
20065003 1994.162300 32.1690 64.1690  160  158.8216 19.5216 4.9381 36.5585 221.1460 0.3940 0.2820   -9.9900
20065003 1994.162300 32.1690 64.1690  162  160.8061 19.5211 4.9382 36.5589 221.1430 0.3940 0.2810   -9.9900
20065003 1994.162300 32.1690 64.1690  164  162.7906 19.5209 4.9383 36.5593 221.1220 0.3910 0.2790   -9.9900
20065003 1994.162300 32.1690 64.1690  166  164.7750 19.5218 4.9385 36.5596 221.1990 0.3920 0.2780   -9.9900
20065003 1994.162300 32.1690 64.1690  168  166.7594 19.5222 4.9386 36.5595 221.2580 0.3910 0.2820   -9.9900
20065003 1994.162300 32.1690 64.1690  170  168.7439 19.5208 4.9386 36.5598 220.9350 0.3910 0.2800   -9.9900
20065003 1994.162300 32.1690 64.1690  172  170.7283 19.5176 4.9383 36.5594 220.8850 0.3910 0.2810   -9.9900
20065003 1994.162300 32.1690 64.1690  174  172.7126 19.5127 4.9378 36.5587 221.0450 0.3910 0.2810   -9.9900
20065003 1994.162300 32.1690 64.1690  176  174.6970 19.5107 4.9376 36.5584 221.1330 0.3910 0.2810   -9.9900
20065003 1994.162300 32.1690 64.1690  178  176.6813 19.5119 4.9379 36.5584 220.9650 0.3910 0.2800   -9.9900
20065003 1994.162300 32.1690 64.1690  180  178.6656 19.5106 4.9378 36.5581 220.8820 0.3910 0.2800   -9.9900
20065003 1994.162300 32.1690 64.1690  182  180.6499 19.5095 4.9377 36.5578 220.8230 0.3910 0.2800   -9.9900
20065003 1994.162300 32.1690 64.1690  184  182.6342 19.5086 4.9377 36.5575 220.7460 0.3910 0.2800   -9.9900
20065003 1994.162300 32.1690 64.1690  186  184.6185 19.5077 4.9376 36.5572 220.7650 0.3910 0.2800   -9.9900
20065003 1994.162300 32.1690 64.1690  188  186.6027 19.5061 4.9375 36.5567 220.8500 0.3910 0.2810   -9.9900
20065003 1994.162300 32.1690 64.1690  190  188.5869 19.5052 4.9374 36.5563 220.8410 0.3910 0.2810   -9.9900
20065003 1994.162300 32.1690 64.1690  192  190.5712 19.4982 4.9367 36.5555 220.4720 0.3900 0.2790   -9.9900
20065003 1994.162300 32.1690 64.1690  194  192.5553 19.4911 4.9360 36.5550 220.1800 0.3910 0.2770   -9.9900
20065003 1994.162300 32.1690 64.1690  196  194.5395 19.4870 4.9356 36.5548 219.9600 0.3910 0.2760   -9.9900
20065003 1994.162300 32.1690 64.1690  198  196.5236 19.4821 4.9351 36.5545 219.8000 0.3910 0.2750   -9.9900
20065003 1994.162300 32.1690 64.1690  200  198.5078 19.4772 4.9347 36.5543 219.9200 0.3910 0.2740   -9.9900
20065003 1994.162300 32.1690 64.1690  202  200.4919 19.4653 4.9334 36.5530 219.7820 0.3900 0.2750   -9.9900
20065003 1994.162300 32.1690 64.1690  204  202.4760 19.4528 4.9320 36.5516 219.6360 0.3900 0.2750   -9.9900
20065003 1994.162300 32.1690 64.1690  206  204.4600 19.4308 4.9295 36.5493 219.4470 0.3900 0.2750   -9.9900
20065003 1994.162300 32.1690 64.1690  208  206.4441 19.4187 4.9281 36.5476 219.4730 0.3900 0.2750   -9.9900
20065003 1994.162300 32.1690 64.1690  210  208.4281 19.3914 4.9249 36.5441 219.2890 0.3900 0.2770   -9.9900
20065003 1994.162300 32.1690 64.1690  212  210.4121 19.3758 4.9231 36.5422 219.0080 0.3890 0.2750   -9.9900
20065003 1994.162300 32.1690 64.1690  214  212.3961 19.3652 4.9220 36.5416 218.7780 0.3890 0.2730   -9.9900
20065003 1994.162300 32.1690 64.1690  216  214.3801 19.3522 4.9206 36.5403 218.4770 0.3890 0.2730   -9.9900
20065003 1994.162300 32.1690 64.1690  218  216.3641 19.3373 4.9189 36.5382 218.4090 0.3890 0.2700   -9.9900
20065003 1994.162300 32.1690 64.1690  220  218.3480 19.3266 4.9176 36.5364 218.5660 0.3890 0.2720   -9.9900
20065003 1994.162300 32.1690 64.1690  222  220.3319 19.3178 4.9167 36.5353 218.5450 0.3890 0.2700   -9.9900
20065003 1994.162300 32.1690 64.1690  224  222.3158 19.2953 4.9144 36.5352 218.4310 0.3890 0.2700   -9.9900
20065003 1994.162300 32.1690 64.1690  226  224.2997 19.2756 4.9127 36.5381 218.3250 0.3880 0.2700   -9.9900
20065003 1994.162300 32.1690 64.1690  228  226.2835 19.2662 4.9120 36.5391 217.8670 0.3880 0.2680   -9.9900
20065003 1994.162300 32.1690 64.1690  230  228.2674 19.2614 4.9120 36.5427 217.3610 0.3890 0.2680   -9.9900
20065003 1994.162300 32.1690 64.1690  232  230.2512 19.2651 4.9131 36.5484 216.7450 0.3890 0.2690   -9.9900
20065003 1994.162300 32.1690 64.1690  234  232.2350 19.2707 4.9141 36.5509 216.4850 0.3890 0.2680   -9.9900
20065003 1994.162300 32.1690 64.1690  236  234.2188 19.2742 4.9147 36.5523 216.3500 0.3880 0.2700   -9.9900
20065003 1994.162300 32.1690 64.1690  238  236.2025 19.2775 4.9158 36.5573 215.5920 0.3880 0.2720   -9.9900
20065003 1994.162300 32.1690 64.1690  240  238.1863 19.2831 4.9177 36.5675 215.0120 0.3880 0.2710   -9.9900
20065003 1994.162300 32.1690 64.1690  242  240.1700 19.2796 4.9181 36.5736 213.9720 0.3880 0.2730   -9.9900
20065003 1994.162300 32.1690 64.1690  244  242.1537 19.2718 4.9177 36.5758 213.2570 0.3870 0.2750   -9.9900
20065003 1994.162300 32.1690 64.1690  246  244.1374 19.2579 4.9161 36.5746 213.2510 0.3870 0.2750   -9.9900
20065003 1994.162300 32.1690 64.1690  248  246.1211 19.2429 4.9144 36.5727 213.5990 0.3880 0.2740   -9.9900
20065003 1994.162300 32.1690 64.1690  250  248.1047 19.2296 4.9133 36.5739 213.2390 0.3880 0.2750   -9.9900
20065003 1994.162300 32.1690 64.1690  252  250.0883 19.2231 4.9129 36.5761 212.7130 0.3880 0.2750   -9.9900
20065003 1994.162300 32.1690 64.1690  254  252.0720 19.2175 4.9127 36.5783 212.1070 0.3880 0.2750   -9.9900
20065003 1994.162300 32.1690 64.1690  256  254.0555 19.2075 4.9120 36.5809 211.4370 0.3870 0.2760   -9.9900
20065003 1994.162300 32.1690 64.1690  258  256.0391 19.1953 4.9111 36.5832 210.7670 0.3870 0.2790   -9.9900
20065003 1994.162300 32.1690 64.1690  260  258.0227 19.1886 4.9106 36.5842 210.2940 0.3870 0.2770   -9.9900
20065003 1994.162300 32.1690 64.1690  262  260.0062 19.1840 4.9103 36.5847 209.8380 0.3870 0.2740   -9.9900
20065003 1994.162300 32.1690 64.1690  264  261.9897 19.1798 4.9099 36.5846 209.5660 0.3870 0.2720   -9.9900
20065003 1994.162300 32.1690 64.1690  266  263.9732 19.1584 4.9081 36.5871 209.0290 0.3870 0.2730   -9.9900
20065003 1994.162300 32.1690 64.1690  268  265.9567 19.1326 4.9059 36.5906 208.1680 0.3870 0.2740   -9.9900
20065003 1994.162300 32.1690 64.1690  270  267.9401 19.0915 4.9022 36.5951 206.4610 0.3870 0.2730   -9.9900
20065003 1994.162300 32.1690 64.1690  272  269.9236 19.0673 4.8998 36.5958 205.6180 0.3870 0.2730   -9.9900
20065003 1994.162300 32.1690 64.1690  274  271.9070 19.0196 4.8951 36.5974 204.6980 0.3870 0.2710   -9.9900
20065003 1994.162300 32.1690 64.1690  276  273.8904 19.0078 4.8940 36.5976 204.3080 0.3870 0.2720   -9.9900
20065003 1994.162300 32.1690 64.1690  278  275.8738 18.9818 4.8913 36.5972 203.7270 0.3870 0.2750   -9.9900
20065003 1994.162300 32.1690 64.1690  280  277.8571 18.8833 4.8807 36.5945 203.3690 0.3860 0.2760   -9.9900
20065003 1994.162300 32.1690 64.1690  282  279.8405 18.8463 4.8769 36.5941 203.4020 0.3860 0.2750   -9.9900
20065003 1994.162300 32.1690 64.1690  284  281.8238 18.8393 4.8762 36.5942 203.1780 0.3870 0.2760   -9.9900
20065003 1994.162300 32.1690 64.1690  286  283.8071 18.8293 4.8753 36.5944 203.1350 0.3860 0.2770   -9.9900
20065003 1994.162300 32.1690 64.1690  288  285.7904 18.8299 4.8755 36.5947 203.1480 0.3860 0.2730   -9.9900
20065003 1994.162300 32.1690 64.1690  290  287.7737 18.8243 4.8750 36.5946 202.8590 0.3860 0.2770   -9.9900
20065003 1994.162300 32.1690 64.1690  292  289.7569 18.8229 4.8749 36.5947 203.2190 0.3860 0.2720   -9.9900
20065003 1994.162300 32.1690 64.1690  294  291.7401 18.8182 4.8745 36.5943 203.1940 0.3860 0.2740   -9.9900
20065003 1994.162300 32.1690 64.1690  296  293.7233 18.8140 4.8741 36.5941 203.2120 0.3860 0.2750   -9.9900
20065003 1994.162300 32.1690 64.1690  298  295.7065 18.7992 4.8725 36.5930 203.1290 0.3860 0.2760   -9.9900
20065003 1994.162300 32.1690 64.1690  300  297.6897 18.7629 4.8685 36.5905 203.2640 0.3860 0.2750   -9.9900
20065003 1994.162300 32.1690 64.1690  302  299.6728 18.7358 4.8656 36.5890 203.4880 0.3860 0.2800   -9.9900
20065003 1994.162300 32.1690 64.1690  304  301.6560 18.7213 4.8640 36.5880 203.6960 0.3840 0.2800   -9.9900
20065003 1994.162300 32.1690 64.1690  306  303.6391 18.6963 4.8613 36.5860 203.5080 0.3850 0.2800   -9.9900
20065003 1994.162300 32.1690 64.1690  308  305.6222 18.6703 4.8585 36.5845 203.7460 0.3840 0.2790   -9.9900
20065003 1994.162300 32.1690 64.1690  310  307.6053 18.6419 4.8554 36.5830 204.0290 0.3830 0.2790   -9.9900
20065003 1994.162300 32.1690 64.1690  312  309.5883 18.5974 4.8506 36.5807 204.5580 0.3830 0.2750   -9.9900
20065003 1994.162300 32.1690 64.1690  314  311.5713 18.6067 4.8517 36.5812 204.3660 0.3830 0.2770   -9.9900
20065003 1994.162300 32.1690 64.1690  316  313.5544 18.5912 4.8500 36.5802 204.5900 0.3830 0.2770   -9.9900
20065003 1994.162300 32.1690 64.1690  318  315.5374 18.5809 4.8490 36.5793 204.8060 0.3830 0.2780   -9.9900
20065003 1994.162300 32.1690 64.1690  320  317.5203 18.5736 4.8482 36.5789 204.8800 0.3830 0.2790   -9.9900
20065003 1994.162300 32.1690 64.1690  322  319.5033 18.5670 4.8476 36.5784 204.7920 0.3880 0.2760   -9.9900
20065003 1994.162300 32.1690 64.1690  324  321.4862 18.5478 4.8455 36.5768 204.6060 0.3860 0.2780   -9.9900
20065003 1994.162300 32.1690 64.1690  326  323.4692 18.5256 4.8431 36.5760 204.6650 0.3820 0.2790   -9.9900
20065003 1994.162300 32.1690 64.1690  328  325.4521 18.5116 4.8417 36.5757 204.7840 0.3820 0.2800   -9.9900
20065003 1994.162300 32.1690 64.1690  330  327.4349 18.5003 4.8407 36.5760 204.9520 0.3820 0.2800   -9.9900
20065003 1994.162300 32.1690 64.1690  332  329.4178 18.4936 4.8401 36.5763 205.0330 0.3820 0.2790   -9.9900
20065003 1994.162300 32.1690 64.1690  334  331.4007 18.4917 4.8400 36.5764 205.1170 0.3820 0.2770   -9.9900
20065003 1994.162300 32.1690 64.1690  336  333.3835 18.4884 4.8397 36.5762 205.2460 0.3820 0.2780   -9.9900
20065003 1994.162300 32.1690 64.1690  338  335.3663 18.4846 4.8394 36.5760 205.1890 0.3820 0.2800   -9.9900
20065003 1994.162300 32.1690 64.1690  340  337.3491 18.4814 4.8391 36.5756 205.0080 0.3820 0.2800   -9.9900
20065003 1994.162300 32.1690 64.1690  342  339.3318 18.4781 4.8388 36.5751 205.1290 0.3820 0.2810   -9.9900
20065003 1994.162300 32.1690 64.1690  344  341.3146 18.4731 4.8383 36.5745 205.1050 0.3820 0.2800   -9.9900
20065003 1994.162300 32.1690 64.1690  346  343.2973 18.4653 4.8374 36.5736 205.1380 0.3820 0.2780   -9.9900
20065003 1994.162300 32.1690 64.1690  348  345.2800 18.4626 4.8372 36.5734 205.0740 0.3810 0.2760   -9.9900
20065003 1994.162300 32.1690 64.1690  350  347.2627 18.4597 4.8370 36.5730 204.9460 0.3810 0.2750   -9.9900
20065003 1994.162300 32.1690 64.1690  352  349.2454 18.4545 4.8364 36.5721 204.8230 0.3820 0.2770   -9.9900
20065003 1994.162300 32.1690 64.1690  354  351.2281 18.4487 4.8358 36.5712 204.7180 0.3820 0.2780   -9.9900
20065003 1994.162300 32.1690 64.1690  356  353.2107 18.4403 4.8349 36.5707 204.6730 0.3820 0.2790   -9.9900
20065003 1994.162300 32.1690 64.1690  358  355.1933 18.4379 4.8348 36.5707 204.8820 0.3820 0.2780   -9.9900
20065003 1994.162300 32.1690 64.1690  360  357.1759 18.4280 4.8337 36.5694 204.8940 0.3820 0.2800   -9.9900
20065003 1994.162300 32.1690 64.1690  362  359.1585 18.4133 4.8320 36.5674 205.0670 0.3820 0.2820   -9.9900
20065003 1994.162300 32.1690 64.1690  364  361.1410 18.4019 4.8307 36.5659 204.8360 0.3820 0.2800   -9.9900
20065003 1994.162300 32.1690 64.1690  366  363.1236 18.3904 4.8294 36.5646 204.7370 0.3820 0.2810   -9.9900
20065003 1994.162300 32.1690 64.1690  368  365.1061 18.3842 4.8288 36.5636 204.9290 0.3820 0.2800   -9.9900
20065003 1994.162300 32.1690 64.1690  370  367.0886 18.3792 4.8283 36.5634 204.7120 0.3820 0.2800   -9.9900
20065003 1994.162300 32.1690 64.1690  372  369.0711 18.3661 4.8269 36.5623 204.6220 0.3820 0.2810   -9.9900
20065003 1994.162300 32.1690 64.1690  374  371.0535 18.3602 4.8263 36.5617 204.7390 0.3820 0.2830   -9.9900
20065003 1994.162300 32.1690 64.1690  376  373.0360 18.3504 4.8252 36.5605 204.6820 0.3820 0.2820   -9.9900
20065003 1994.162300 32.1690 64.1690  378  375.0184 18.3347 4.8235 36.5590 204.6690 0.3820 0.2830   -9.9900
20065003 1994.162300 32.1690 64.1690  380  377.0008 18.3240 4.8224 36.5583 204.8520 0.3820 0.2830   -9.9900
20065003 1994.162300 32.1690 64.1690  382  378.9832 18.3139 4.8213 36.5573 204.9640 0.3820 0.2820   -9.9900
20065003 1994.162300 32.1690 64.1690  384  380.9656 18.2968 4.8194 36.5554 204.8330 0.3820 0.2830   -9.9900
20065003 1994.162300 32.1690 64.1690  386  382.9479 18.2855 4.8182 36.5541 204.6870 0.3820 0.2820   -9.9900
20065003 1994.162300 32.1690 64.1690  388  384.9303 18.2651 4.8159 36.5520 204.6090 0.3820 0.2810   -9.9900
20065003 1994.162300 32.1690 64.1690  390  386.9126 18.2523 4.8144 36.5502 204.5500 0.3820 0.2820   -9.9900
20065003 1994.162300 32.1690 64.1690  392  388.8949 18.2375 4.8127 36.5480 204.5050 0.3820 0.2830   -9.9900
20065003 1994.162300 32.1690 64.1690  394  390.8771 18.2252 4.8113 36.5465 204.6440 0.3820 0.2810   -9.9900
20065003 1994.162300 32.1690 64.1690  396  392.8594 18.2270 4.8116 36.5468 204.5310 0.3820 0.2810   -9.9900
20065003 1994.162300 32.1690 64.1690  398  394.8416 18.2259 4.8116 36.5466 204.2240 0.3830 0.2820   -9.9900
20065003 1994.162300 32.1690 64.1690  400  396.8238 18.2017 4.8087 36.5429 204.0400 0.3820 0.2830   -9.9900
20065003 1994.162300 32.1690 64.1690  402  398.8060 18.1941 4.8079 36.5422 204.2070 0.3820 0.2830   -9.9900
20065003 1994.162300 32.1690 64.1690  404  400.7882 18.1856 4.8069 36.5405 204.4210 0.3820 0.2840   -9.9900
20065004 1994.162359 32.1670 64.4950    9    8.9370 19.5997 4.9378 36.5446 222.6900 0.4270 0.3260   -9.9900
20065004 1994.162359 32.1670 64.4950   11   10.9229 19.5989 4.9378 36.5446 222.5750 0.4270 0.3210   -9.9900
20065004 1994.162359 32.1670 64.4950   13   12.9089 19.5986 4.9379 36.5446 222.4230 0.4280 0.3190   -9.9900
20065004 1994.162359 32.1670 64.4950   15   14.8948 19.5984 4.9380 36.5446 222.3770 0.4280 0.3200   -9.9900
20065004 1994.162359 32.1670 64.4950   17   16.8806 19.5986 4.9381 36.5446 222.4360 0.4280 0.3200   -9.9900
20065004 1994.162359 32.1670 64.4950   19   18.8665 19.5984 4.9381 36.5446 222.6490 0.4280 0.3180   -9.9900
20065004 1994.162359 32.1670 64.4950   21   20.8524 19.5987 4.9383 36.5446 222.5700 0.4280 0.3170   -9.9900
20065004 1994.162359 32.1670 64.4950   23   22.8382 19.5993 4.9384 36.5446 222.1550 0.4280 0.3170   -9.9900
20065004 1994.162359 32.1670 64.4950   25   24.8240 19.6004 4.9386 36.5446 222.3610 0.4280 0.3210   -9.9900
20065004 1994.162359 32.1670 64.4950   27   26.8098 19.5999 4.9387 36.5448 222.4780 0.4290 0.3160   -9.9900
20065004 1994.162359 32.1670 64.4950   29   28.7956 19.6040 4.9392 36.5448 222.3900 0.4280 0.3140   -9.9900
20065004 1994.162359 32.1670 64.4950   31   30.7813 19.6063 4.9396 36.5453 222.4260 0.4280 0.3130   -9.9900
20065004 1994.162359 32.1670 64.4950   33   32.7670 19.6086 4.9400 36.5456 222.4200 0.4260 0.3150   -9.9900
20065004 1994.162359 32.1670 64.4950   35   34.7528 19.6084 4.9400 36.5455 222.4030 0.4300 0.3140   -9.9900
20065004 1994.162359 32.1670 64.4950   37   36.7385 19.6100 4.9403 36.5460 222.1400 0.4260 0.3150   -9.9900
20065004 1994.162359 32.1670 64.4950   39   38.7241 19.6096 4.9404 36.5459 222.1870 0.4260 0.3180   -9.9900
20065004 1994.162359 32.1670 64.4950   41   40.7098 19.6088 4.9403 36.5455 222.1750 0.4260 0.3160   -9.9900
20065004 1994.162359 32.1670 64.4950   43   42.6954 19.6096 4.9405 36.5457 222.2530 0.4260 0.3170   -9.9900
20065004 1994.162359 32.1670 64.4950   45   44.6810 19.6100 4.9407 36.5458 222.2390 0.4260 0.3160   -9.9900
20065004 1994.162359 32.1670 64.4950   47   46.6666 19.6094 4.9407 36.5453 222.2100 0.4270 0.3190   -9.9900
20065004 1994.162359 32.1670 64.4950   49   48.6522 19.6091 4.9407 36.5451 222.2170 0.4270 0.3200   -9.9900
20065004 1994.162359 32.1670 64.4950   51   50.6378 19.6091 4.9408 36.5450 222.1980 0.4270 0.3250   -9.9900
20065004 1994.162359 32.1670 64.4950   53   52.6233 19.6091 4.9409 36.5451 222.2030 0.4270 0.3290   -9.9900
20065004 1994.162359 32.1670 64.4950   55   54.6088 19.6091 4.9410 36.5452 222.2030 0.4270 0.3300   -9.9900
20065004 1994.162359 32.1670 64.4950   57   56.5943 19.6091 4.9411 36.5454 222.2340 0.4270 0.3270   -9.9900
20065004 1994.162359 32.1670 64.4950   59   58.5798 19.6094 4.9412 36.5456 222.2490 0.4270 0.3220   -9.9900
20065004 1994.162359 32.1670 64.4950   61   60.5653 19.6100 4.9414 36.5458 222.2430 0.4260 0.3210   -9.9900
20065004 1994.162359 32.1670 64.4950   63   62.5507 19.6107 4.9416 36.5460 222.1840 0.4250 0.3140   -9.9900
20065004 1994.162359 32.1670 64.4950   65   64.5361 19.6104 4.9416 36.5458 222.1430 0.4250 0.3130   -9.9900
20065004 1994.162359 32.1670 64.4950   67   66.5215 19.6097 4.9416 36.5453 222.1950 0.4270 0.3170   -9.9900
20065004 1994.162359 32.1670 64.4950   69   68.5069 19.6097 4.9416 36.5451 222.2160 0.4270 0.3200   -9.9900
20065004 1994.162359 32.1670 64.4950   71   70.4923 19.6099 4.9417 36.5448 222.2460 0.4270 0.3240   -9.9900
20065004 1994.162359 32.1670 64.4950   73   72.4776 19.6103 4.9419 36.5449 222.2470 0.4280 0.3230   -9.9900
20065004 1994.162359 32.1670 64.4950   75   74.4630 19.6106 4.9420 36.5449 222.2530 0.4280 0.3220   -9.9900
20065004 1994.162359 32.1670 64.4950   77   76.4483 19.6110 4.9421 36.5450 222.2690 0.4270 0.3270   -9.9900
20065004 1994.162359 32.1670 64.4950   79   78.4336 19.6115 4.9423 36.5452 222.2090 0.4280 0.3320   -9.9900
20065004 1994.162359 32.1670 64.4950   81   80.4188 19.6116 4.9424 36.5455 222.2170 0.4270 0.3280   -9.9900
20065004 1994.162359 32.1670 64.4950   83   82.4041 19.6123 4.9426 36.5454 222.2050 0.4270 0.3250   -9.9900
20065004 1994.162359 32.1670 64.4950   85   84.3893 19.6127 4.9428 36.5457 222.2220 0.4260 0.3240   -9.9900
20065004 1994.162359 32.1670 64.4950   87   86.3745 19.6135 4.9429 36.5457 222.1890 0.4260 0.3240   -9.9900
20065004 1994.162359 32.1670 64.4950   89   88.3597 19.6140 4.9431 36.5461 222.2140 0.4250 0.3250   -9.9900
20065004 1994.162359 32.1670 64.4950   91   90.3449 19.6144 4.9433 36.5462 222.3150 0.4250 0.3280   -9.9900
20065004 1994.162359 32.1670 64.4950   93   92.3301 19.6154 4.9436 36.5472 222.3290 0.4240 0.3280   -9.9900
20065004 1994.162359 32.1670 64.4950   95   94.3152 19.6167 4.9438 36.5474 222.0220 0.4220 0.3250   -9.9900
20065004 1994.162359 32.1670 64.4950   97   96.3003 19.6171 4.9440 36.5479 221.6570 0.4220 0.3160   -9.9900
20065004 1994.162359 32.1670 64.4950   99   98.2854 19.6176 4.9443 36.5492 221.5570 0.4190 0.3130   -9.9900
20065004 1994.162359 32.1670 64.4950  101  100.2705 19.6174 4.9444 36.5496 221.6000 0.4190 0.3140   -9.9900
20065004 1994.162359 32.1670 64.4950  103  102.2555 19.6177 4.9448 36.5513 221.3080 0.4150 0.3120   -9.9900
20065004 1994.162359 32.1670 64.4950  105  104.2406 19.6129 4.9446 36.5534 220.9620 0.4110 0.3080   -9.9900
20065004 1994.162359 32.1670 64.4950  107  106.2256 19.6061 4.9442 36.5550 220.6170 0.4070 0.2990   -9.9900
20065004 1994.162359 32.1670 64.4950  109  108.2106 19.6010 4.9439 36.5565 220.4120 0.4040 0.2930   -9.9900
20065004 1994.162359 32.1670 64.4950  111  110.1956 19.5921 4.9433 36.5587 220.0990 0.3990 0.2820   -9.9900
20065004 1994.162359 32.1670 64.4950  113  112.1805 19.5850 4.9427 36.5590 219.8980 0.3960 0.2750   -9.9900
20065004 1994.162359 32.1670 64.4950  115  114.1655 19.5740 4.9417 36.5595 219.7500 0.3940 0.2730   -9.9900
20065004 1994.162359 32.1670 64.4950  117  116.1504 19.5673 4.9411 36.5595 219.8110 0.3940 0.2710   -9.9900
20065004 1994.162359 32.1670 64.4950  119  118.1353 19.5648 4.9409 36.5595 219.7460 0.3930 0.2720   -9.9900
20065004 1994.162359 32.1670 64.4950  121  120.1202 19.5616 4.9407 36.5595 219.5840 0.3920 0.2740   -9.9900
20065004 1994.162359 32.1670 64.4950  123  122.1051 19.5599 4.9406 36.5595 219.5330 0.3920 0.2720   -9.9900
20065004 1994.162359 32.1670 64.4950  125  124.0899 19.5587 4.9405 36.5595 219.5260 0.3920 0.2680   -9.9900
20065004 1994.162359 32.1670 64.4950  127  126.0747 19.5573 4.9405 36.5595 219.6290 0.3920 0.2640   -9.9900
20065004 1994.162359 32.1670 64.4950  129  128.0595 19.5573 4.9406 36.5594 219.7660 0.3920 0.2680   -9.9900
20065004 1994.162359 32.1670 64.4950  131  130.0443 19.5569 4.9406 36.5593 219.7370 0.3920 0.2690   -9.9900
20065004 1994.162359 32.1670 64.4950  133  132.0291 19.5556 4.9405 36.5593 219.6190 0.3920 0.2660   -9.9900
20065004 1994.162359 32.1670 64.4950  135  134.0139 19.5531 4.9404 36.5594 219.6020 0.3920 0.2660   -9.9900
20065004 1994.162359 32.1670 64.4950  137  135.9986 19.5512 4.9403 36.5594 219.5420 0.3920 0.3040   -9.9900
20065004 1994.162359 32.1670 64.4950  139  137.9833 19.5468 4.9398 36.5589 219.6430 0.3920 0.3420   -9.9900
20065004 1994.162359 32.1670 64.4950  141  139.9680 19.5406 4.9392 36.5586 219.7530 0.3920 0.3090   -9.9900
20065004 1994.162359 32.1670 64.4950  143  141.9527 19.5357 4.9388 36.5585 219.8960 0.3910 0.2860   -9.9900
20065004 1994.162359 32.1670 64.4950  145  143.9373 19.5312 4.9384 36.5584 220.0350 0.3930 0.2720   -9.9900
20065004 1994.162359 32.1670 64.4950  147  145.9220 19.5274 4.9381 36.5582 220.0550 0.3920 0.2720   -9.9900
20065004 1994.162359 32.1670 64.4950  149  147.9066 19.5236 4.9378 36.5581 220.1340 0.3910 0.2710   -9.9900
20065004 1994.162359 32.1670 64.4950  151  149.8912 19.5238 4.9378 36.5579 220.1800 0.3910 0.2720   -9.9900
20065004 1994.162359 32.1670 64.4950  153  151.8757 19.5206 4.9376 36.5578 219.9300 0.3910 0.2690   -9.9900
20065004 1994.162359 32.1670 64.4950  155  153.8603 19.5173 4.9373 36.5577 219.8670 0.3910 0.2690   -9.9900
20065004 1994.162359 32.1670 64.4950  157  155.8448 19.5166 4.9373 36.5576 219.8490 0.3920 0.2680   -9.9900
20065004 1994.162359 32.1670 64.4950  159  157.8294 19.5164 4.9374 36.5576 219.6780 0.3920 0.2670   -9.9900
20065004 1994.162359 32.1670 64.4950  161  159.8139 19.5159 4.9374 36.5575 219.5970 0.3910 0.2670   -9.9900
20065004 1994.162359 32.1670 64.4950  163  161.7983 19.5145 4.9373 36.5574 219.6120 0.3910 0.2660   -9.9900
20065004 1994.162359 32.1670 64.4950  165  163.7828 19.5122 4.9372 36.5573 219.7070 0.3910 0.2670   -9.9900
20065004 1994.162359 32.1670 64.4950  167  165.7673 19.5119 4.9372 36.5572 219.6130 0.3910 0.2640   -9.9900
20065004 1994.162359 32.1670 64.4950  169  167.7517 19.5113 4.9372 36.5571 219.5750 0.3900 0.2600   -9.9900
20065004 1994.162359 32.1670 64.4950  171  169.7361 19.5108 4.9373 36.5571 219.5240 0.3900 0.2610   -9.9900
20065004 1994.162359 32.1670 64.4950  173  171.7205 19.5107 4.9374 36.5573 219.4310 0.3900 0.2670   -9.9900
20065004 1994.162359 32.1670 64.4950  175  173.7048 19.5109 4.9375 36.5574 219.4470 0.3910 0.2690   -9.9900
20065004 1994.162359 32.1670 64.4950  177  175.6892 19.5105 4.9375 36.5574 219.5520 0.3900 0.2660   -9.9900
20065004 1994.162359 32.1670 64.4950  179  177.6735 19.5058 4.9371 36.5571 219.2410 0.3900 0.2680   -9.9900
20065004 1994.162359 32.1670 64.4950  181  179.6578 19.5009 4.9367 36.5569 219.0550 0.3900 0.2650   -9.9900
20065004 1994.162359 32.1670 64.4950  183  181.6421 19.4983 4.9364 36.5567 219.1320 0.3900 0.2650   -9.9900
20065004 1994.162359 32.1670 64.4950  185  183.6264 19.4964 4.9363 36.5566 219.1980 0.3900 0.2660   -9.9900
20065004 1994.162359 32.1670 64.4950  187  185.6106 19.4946 4.9362 36.5563 219.2060 0.3910 0.2650   -9.9900
20065004 1994.162359 32.1670 64.4950  189  187.5949 19.4922 4.9360 36.5562 219.0210 0.3910 0.2650   -9.9900
20065004 1994.162359 32.1670 64.4950  191  189.5791 19.4887 4.9357 36.5562 218.7600 0.3910 0.2670   -9.9900
20065004 1994.162359 32.1670 64.4950  193  191.5633 19.4839 4.9353 36.5558 218.7270 0.3920 0.2660   -9.9900
20065004 1994.162359 32.1670 64.4950  195  193.5475 19.4719 4.9339 36.5545 218.6760 0.3920 0.2650   -9.9900
20065004 1994.162359 32.1670 64.4950  197  195.5316 19.4524 4.9317 36.5525 218.4770 0.3900 0.2630   -9.9900
20065004 1994.162359 32.1670 64.4950  199  197.5157 19.4400 4.9304 36.5512 218.1720 0.3900 0.2620   -9.9900
20065004 1994.162359 32.1670 64.4950  201  199.4999 19.4237 4.9285 36.5492 217.9030 0.3900 0.2630   -9.9900
20065004 1994.162359 32.1670 64.4950  203  201.4840 19.4136 4.9274 36.5479 217.7990 0.3900 0.2620   -9.9900
20065004 1994.162359 32.1670 64.4950  205  203.4680 19.3880 4.9243 36.5436 217.7490 0.3900 0.2600   -9.9900
20065004 1994.162359 32.1670 64.4950  207  205.4521 19.3591 4.9208 36.5392 217.7000 0.3900 0.2610   -9.9900
20065004 1994.162359 32.1670 64.4950  209  207.4361 19.3488 4.9197 36.5382 217.6160 0.3890 0.2620   -9.9900
20065004 1994.162359 32.1670 64.4950  211  209.4202 19.3442 4.9193 36.5383 217.5180 0.3890 0.2630   -9.9900
20065004 1994.162359 32.1670 64.4950  213  211.4042 19.3417 4.9192 36.5392 217.2970 0.3890 0.2630   -9.9900
20065004 1994.162359 32.1670 64.4950  215  213.3881 19.3341 4.9185 36.5387 217.0700 0.3890 0.2630   -9.9900
20065004 1994.162359 32.1670 64.4950  217  215.3721 19.3127 4.9160 36.5361 216.9930 0.3890 0.2620   -9.9900
20065004 1994.162359 32.1670 64.4950  219  217.3561 19.2835 4.9132 36.5375 217.0490 0.3880 0.2600   -9.9900
20065004 1994.162359 32.1670 64.4950  221  219.3400 19.2793 4.9130 36.5389 216.7410 0.3880 0.2600   -9.9900
20065004 1994.162359 32.1670 64.4950  223  221.3239 19.2757 4.9129 36.5406 216.5310 0.3880 0.2600   -9.9900
20065004 1994.162359 32.1670 64.4950  225  223.3078 19.2765 4.9131 36.5409 216.2230 0.3880 0.2580   -9.9900
20065004 1994.162359 32.1670 64.4950  227  225.2916 19.2770 4.9133 36.5411 216.0100 0.3880 0.2600   -9.9900
20065004 1994.162359 32.1670 64.4950  229  227.2755 19.2818 4.9145 36.5461 215.9090 0.3880 0.2600   -9.9900
20065004 1994.162359 32.1670 64.4950  231  229.2593 19.2861 4.9155 36.5501 215.7460 0.3880 0.2610   -9.9900
20065004 1994.162359 32.1670 64.4950  233  231.2431 19.2916 4.9171 36.5580 215.3920 0.3880 0.2610   -9.9900
20065004 1994.162359 32.1670 64.4950  235  233.2269 19.2919 4.9179 36.5638 215.3280 0.3880 0.2630   -9.9900
20065004 1994.162359 32.1670 64.4950  237  235.2107 19.2876 4.9176 36.5644 215.5830 0.3880 0.2640   -9.9900
20065004 1994.162359 32.1670 64.4950  239  237.1945 19.2838 4.9176 36.5666 215.3110 0.3880 0.2640   -9.9900
20065004 1994.162359 32.1670 64.4950  241  239.1782 19.2807 4.9178 36.5699 214.4330 0.3900 0.2630   -9.9900
20065004 1994.162359 32.1670 64.4950  243  241.1619 19.2746 4.9177 36.5745 212.9040 0.3890 0.2660   -9.9900
20065004 1994.162359 32.1670 64.4950  245  243.1456 19.2723 4.9178 36.5759 212.3300 0.3890 0.2670   -9.9900
20065004 1994.162359 32.1670 64.4950  247  245.1293 19.2640 4.9171 36.5771 211.4160 0.3880 0.2680   -9.9900
20065004 1994.162359 32.1670 64.4950  249  247.1129 19.2523 4.9160 36.5775 211.3540 0.3880 0.2670   -9.9900
20065004 1994.162359 32.1670 64.4950  251  249.0966 19.2395 4.9148 36.5779 211.0220 0.3880 0.2660   -9.9900
20065004 1994.162359 32.1670 64.4950  253  251.0802 19.2205 4.9131 36.5794 210.5590 0.3880 0.2660   -9.9900
20065004 1994.162359 32.1670 64.4950  255  253.0638 19.2087 4.9122 36.5815 210.0100 0.3880 0.2680   -9.9900
