20018001 1990.251088 32.1330 64.6770    4    3.9721 20.2790 5.0334 36.7430  -9.9900 -9.9900 0.1530   52.7300
20018001 1990.251088 32.1330 64.6770    6    5.9581 20.2680 5.0326 36.7450  -9.9900 -9.9900 0.1460   42.5300
20018001 1990.251088 32.1330 64.6770    8    7.9440 20.2040 5.0257 36.7440  -9.9900 -9.9900 0.1410   36.5100
20018001 1990.251088 32.1330 64.6770   10    9.9300 20.0490 5.0083 36.7350  -9.9900 -9.9900 0.1710   30.8600
20018001 1990.251088 32.1330 64.6770   12   11.9159 19.9770 4.9993 36.7230  -9.9900 -9.9900 0.1760   27.9000
20018001 1990.251088 32.1330 64.6770   14   13.9019 19.9350 4.9945 36.7190  -9.9900 -9.9900 0.1860   25.8700
20018001 1990.251088 32.1330 64.6770   16   15.8878 19.8970 4.9899 36.7140  -9.9900 -9.9900 0.1970   23.3100
20018001 1990.251088 32.1330 64.6770   18   17.8736 19.8540 4.9849 36.7090  -9.9900 -9.9900 0.2090   21.2600
20018001 1990.251088 32.1330 64.6770   20   19.8595 19.8150 4.9805 36.7060  -9.9900 -9.9900 0.2320   19.7800
20018001 1990.251088 32.1330 64.6770   22   21.8453 19.7270 4.9701 36.6960  -9.9900 -9.9900 0.2340   18.0600
20018001 1990.251088 32.1330 64.6770   24   23.8312 19.5920 4.9540 36.6800  -9.9900 -9.9900 0.2550   16.8700
20018001 1990.251088 32.1330 64.6770   26   25.8170 19.5180 4.9453 36.6720  -9.9900 -9.9900 0.2750   15.4200
20018001 1990.251088 32.1330 64.6770   28   27.8028 19.4790 4.9407 36.6670  -9.9900 -9.9900 0.2850   13.9500
20018001 1990.251088 32.1330 64.6770   30   29.7885 19.4680 4.9394 36.6650  -9.9900 -9.9900 0.3110   12.4500
20018001 1990.251088 32.1330 64.6770   32   31.7743 19.4310 4.9353 36.6630  -9.9900 -9.9900 0.3370   11.5500
20018001 1990.251088 32.1330 64.6770   34   33.7600 19.4210 4.9340 36.6600  -9.9900 -9.9900 0.4050   10.5400
20018001 1990.251088 32.1330 64.6770   36   35.7457 19.4150 4.9333 36.6590  -9.9900 -9.9900 0.3960    9.6000
20018001 1990.251088 32.1330 64.6770   38   37.7314 19.4050 4.9321 36.6570  -9.9900 -9.9900 0.3810    8.7200
20018001 1990.251088 32.1330 64.6770   40   39.7171 19.3930 4.9307 36.6550  -9.9900 -9.9900 0.4750    7.8700
20018001 1990.251088 32.1330 64.6770   42   41.7027 19.3830 4.9296 36.6540  -9.9900 -9.9900 0.4280    7.1300
20018001 1990.251088 32.1330 64.6770   44   43.6883 19.3740 4.9286 36.6530  -9.9900 -9.9900 0.4610    6.4200
20018001 1990.251088 32.1330 64.6770   46   45.6740 19.3640 4.9276 36.6520  -9.9900 -9.9900 0.4610    5.8200
20018001 1990.251088 32.1330 64.6770   48   47.6596 19.3560 4.9268 36.6520  -9.9900 -9.9900 0.4680    5.2600
20018001 1990.251088 32.1330 64.6770   50   49.6451 19.3450 4.9257 36.6520  -9.9900 -9.9900 0.4850    4.6700
20018001 1990.251088 32.1330 64.6770   52   51.6307 19.3370 4.9250 36.6520  -9.9900 -9.9900 0.4880    4.2500
20018001 1990.251088 32.1330 64.6770   54   53.6162 19.3430 4.9262 36.6560  -9.9900 -9.9900 0.4860    3.8900
20018001 1990.251088 32.1330 64.6770   56   55.6017 19.3470 4.9271 36.6590  -9.9900 -9.9900 0.4790    3.4300
20018001 1990.251088 32.1330 64.6770   58   57.5872 19.3510 4.9281 36.6630  -9.9900 -9.9900 0.4710    3.0900
20018001 1990.251088 32.1330 64.6770   60   59.5727 19.3480 4.9279 36.6640  -9.9900 -9.9900 0.4790    2.7900
20018001 1990.251088 32.1330 64.6770   62   61.5582 19.3430 4.9275 36.6640  -9.9900 -9.9900 0.4840    2.4900
20018001 1990.251088 32.1330 64.6770   64   63.5436 19.3390 4.9272 36.6640  -9.9900 -9.9900 0.4830    2.2600
20018001 1990.251088 32.1330 64.6770   66   65.5290 19.3400 4.9275 36.6650  -9.9900 -9.9900 0.5010    2.0300
20018001 1990.251088 32.1330 64.6770   68   67.5144 19.3400 4.9277 36.6660  -9.9900 -9.9900 0.4900    1.8200
20018001 1990.251088 32.1330 64.6770   70   69.4998 19.3330 4.9269 36.6650  -9.9900 -9.9900 0.4890    1.6500
20018001 1990.251088 32.1330 64.6770   72   71.4852 19.3260 4.9262 36.6640  -9.9900 -9.9900 0.4850    1.4900
20018001 1990.251088 32.1330 64.6770   74   73.4705 19.3230 4.9259 36.6640  -9.9900 -9.9900 0.4770    1.3400
20018001 1990.251088 32.1330 64.6770   76   75.4558 19.3210 4.9258 36.6640  -9.9900 -9.9900 0.4700    1.2100
20018001 1990.251088 32.1330 64.6770   78   77.4411 19.3160 4.9253 36.6630  -9.9900 -9.9900 0.4620    1.1200
20018001 1990.251088 32.1330 64.6770   80   79.4264 19.3100 4.9245 36.6610  -9.9900 -9.9900 0.4880    0.9800
20018001 1990.251088 32.1330 64.6770   82   81.4117 19.2830 4.9214 36.6580  -9.9900 -9.9900 0.5710    0.8900
20018001 1990.251088 32.1330 64.6770   84   83.3969 19.2230 4.9141 36.6490  -9.9900 -9.9900 0.7710    0.7800
20018001 1990.251088 32.1330 64.6770   86   85.3822 19.1140 4.9010 36.6350  -9.9900 -9.9900 0.9090    0.6900
20018001 1990.251088 32.1330 64.6770   88   87.3674 19.0500 4.8935 36.6270  -9.9900 -9.9900 1.0540    0.6000
20018001 1990.251088 32.1330 64.6770   90   89.3526 18.9990 4.8875 36.6210  -9.9900 -9.9900 1.1210    0.5200
20018001 1990.251088 32.1330 64.6770   92   91.3377 18.9300 4.8791 36.6110  -9.9900 -9.9900 1.1530    0.4500
20018001 1990.251088 32.1330 64.6770   94   93.3229 18.9070 4.8765 36.6080  -9.9900 -9.9900 1.1690    0.3800
20018001 1990.251088 32.1330 64.6770   96   95.3080 18.8910 4.8746 36.6060  -9.9900 -9.9900 1.1260    0.3300
20018001 1990.251088 32.1330 64.6770   98   97.2931 18.8830 4.8739 36.6060  -9.9900 -9.9900 1.0790    0.3000
20018001 1990.251088 32.1330 64.6770  100   99.2782 18.8810 4.8738 36.6060  -9.9900 -9.9900 1.0120    0.2800
20018001 1990.251088 32.1330 64.6770  102  101.2633 18.8580 4.8711 36.6030  -9.9900 -9.9900 0.8200    0.2700
20018001 1990.251088 32.1330 64.6770  104  103.2483 18.8460 4.8698 36.6020  -9.9900 -9.9900 0.7610    0.2700
20018001 1990.251088 32.1330 64.6770  106  105.2334 18.8290 4.8678 36.5990  -9.9900 -9.9900 0.6310    0.2600
20018001 1990.251088 32.1330 64.6770  108  107.2184 18.8240 4.8673 36.5990  -9.9900 -9.9900 0.6150    0.2600
20018001 1990.251088 32.1330 64.6770  110  109.2034 18.8210 4.8671 36.5990  -9.9900 -9.9900 0.5890    0.2600
20018001 1990.251088 32.1330 64.6770  112  111.1884 18.8190 4.8671 36.6000  -9.9900 -9.9900 0.5510    0.2500
20018001 1990.251088 32.1330 64.6770  114  113.1733 18.8180 4.8672 36.6010  -9.9900 -9.9900 0.5170    0.2500
20018001 1990.251088 32.1330 64.6770  116  115.1583 18.8140 4.8669 36.6010  -9.9900 -9.9900 0.4860    0.2500
20018001 1990.251088 32.1330 64.6770  118  117.1432 18.7950 4.8645 36.5970  -9.9900 -9.9900 0.4770    0.2500
20018001 1990.251088 32.1330 64.6770  120  119.1281 18.7810 4.8628 36.5940  -9.9900 -9.9900 0.4770    0.2500
20018001 1990.251088 32.1330 64.6770  122  121.1130 18.7600 4.8603 36.5910  -9.9900 -9.9900 0.4380    0.2500
20018001 1990.251088 32.1330 64.6770  124  123.0978 18.7490 4.8591 36.5900  -9.9900 -9.9900 0.3740    0.2400
20018001 1990.251088 32.1330 64.6770  126  125.0827 18.7450 4.8589 36.5910  -9.9900 -9.9900 0.3210    0.2400
20018001 1990.251088 32.1330 64.6770  128  127.0675 18.7440 4.8590 36.5920  -9.9900 -9.9900 0.2720    0.2400
20018001 1990.251088 32.1330 64.6770  130  129.0523 18.7380 4.8584 36.5910  -9.9900 -9.9900 0.2520    0.2400
20018001 1990.251088 32.1330 64.6770  132  131.0371 18.7350 4.8581 36.5910  -9.9900 -9.9900 0.2360    0.2400
20018001 1990.251088 32.1330 64.6770  134  133.0219 18.7230 4.8568 36.5900  -9.9900 -9.9900 0.2170    0.2400
20018001 1990.251088 32.1330 64.6770  136  135.0066 18.7220 4.8568 36.5900  -9.9900 -9.9900 0.1930    0.2400
20018001 1990.251088 32.1330 64.6770  138  136.9913 18.7200 4.8568 36.5910  -9.9900 -9.9900 0.1850    0.2400
20018001 1990.251088 32.1330 64.6770  140  138.9760 18.7130 4.8561 36.5900  -9.9900 -9.9900 0.1780    0.2400
20018001 1990.251088 32.1330 64.6770  142  140.9607 18.6990 4.8543 36.5870  -9.9900 -9.9900 0.1660    0.2400
20018001 1990.251088 32.1330 64.6770  144  142.9454 18.6910 4.8536 36.5870  -9.9900 -9.9900 0.1470    0.2300
20018001 1990.251088 32.1330 64.6770  146  144.9300 18.6850 4.8529 36.5860  -9.9900 -9.9900 0.1240    0.2300
20018001 1990.251088 32.1330 64.6770  148  146.9147 18.6790 4.8523 36.5850  -9.9900 -9.9900 0.1160    0.2300
20018001 1990.251088 32.1330 64.6770  150  148.8993 18.6780 4.8523 36.5850  -9.9900 -9.9900 0.1120    0.2300
20018001 1990.251088 32.1330 64.6770  152  150.8839 18.6710 4.8516 36.5850  -9.9900 -9.9900 0.0980    0.2300
20018001 1990.251088 32.1330 64.6770  154  152.8685 18.6630 4.8508 36.5840  -9.9900 -9.9900 0.0900    0.2300
20018001 1990.251088 32.1330 64.6770  156  154.8530 18.6620 4.8507 36.5840  -9.9900 -9.9900 0.0810    0.2300
20018001 1990.251088 32.1330 64.6770  158  156.8376 18.6560 4.8501 36.5830  -9.9900 -9.9900 0.0700    0.2300
20018001 1990.251088 32.1330 64.6770  160  158.8221 18.6510 4.8496 36.5830  -9.9900 -9.9900 0.0670    0.2100
20018001 1990.251088 32.1330 64.6770  162  160.8066 18.6520 4.8500 36.5840  -9.9900 -9.9900 0.0650    0.2000
20018001 1990.251088 32.1330 64.6770  164  162.7910 18.6500 4.8498 36.5840  -9.9900 -9.9900 0.0690    0.2100
20018001 1990.251088 32.1330 64.6770  166  164.7755 18.6470 4.8496 36.5840  -9.9900 -9.9900 0.0640    0.2100
20018001 1990.251088 32.1330 64.6770  168  166.7599 18.6470 4.8498 36.5850  -9.9900 -9.9900 0.0640    0.2100
20018001 1990.251088 32.1330 64.6770  170  168.7444 18.6480 4.8501 36.5860  -9.9900 -9.9900 0.0670    0.2100
20018001 1990.251088 32.1330 64.6770  172  170.7288 18.6530 4.8510 36.5880  -9.9900 -9.9900 0.0680    0.2000
20018001 1990.251088 32.1330 64.6770  174  172.7131 18.6530 4.8512 36.5890  -9.9900 -9.9900 0.0780    0.2100
20018001 1990.251088 32.1330 64.6770  176  174.6975 18.6520 4.8512 36.5890  -9.9900 -9.9900 0.0860    0.2100
20018001 1990.251088 32.1330 64.6770  178  176.6819 18.6520 4.8513 36.5890  -9.9900 -9.9900 0.0910    0.2100
20018001 1990.251088 32.1330 64.6770  180  178.6662 18.6500 4.8512 36.5890  -9.9900 -9.9900 0.0910    0.2100
20018001 1990.251088 32.1330 64.6770  182  180.6505 18.6470 4.8509 36.5890  -9.9900 -9.9900 0.0910    0.2100
20018001 1990.251088 32.1330 64.6770  184  182.6348 18.6460 4.8509 36.5890  -9.9900 -9.9900 0.0840    0.2100
20018001 1990.251088 32.1330 64.6770  186  184.6190 18.6420 4.8506 36.5890  -9.9900 -9.9900 0.0710    0.2100
20018001 1990.251088 32.1330 64.6770  188  186.6033 18.6440 4.8510 36.5900  -9.9900 -9.9900 0.0670    0.2100
20018001 1990.251088 32.1330 64.6770  190  188.5875 18.6490 4.8518 36.5920  -9.9900 -9.9900 0.0600    0.2100
20018001 1990.251088 32.1330 64.6770  192  190.5717 18.6540 4.8527 36.5940  -9.9900 -9.9900 0.0400    0.2100
20018001 1990.251088 32.1330 64.6770  194  192.5559 18.6560 4.8531 36.5950  -9.9900 -9.9900 0.0360    0.2100
20018001 1990.251088 32.1330 64.6770  196  194.5401 18.6540 4.8530 36.5950  -9.9900 -9.9900 0.0380    0.2100
20018001 1990.251088 32.1330 64.6770  198  196.5242 18.6520 4.8529 36.5950  -9.9900 -9.9900 0.0340    0.2100
20018001 1990.251088 32.1330 64.6770  200  198.5084 18.6430 4.8518 36.5930  -9.9900 -9.9900 0.0300    0.2100
20018001 1990.251088 32.1330 64.6770  202  200.4925 18.6430 4.8520 36.5940  -9.9900 -9.9900 0.0360    0.2100
20018001 1990.251088 32.1330 64.6770  204  202.4766 18.6450 4.8524 36.5950  -9.9900 -9.9900 0.0350    0.2100
20018001 1990.251088 32.1330 64.6770  206  204.4606 18.6410 4.8520 36.5940  -9.9900 -9.9900 0.0360    0.2100
20018001 1990.251088 32.1330 64.6770  208  206.4447 18.6300 4.8506 36.5910  -9.9900 -9.9900 0.0380    0.2100
20018001 1990.251088 32.1330 64.6770  210  208.4287 18.6150 4.8487 36.5880  -9.9900 -9.9900 0.0400    0.2100
20018001 1990.251088 32.1330 64.6770  212  210.4128 18.6120 4.8485 36.5880  -9.9900 -9.9900 0.0430    0.2100
20018001 1990.251088 32.1330 64.6770  214  212.3968 18.6250 4.8504 36.5920  -9.9900 -9.9900 0.0360    0.2100
20018001 1990.251088 32.1330 64.6770  216  214.3807 18.6110 4.8487 36.5890  -9.9900 -9.9900 0.0410    0.2100
20018001 1990.251088 32.1330 64.6770  218  216.3647 18.5990 4.8473 36.5870  -9.9900 -9.9900 0.0400    0.2100
20018001 1990.251088 32.1330 64.6770  220  218.3486 18.6000 4.8475 36.5870  -9.9900 -9.9900 0.0420    0.2100
20018001 1990.251088 32.1330 64.6770  222  220.3326 18.6020 4.8479 36.5880  -9.9900 -9.9900 0.0400    0.2100
20018001 1990.251088 32.1330 64.6770  224  222.3165 18.6030 4.8482 36.5890  -9.9900 -9.9900 0.0390    0.2100
20018001 1990.251088 32.1330 64.6770  226  224.3003 18.6030 4.8483 36.5890  -9.9900 -9.9900 0.0420    0.2100
20018001 1990.251088 32.1330 64.6770  228  226.2842 18.5950 4.8474 36.5880  -9.9900 -9.9900 0.0390    0.2100
20018001 1990.251088 32.1330 64.6770  230  228.2681 18.5890 4.8468 36.5870  -9.9900 -9.9900 0.0430    0.2100
20018001 1990.251088 32.1330 64.6770  232  230.2519 18.5830 4.8460 36.5850  -9.9900 -9.9900 0.0400    0.2100
20018001 1990.251088 32.1330 64.6770  234  232.2357 18.5760 4.8452 36.5840  -9.9900 -9.9900 0.0420    0.2100
20018001 1990.251088 32.1330 64.6770  236  234.2195 18.5680 4.8443 36.5820  -9.9900 -9.9900 0.0490    0.2100
20018001 1990.251088 32.1330 64.6770  238  236.2032 18.5510 4.8423 36.5800  -9.9900 -9.9900 0.0490    0.2100
20018001 1990.251088 32.1330 64.6770  240  238.1870 18.5440 4.8416 36.5790  -9.9900 -9.9900 0.0350    0.2100
20018001 1990.251088 32.1330 64.6770  242  240.1707 18.5460 4.8420 36.5800  -9.9900 -9.9900 0.0400    0.2100
20018001 1990.251088 32.1330 64.6770  244  242.1544 18.5500 4.8426 36.5810  -9.9900 -9.9900 0.0500    0.2100
20018001 1990.251088 32.1330 64.6770  246  244.1381 18.5500 4.8428 36.5820  -9.9900 -9.9900 0.0490    0.2100
20018001 1990.251088 32.1330 64.6770  248  246.1218 18.5480 4.8427 36.5820  -9.9900 -9.9900 0.0450    0.2100
20018001 1990.251088 32.1330 64.6770  250  248.1055 18.5410 4.8419 36.5810  -9.9900 -9.9900 0.0400    0.2100
20018001 1990.251088 32.1330 64.6770  252  250.0891 18.5410 4.8421 36.5820  -9.9900 -9.9900 0.0420    0.2100
20018001 1990.251088 32.1330 64.6770  254  252.0727 18.5520 4.8437 36.5850  -9.9900 -9.9900 0.0410    0.2100
20018001 1990.251088 32.1330 64.6770  256  254.0563 18.5580 4.8447 36.5870  -9.9900 -9.9900 0.0400    0.2100
20018001 1990.251088 32.1330 64.6770  258  256.0399 18.5520 4.8440 36.5860  -9.9900 -9.9900 0.0390    0.2100
20018001 1990.251088 32.1330 64.6770  260  258.0234 18.5520 4.8441 36.5860  -9.9900 -9.9900 0.0370    0.2100
20018001 1990.251088 32.1330 64.6770  262  260.0070 18.5460 4.8436 36.5860  -9.9900 -9.9900 0.0360    0.2100
20018001 1990.251088 32.1330 64.6770  264  261.9905 18.5330 4.8420 36.5830  -9.9900 -9.9900 0.0340    0.2100
20018001 1990.251088 32.1330 64.6770  266  263.9740 18.5230 4.8409 36.5820  -9.9900 -9.9900 0.0330    0.2100
20018001 1990.251088 32.1330 64.6770  268  265.9575 18.5260 4.8414 36.5830  -9.9900 -9.9900 0.0310    0.2100
20018001 1990.251088 32.1330 64.6770  270  267.9409 18.5300 4.8420 36.5840  -9.9900 -9.9900 0.0300    0.2100
20018001 1990.251088 32.1330 64.6770  272  269.9244 18.5200 4.8408 36.5820  -9.9900 -9.9900 0.0320    0.2100
20018001 1990.251088 32.1330 64.6770  274  271.9078 18.5110 4.8399 36.5810  -9.9900 -9.9900 0.0290    0.2100
20018001 1990.251088 32.1330 64.6770  276  273.8912 18.5350 4.8433 36.5880  -9.9900 -9.9900 0.0300    0.2100
20018001 1990.251088 32.1330 64.6770  278  275.8746 18.5550 4.8460 36.5920  -9.9900 -9.9900 0.0310    0.2100
20018001 1990.251088 32.1330 64.6770  280  277.8580 18.5560 4.8463 36.5930  -9.9900 -9.9900 0.0320    0.2100
20018001 1990.251088 32.1330 64.6770  282  279.8413 18.5550 4.8462 36.5930  -9.9900 -9.9900 0.0310    0.2100
20018001 1990.251088 32.1330 64.6770  284  281.8246 18.5520 4.8460 36.5930  -9.9900 -9.9900 0.0300    0.2100
20018001 1990.251088 32.1330 64.6770  286  283.8080 18.5360 4.8440 36.5890  -9.9900 -9.9900 0.0290    0.2100
20018001 1990.251088 32.1330 64.6770  288  285.7912 18.5260 4.8428 36.5870  -9.9900 -9.9900 0.0220    0.2100
20018001 1990.251088 32.1330 64.6770  290  287.7745 18.5160 4.8416 36.5850  -9.9900 -9.9900 0.0230    0.2100
20018001 1990.251088 32.1330 64.6770  292  289.7578 18.5200 4.8422 36.5860  -9.9900 -9.9900 0.0220    0.2100
20018001 1990.251088 32.1330 64.6770  294  291.7410 18.5200 4.8423 36.5860  -9.9900 -9.9900 0.0240    0.2100
20018001 1990.251088 32.1330 64.6770  296  293.7242 18.5300 4.8438 36.5890  -9.9900 -9.9900 0.0240    0.2100
20018001 1990.251088 32.1330 64.6770  298  295.7074 18.5390 4.8452 36.5920  -9.9900 -9.9900 0.0240    0.2100
20018001 1990.251088 32.1330 64.6770  300  297.6906 18.5420 4.8458 36.5940  -9.9900 -9.9900 0.0260    0.2100
20018001 1990.251088 32.1330 64.6770  302  299.6737 18.5430 4.8460 36.5940  -9.9900 -9.9900 0.0240    0.2100
20018001 1990.251088 32.1330 64.6770  304  301.6569 18.5430 4.8462 36.5950  -9.9900 -9.9900 0.0270    0.2100
20018001 1990.251088 32.1330 64.6770  306  303.6400 18.5410 4.8461 36.5950  -9.9900 -9.9900 0.0280    0.2100
20018001 1990.251088 32.1330 64.6770  308  305.6231 18.5340 4.8453 36.5940  -9.9900 -9.9900 0.0230    0.2100
20018001 1990.251088 32.1330 64.6770  310  307.6062 18.5270 4.8446 36.5930  -9.9900 -9.9900 0.0190    0.2100
20018001 1990.251088 32.1330 64.6770  312  309.5892 18.5240 4.8442 36.5920  -9.9900 -9.9900 0.0200    0.2100
20018001 1990.251088 32.1330 64.6770  314  311.5723 18.5220 4.8440 36.5910  -9.9900 -9.9900 0.0210    0.2100
20018001 1990.251088 32.1330 64.6770  316  313.5553 18.5190 4.8438 36.5910  -9.9900 -9.9900 0.0270    0.2100
20018001 1990.251088 32.1330 64.6770  318  315.5383 18.5140 4.8432 36.5900  -9.9900 -9.9900 0.0230    0.2100
20018001 1990.251088 32.1330 64.6770  320  317.5213 18.5060 4.8422 36.5880  -9.9900 -9.9900 0.0250    0.2100
20018001 1990.251088 32.1330 64.6770  322  319.5043 18.4930 4.8407 36.5860  -9.9900 -9.9900 0.0230    0.2100
20018001 1990.251088 32.1330 64.6770  324  321.4872 18.4830 4.8395 36.5840  -9.9900 -9.9900 0.0220    0.2100
20018001 1990.251088 32.1330 64.6770  326  323.4701 18.4710 4.8381 36.5820  -9.9900 -9.9900 0.0220    0.2100
20018001 1990.251088 32.1330 64.6770  328  325.4530 18.4540 4.8361 36.5790  -9.9900 -9.9900 0.0220    0.2100
20018001 1990.251088 32.1330 64.6770  330  327.4359 18.4350 4.8337 36.5750  -9.9900 -9.9900 0.0240    0.2100
20018001 1990.251088 32.1330 64.6770  332  329.4188 18.4120 4.8311 36.5720  -9.9900 -9.9900 0.0230    0.2100
20018001 1990.251088 32.1330 64.6770  334  331.4016 18.3980 4.8293 36.5690  -9.9900 -9.9900 0.0230    0.2100
20018001 1990.251088 32.1330 64.6770  336  333.3845 18.3790 4.8271 36.5660  -9.9900 -9.9900 0.0230    0.2100
20018001 1990.251088 32.1330 64.6770  338  335.3673 18.3680 4.8258 36.5640  -9.9900 -9.9900 0.0210    0.2100
20018001 1990.251088 32.1330 64.6770  340  337.3501 18.3610 4.8250 36.5630  -9.9900 -9.9900 0.0200    0.2100
20018001 1990.251088 32.1330 64.6770  342  339.3329 18.3580 4.8247 36.5620  -9.9900 -9.9900 0.0240    0.2100
20018001 1990.251088 32.1330 64.6770  344  341.3156 18.3480 4.8236 36.5610  -9.9900 -9.9900 0.0230    0.2100
20018001 1990.251088 32.1330 64.6770  346  343.2984 18.3340 4.8219 36.5580  -9.9900 -9.9900 0.0220    0.2100
20018001 1990.251088 32.1330 64.6770  348  345.2811 18.3220 4.8205 36.5560  -9.9900 -9.9900 0.0220    0.2100
20018001 1990.251088 32.1330 64.6770  350  347.2638 18.3010 4.8179 36.5520  -9.9900 -9.9900 0.0210    0.2100
20018001 1990.251088 32.1330 64.6770  352  349.2464 18.2870 4.8163 36.5500  -9.9900 -9.9900 0.0230    0.2100
20018001 1990.251088 32.1330 64.6770  354  351.2291 18.2700 4.8143 36.5470  -9.9900 -9.9900 0.0200    0.2100
20018001 1990.251088 32.1330 64.6770  356  353.2117 18.2220 4.8085 36.5400  -9.9900 -9.9900 0.0190    0.2100
20018001 1990.251088 32.1330 64.6770  358  355.1944 18.1930 4.8050 36.5350  -9.9900 -9.9900 0.0210    0.2100
20018001 1990.251088 32.1330 64.6770  360  357.1770 18.1780 4.8033 36.5330  -9.9900 -9.9900 0.0240    0.2100
20018001 1990.251088 32.1330 64.6770  362  359.1596 18.1670 4.8020 36.5310  -9.9900 -9.9900 0.0220    0.2100
20018001 1990.251088 32.1330 64.6770  364  361.1421 18.1390 4.7986 36.5260  -9.9900 -9.9900 0.0240    0.2100
20018001 1990.251088 32.1330 64.6770  366  363.1247 18.1210 4.7964 36.5220  -9.9900 -9.9900 0.0240    0.2100
20018001 1990.251088 32.1330 64.6770  368  365.1072 18.1060 4.7945 36.5190  -9.9900 -9.9900 0.0190    0.2100
20018001 1990.251088 32.1330 64.6770  370  367.0897 18.0710 4.7905 36.5150  -9.9900 -9.9900 0.0220    0.2100
20018001 1990.251088 32.1330 64.6770  372  369.0722 18.0510 4.7881 36.5110  -9.9900 -9.9900 0.0250    0.2100
20018001 1990.251088 32.1330 64.6770  374  371.0547 18.0220 4.7847 36.5070  -9.9900 -9.9900 0.0250    0.2100
20018001 1990.251088 32.1330 64.6770  376  373.0371 17.9840 4.7802 36.5020  -9.9900 -9.9900 0.0250    0.2100
20018001 1990.251088 32.1330 64.6770  378  375.0195 17.9610 4.7776 36.4990  -9.9900 -9.9900 0.0250    0.2100
20018001 1990.251088 32.1330 64.6770  380  377.0019 17.9540 4.7767 36.4970  -9.9900 -9.9900 0.0270    0.2100
20018001 1990.251088 32.1330 64.6770  382  378.9843 17.9260 4.7735 36.4940  -9.9900 -9.9900 0.0250    0.2100
20018001 1990.251088 32.1330 64.6770  384  380.9667 17.9130 4.7720 36.4920  -9.9900 -9.9900 0.0240    0.2100
20018001 1990.251088 32.1330 64.6770  386  382.9491 17.9090 4.7716 36.4910  -9.9900 -9.9900 0.0260    0.2100
20018001 1990.251088 32.1330 64.6770  388  384.9314 17.9030 4.7709 36.4900  -9.9900 -9.9900 0.0230    0.2100
20018001 1990.251088 32.1330 64.6770  390  386.9137 17.8820 4.7685 36.4870  -9.9900 -9.9900 0.0240    0.2100
20018001 1990.251088 32.1330 64.6770  392  388.8960 17.8420 4.7638 36.4820  -9.9900 -9.9900 0.0250    0.2100
20018001 1990.251088 32.1330 64.6770  394  390.8783 17.8310 4.7626 36.4800  -9.9900 -9.9900 0.0220    0.2100
20018001 1990.251088 32.1330 64.6770  396  392.8606 17.8060 4.7596 36.4760  -9.9900 -9.9900 0.0250    0.2100
