20102001 1997.212321 31.6840 64.1930    9    8.9373 20.8243 5.1060 36.8602 217.8520 0.4380 0.0700   -9.9900
20102001 1997.212321 31.6840 64.1930   11   10.9234 20.8232 5.1060 36.8602 217.8200 0.4380 0.0670   -9.9900
20102001 1997.212321 31.6840 64.1930   13   12.9094 20.8225 5.1060 36.8602 217.8190 0.4380 0.0620   -9.9900
20102001 1997.212321 31.6840 64.1930   15   14.8954 20.8218 5.1060 36.8602 217.8240 0.4380 0.0580   -9.9900
20102001 1997.212321 31.6840 64.1930   17   16.8813 20.8213 5.1061 36.8602 217.8900 0.4380 0.0620   -9.9900
20102001 1997.212321 31.6840 64.1930   19   18.8673 20.8199 5.1060 36.8602 217.8800 0.4380 0.0680   -9.9900
20102001 1997.212321 31.6840 64.1930   21   20.8532 20.8179 5.1059 36.8602 217.9410 0.4380 0.0780   -9.9900
20102001 1997.212321 31.6840 64.1930   23   22.8391 20.8153 5.1057 36.8603 217.9760 0.4380 0.0840   -9.9900
20102001 1997.212321 31.6840 64.1930   25   24.8250 20.8142 5.1057 36.8603 218.0560 0.4390 0.0770   -9.9900
20102001 1997.212321 31.6840 64.1930   27   26.8109 20.8137 5.1057 36.8603 218.0920 0.4390 0.0960   -9.9900
20102001 1997.212321 31.6840 64.1930   29   28.7967 20.8141 5.1058 36.8603 218.1080 0.4380 0.0970   -9.9900
20102001 1997.212321 31.6840 64.1930   31   30.7825 20.8142 5.1059 36.8603 218.1160 0.4380 0.0970   -9.9900
20102001 1997.212321 31.6840 64.1930   33   32.7684 20.8142 5.1060 36.8603 218.1310 0.4390 0.0910   -9.9900
20102001 1997.212321 31.6840 64.1930   35   34.7541 20.8142 5.1061 36.8602 218.2280 0.4390 0.0920   -9.9900
20102001 1997.212321 31.6840 64.1930   37   36.7399 20.8135 5.1061 36.8603 218.2440 0.4390 0.0970   -9.9900
20102001 1997.212321 31.6840 64.1930   39   38.7257 20.8136 5.1062 36.8603 218.2560 0.4380 0.1040   -9.9900
20102001 1997.212321 31.6840 64.1930   41   40.7114 20.8134 5.1063 36.8602 218.3480 0.4380 0.1120   -9.9900
20102001 1997.212321 31.6840 64.1930   43   42.6971 20.8134 5.1064 36.8602 218.3730 0.4380 0.1070   -9.9900
20102001 1997.212321 31.6840 64.1930   45   44.6828 20.8132 5.1065 36.8601 218.3460 0.4380 0.1110   -9.9900
20102001 1997.212321 31.6840 64.1930   47   46.6685 20.8129 5.1065 36.8601 218.3280 0.4390 0.1160   -9.9900
20102001 1997.212321 31.6840 64.1930   49   48.6542 20.8123 5.1065 36.8600 218.3270 0.4390 0.1150   -9.9900
20102001 1997.212321 31.6840 64.1930   51   50.6398 20.8123 5.1066 36.8600 218.3750 0.4380 0.1180   -9.9900
20102001 1997.212321 31.6840 64.1930   53   52.6254 20.8121 5.1067 36.8600 218.4690 0.4380 0.1270   -9.9900
20102001 1997.212321 31.6840 64.1930   55   54.6110 20.8117 5.1067 36.8600 218.5200 0.4380 0.1430   -9.9900
20102001 1997.212321 31.6840 64.1930   57   56.5966 20.8110 5.1067 36.8597 218.5220 0.4380 0.1260   -9.9900
20102001 1997.212321 31.6840 64.1930   59   58.5822 20.8107 5.1068 36.8597 218.5640 0.4380 0.1260   -9.9900
20102001 1997.212321 31.6840 64.1930   61   60.5677 20.8101 5.1068 36.8597 218.5840 0.4380 0.1270   -9.9900
20102001 1997.212321 31.6840 64.1930   63   62.5532 20.8078 5.1066 36.8592 218.5600 0.4370 0.1320   -9.9900
20102001 1997.212321 31.6840 64.1930   65   64.5387 20.8039 5.1062 36.8585 218.5790 0.4360 0.1370   -9.9900
20102001 1997.212321 31.6840 64.1930   67   66.5242 20.7997 5.1057 36.8578 218.6380 0.4360 0.1420   -9.9900
20102001 1997.212321 31.6840 64.1930   69   68.5097 20.7961 5.1054 36.8572 218.7040 0.4360 0.1470   -9.9900
20102001 1997.212321 31.6840 64.1930   71   70.4951 20.7904 5.1047 36.8559 218.6980 0.4360 0.1540   -9.9900
20102001 1997.212321 31.6840 64.1930   73   72.4805 20.7758 5.1028 36.8527 218.7460 0.4350 0.1620   -9.9900
20102001 1997.212321 31.6840 64.1930   75   74.4659 20.7417 5.0984 36.8454 218.8990 0.4340 0.1770   -9.9900
20102001 1997.212321 31.6840 64.1930   77   76.4513 20.7015 5.0931 36.8363 218.7810 0.4340 0.1740   -9.9900
20102001 1997.212321 31.6840 64.1930   79   78.4367 20.6485 5.0861 36.8246 218.8100 0.4340 0.1830   -9.9900
20102001 1997.212321 31.6840 64.1930   81   80.4221 20.5656 5.0752 36.8074 218.5660 0.4360 0.2130   -9.9900
20102001 1997.212321 31.6840 64.1930   83   82.4074 20.4965 5.0661 36.7923 218.4350 0.4390 0.2460   -9.9900
20102001 1997.212321 31.6840 64.1930   85   84.3927 20.3850 5.0517 36.7711 217.9860 0.4450 0.3050   -9.9900
20102001 1997.212321 31.6840 64.1930   87   86.3780 20.2691 5.0371 36.7511 217.2140 0.4520 0.3960   -9.9900
20102001 1997.212321 31.6840 64.1930   89   88.3633 20.1794 5.0262 36.7393 215.9100 0.4580 0.4940   -9.9900
20102001 1997.212321 31.6840 64.1930   91   90.3485 20.1343 5.0214 36.7379 213.2750 0.4580 0.5700   -9.9900
20102001 1997.212321 31.6840 64.1930   93   92.3337 20.0077 5.0069 36.7283 209.0760 0.4580 0.6260   -9.9900
20102001 1997.212321 31.6840 64.1930   95   94.3190 19.9051 4.9956 36.7244 205.2280 0.4500 0.6210   -9.9900
20102001 1997.212321 31.6840 64.1930   97   96.3042 19.8892 4.9940 36.7243 201.3530 0.4430 0.5700   -9.9900
20102001 1997.212321 31.6840 64.1930   99   98.2893 19.8751 4.9925 36.7233 199.3230 0.4430 0.5650   -9.9900
20102001 1997.212321 31.6840 64.1930  101  100.2745 19.8462 4.9893 36.7213 197.3070 0.4390 0.5400   -9.9900
20102001 1997.212321 31.6840 64.1930  103  102.2596 19.7803 4.9816 36.7145 196.0570 0.4360 0.5080   -9.9900
20102001 1997.212321 31.6840 64.1930  105  104.2447 19.7056 4.9728 36.7065 195.1200 0.4330 0.4380   -9.9900
20102001 1997.212321 31.6840 64.1930  107  106.2298 19.6916 4.9711 36.7041 194.8160 0.4320 0.4390   -9.9900
20102001 1997.212321 31.6840 64.1930  109  108.2149 19.6677 4.9682 36.7004 195.1750 0.4320 0.4360   -9.9900
20102001 1997.212321 31.6840 64.1930  111  110.2000 19.6322 4.9640 36.6953 196.4600 0.4310 0.4290   -9.9900
20102001 1997.212321 31.6840 64.1930  113  112.1850 19.6006 4.9602 36.6911 197.9650 0.4300 0.4230   -9.9900
20102001 1997.212321 31.6840 64.1930  115  114.1700 19.5430 4.9533 36.6836 200.8020 0.4270 0.4010   -9.9900
20102001 1997.212321 31.6840 64.1930  117  116.1550 19.5097 4.9496 36.6811 202.8590 0.4250 0.3700   -9.9900
20102001 1997.212321 31.6840 64.1930  119  118.1400 19.4802 4.9463 36.6785 204.3660 0.4220 0.3360   -9.9900
20102001 1997.212321 31.6840 64.1930  121  120.1250 19.4298 4.9406 36.6747 206.6840 0.4180 0.2650   -9.9900
20102001 1997.212321 31.6840 64.1930  123  122.1099 19.4084 4.9383 36.6732 207.1930 0.4170 0.2300   -9.9900
20102001 1997.212321 31.6840 64.1930  125  124.0949 19.3843 4.9356 36.6716 206.8180 0.4150 0.2150   -9.9900
20102001 1997.212321 31.6840 64.1930  127  126.0798 19.3669 4.9337 36.6704 206.0500 0.4150 0.2120   -9.9900
20102001 1997.212321 31.6840 64.1930  129  128.0647 19.3419 4.9309 36.6684 205.2620 0.4130 0.1960   -9.9900
20102001 1997.212321 31.6840 64.1930  131  130.0495 19.3119 4.9275 36.6655 203.4810 0.4130 0.2010   -9.9900
20102001 1997.212321 31.6840 64.1930  133  132.0344 19.2922 4.9253 36.6636 203.0190 0.4120 0.1860   -9.9900
20102001 1997.212321 31.6840 64.1930  135  134.0192 19.2695 4.9228 36.6615 202.3450 0.4120 0.1710   -9.9900
20102001 1997.212321 31.6840 64.1930  137  136.0040 19.2462 4.9200 36.6583 202.0230 0.4110 0.1690   -9.9900
20102001 1997.212321 31.6840 64.1930  139  137.9888 19.2102 4.9159 36.6547 202.3330 0.4090 0.1560   -9.9900
20102001 1997.212321 31.6840 64.1930  141  139.9736 19.1810 4.9127 36.6527 203.3420 0.4080 0.1360   -9.9900
20102001 1997.212321 31.6840 64.1930  143  141.9583 19.1555 4.9099 36.6515 204.5410 0.4060 0.1070   -9.9900
20102001 1997.212321 31.6840 64.1930  145  143.9431 19.1375 4.9079 36.6493 205.1530 0.4050 0.1030   -9.9900
20102001 1997.212321 31.6840 64.1930  147  145.9278 19.1109 4.9049 36.6472 205.4960 0.4050 0.0860   -9.9900
20102001 1997.212321 31.6840 64.1930  149  147.9125 19.0696 4.9002 36.6433 205.7200 0.4030 0.0830   -9.9900
20102001 1997.212321 31.6840 64.1930  151  149.8972 19.0461 4.8977 36.6421 205.7590 0.4030 0.0700   -9.9900
20102001 1997.212321 31.6840 64.1930  153  151.8818 19.0183 4.8946 36.6399 205.9340 0.4020 0.0640   -9.9900
20102001 1997.212321 31.6840 64.1930  155  153.8665 18.9879 4.8911 36.6371 205.8580 0.4020 0.0630   -9.9900
20102001 1997.212321 31.6840 64.1930  157  155.8511 18.9445 4.8861 36.6326 205.3910 0.4020 0.0640   -9.9900
20102001 1997.212321 31.6840 64.1930  159  157.8357 18.8921 4.8800 36.6260 204.5970 0.4020 0.0640   -9.9900
20102001 1997.212321 31.6840 64.1930  161  159.8203 18.8100 4.8702 36.6159 203.5610 0.4020 0.0630   -9.9900
20102001 1997.212321 31.6840 64.1930  163  161.8048 18.7655 4.8651 36.6115 202.6560 0.4010 0.0630   -9.9900
20102001 1997.212321 31.6840 64.1930  165  163.7894 18.7439 4.8628 36.6097 201.8310 0.4010 0.0610   -9.9900
20102001 1997.212321 31.6840 64.1930  167  165.7739 18.7381 4.8622 36.6096 200.9790 0.4010 0.0490   -9.9900
20102001 1997.212321 31.6840 64.1930  169  167.7584 18.7369 4.8622 36.6095 200.2900 0.4010 0.0490   -9.9900
20102001 1997.212321 31.6840 64.1930  171  169.7429 18.7192 4.8601 36.6071 199.8770 0.4010 0.0510   -9.9900
20102001 1997.212321 31.6840 64.1930  173  171.7273 18.7035 4.8583 36.6050 199.5510 0.4010 0.0510   -9.9900
20102001 1997.212321 31.6840 64.1930  175  173.7118 18.6778 4.8553 36.6016 199.0500 0.4010 0.0480   -9.9900
20102001 1997.212321 31.6840 64.1930  177  175.6962 18.6550 4.8527 36.5988 198.6110 0.4010 0.0430   -9.9900
20102001 1997.212321 31.6840 64.1930  179  177.6806 18.6330 4.8502 36.5963 198.3800 0.4010 0.0430   -9.9900
20102001 1997.212321 31.6840 64.1930  181  179.6650 18.6234 4.8491 36.5952 198.0780 0.4010 0.0500   -9.9900
20102001 1997.212321 31.6840 64.1930  183  181.6494 18.6131 4.8480 36.5939 197.8330 0.4000 0.0520   -9.9900
20102001 1997.212321 31.6840 64.1930  185  183.6337 18.6042 4.8470 36.5929 197.7130 0.4000 0.0510   -9.9900
20102001 1997.212321 31.6840 64.1930  187  185.6181 18.5827 4.8445 36.5900 197.5540 0.4000 0.0500   -9.9900
20102001 1997.212321 31.6840 64.1930  189  187.6024 18.5549 4.8413 36.5868 197.6160 0.3990 0.0460   -9.9900
20102001 1997.212321 31.6840 64.1930  191  189.5867 18.5319 4.8388 36.5846 197.6570 0.3990 0.0420   -9.9900
20102001 1997.212321 31.6840 64.1930  193  191.5709 18.5150 4.8369 36.5829 197.6990 0.3990 0.0410   -9.9900
20102001 1997.212321 31.6840 64.1930  195  193.5552 18.4987 4.8351 36.5813 197.7710 0.3990 0.0410   -9.9900
20102001 1997.212321 31.6840 64.1930  197  195.5394 18.4783 4.8328 36.5793 197.9240 0.3980 0.0400   -9.9900
20102001 1997.212321 31.6840 64.1930  199  197.5236 18.4719 4.8322 36.5788 198.0100 0.3980 0.0380   -9.9900
20102001 1997.212321 31.6840 64.1930  201  199.5078 18.4640 4.8314 36.5782 198.0840 0.3980 0.0360   -9.9900
20102001 1997.212321 31.6840 64.1930  203  201.4920 18.4623 4.8312 36.5779 198.0740 0.3980 0.0420   -9.9900
20102001 1997.212321 31.6840 64.1930  205  203.4762 18.4469 4.8295 36.5760 198.3650 0.3980 0.0440   -9.9900
20102001 1997.212321 31.6840 64.1930  207  205.4603 18.4402 4.8288 36.5752 198.3800 0.3980 0.0490   -9.9900
20102001 1997.212321 31.6840 64.1930  209  207.4444 18.4264 4.8273 36.5739 198.5920 0.3970 0.0460   -9.9900
20102001 1997.212321 31.6840 64.1930  211  209.4285 18.4174 4.8263 36.5726 198.7460 0.3970 0.0410   -9.9900
20102001 1997.212321 31.6840 64.1930  213  211.4126 18.4052 4.8249 36.5713 198.9100 0.3970 0.0380   -9.9900
20102001 1997.212321 31.6840 64.1930  215  213.3967 18.4007 4.8245 36.5708 199.1000 0.3970 0.0410   -9.9900
20102001 1997.212321 31.6840 64.1930  217  215.3807 18.3934 4.8237 36.5700 199.2630 0.3970 0.0370   -9.9900
20102001 1997.212321 31.6840 64.1930  219  217.3647 18.3861 4.8230 36.5690 199.4700 0.3970 0.0360   -9.9900
20102001 1997.212321 31.6840 64.1930  221  219.3488 18.3729 4.8214 36.5668 199.6680 0.3970 0.0370   -9.9900
20102001 1997.212321 31.6840 64.1930  223  221.3327 18.3649 4.8206 36.5659 199.8980 0.3960 0.0350   -9.9900
20102001 1997.212321 31.6840 64.1930  225  223.3167 18.3524 4.8192 36.5648 200.0700 0.3960 0.0450   -9.9900
20102001 1997.212321 31.6840 64.1930  227  225.3007 18.3446 4.8184 36.5639 200.2440 0.3980 0.0300   -9.9900
20102001 1997.212321 31.6840 64.1930  229  227.2846 18.3269 4.8164 36.5617 200.5790 0.3970 0.0350   -9.9900
20102001 1997.212321 31.6840 64.1930  231  229.2685 18.3204 4.8157 36.5608 200.7300 0.3960 0.0310   -9.9900
20102001 1997.212321 31.6840 64.1930  233  231.2524 18.3168 4.8153 36.5604 200.9740 0.3960 0.0380   -9.9900
20102001 1997.212321 31.6840 64.1930  235  233.2363 18.3141 4.8151 36.5597 201.0930 0.3960 0.0290   -9.9900
20102001 1997.212321 31.6840 64.1930  237  235.2201 18.3036 4.8139 36.5582 201.2370 0.3960 0.0250   -9.9900
20102001 1997.212321 31.6840 64.1930  239  237.2039 18.2915 4.8126 36.5570 201.5010 0.3960 0.0290   -9.9900
20102001 1997.212321 31.6840 64.1930  241  239.1878 18.2890 4.8124 36.5570 201.6550 0.3960 0.0310   -9.9900
20102001 1997.212321 31.6840 64.1930  243  241.1715 18.2838 4.8119 36.5570 201.9720 0.3960 0.0340   -9.9900
20102001 1997.212321 31.6840 64.1930  245  243.1553 18.2821 4.8119 36.5570 202.1660 0.3960 0.0400   -9.9900
20102001 1997.212321 31.6840 64.1930  247  245.1391 18.2766 4.8113 36.5566 202.4260 0.3960 0.0410   -9.9900
20102001 1997.212321 31.6840 64.1930  249  247.1228 18.2714 4.8108 36.5560 202.6010 0.3960 0.0430   -9.9900
20102001 1997.212321 31.6840 64.1930  251  249.1065 18.2673 4.8104 36.5555 202.7440 0.3960 0.0420   -9.9900
20102001 1997.212321 31.6840 64.1930  253  251.0902 18.2653 4.8103 36.5554 202.8880 0.3970 0.0380   -9.9900
20102001 1997.212321 31.6840 64.1930  255  253.0739 18.2626 4.8100 36.5550 203.0260 0.3960 0.0450   -9.9900
20102001 1997.212321 31.6840 64.1930  257  255.0576 18.2574 4.8095 36.5544 203.2000 0.3970 0.0470   -9.9900
20102001 1997.212321 31.6840 64.1930  259  257.0412 18.2520 4.8089 36.5535 203.3610 0.3960 0.0450   -9.9900
20102001 1997.212321 31.6840 64.1930  261  259.0248 18.2403 4.8076 36.5522 203.5310 0.3960 0.0450   -9.9900
20102001 1997.212321 31.6840 64.1930  263  261.0084 18.2341 4.8070 36.5515 203.6140 0.3960 0.0380   -9.9900
20102001 1997.212321 31.6840 64.1930  265  262.9920 18.2279 4.8063 36.5506 203.8150 0.3950 0.0380   -9.9900
20102001 1997.212321 31.6840 64.1930  267  264.9756 18.2197 4.8055 36.5495 203.9660 0.3960 0.0390   -9.9900
20102001 1997.212321 31.6840 64.1930  269  266.9591 18.2155 4.8051 36.5491 204.0150 0.3950 0.0380   -9.9900
20102001 1997.212321 31.6840 64.1930  271  268.9427 18.2132 4.8049 36.5489 204.0350 0.3950 0.0320   -9.9900
20102001 1997.212321 31.6840 64.1930  273  270.9262 18.2097 4.8045 36.5482 204.1370 0.3950 0.0280   -9.9900
20102001 1997.212321 31.6840 64.1930  275  272.9097 18.2067 4.8042 36.5476 204.2790 0.3950 0.0370   -9.9900
20102001 1997.212321 31.6840 64.1930  277  274.8931 18.2063 4.8043 36.5479 204.2970 0.3960 0.0350   -9.9900
20102001 1997.212321 31.6840 64.1930  279  276.8766 18.1995 4.8036 36.5470 204.3220 0.3950 0.0340   -9.9900
20102001 1997.212321 31.6840 64.1930  281  278.8600 18.1954 4.8032 36.5468 204.3560 0.3950 0.0430   -9.9900
20102001 1997.212321 31.6840 64.1930  283  280.8434 18.1866 4.8022 36.5453 204.4180 0.3950 0.0460   -9.9900
20102001 1997.212321 31.6840 64.1930  285  282.8268 18.1799 4.8015 36.5444 204.4710 0.3950 0.0390   -9.9900
20102001 1997.212321 31.6840 64.1930  287  284.8102 18.1730 4.8008 36.5433 204.3700 0.3950 0.0290   -9.9900
20102001 1997.212321 31.6840 64.1930  289  286.7935 18.1668 4.8001 36.5425 204.4420 0.3950 0.0360   -9.9900
20102001 1997.212321 31.6840 64.1930  291  288.7769 18.1616 4.7995 36.5415 204.4470 0.3940 0.0480   -9.9900
20102001 1997.212321 31.6840 64.1930  293  290.7602 18.1406 4.7970 36.5376 204.4760 0.3940 0.0490   -9.9900
20102001 1997.212321 31.6840 64.1930  295  292.7435 18.1351 4.7965 36.5376 204.3620 0.3940 0.0410   -9.9900
20102001 1997.212321 31.6840 64.1930  297  294.7268 18.1330 4.7964 36.5376 204.3820 0.3950 0.0350   -9.9900
20102001 1997.212321 31.6840 64.1930  299  296.7100 18.1289 4.7960 36.5373 204.4550 0.3940 0.0280   -9.9900
20102001 1997.212321 31.6840 64.1930  301  298.6933 18.1198 4.7950 36.5362 204.6250 0.3940 0.0270   -9.9900
20102001 1997.212321 31.6840 64.1930  303  300.6765 18.1200 4.7952 36.5370 204.6860 0.3940 0.0300   -9.9900
20102001 1997.212321 31.6840 64.1930  305  302.6597 18.1172 4.7950 36.5374 204.8550 0.3940 0.0360   -9.9900
20102001 1997.212321 31.6840 64.1930  307  304.6429 18.1143 4.7949 36.5376 204.9410 0.3940 0.0330   -9.9900
20102001 1997.212321 31.6840 64.1930  309  306.6260 18.1083 4.7942 36.5367 204.9930 0.3940 0.0350   -9.9900
20102001 1997.212321 31.6840 64.1930  311  308.6092 18.0945 4.7925 36.5335 205.2020 0.3940 0.0340   -9.9900
20102001 1997.212321 31.6840 64.1930  313  310.5923 18.0823 4.7911 36.5315 205.1310 0.3930 0.0350   -9.9900
20102001 1997.212321 31.6840 64.1930  315  312.5754 18.0777 4.7907 36.5318 205.1430 0.3930 0.0320   -9.9900
20102001 1997.212321 31.6840 64.1930  317  314.5585 18.0813 4.7914 36.5340 205.2360 0.3940 0.0300   -9.9900
20102001 1997.212321 31.6840 64.1930  319  316.5416 18.0769 4.7909 36.5326 205.2150 0.3930 0.0360   -9.9900
20102001 1997.212321 31.6840 64.1930  321  318.5246 18.0713 4.7903 36.5318 205.3410 0.3930 0.0390   -9.9900
20102001 1997.212321 31.6840 64.1930  323  320.5076 18.0656 4.7897 36.5311 205.4140 0.3940 0.0330   -9.9900
20102001 1997.212321 31.6840 64.1930  325  322.4907 18.0569 4.7888 36.5297 205.5180 0.3930 0.0210   -9.9900
20102001 1997.212321 31.6840 64.1930  327  324.4736 18.0505 4.7881 36.5291 205.6230 0.3940 0.0270   -9.9900
20102001 1997.212321 31.6840 64.1930  329  326.4566 18.0447 4.7875 36.5281 205.5660 0.3930 0.0280   -9.9900
20102001 1997.212321 31.6840 64.1930  331  328.4396 18.0321 4.7860 36.5257 205.3750 0.3930 0.0360   -9.9900
20102001 1997.212321 31.6840 64.1930  333  330.4225 18.0207 4.7846 36.5230 205.1690 0.3930 0.0430   -9.9900
20102001 1997.212321 31.6840 64.1930  335  332.4054 18.0059 4.7827 36.5197 204.9970 0.3930 0.0390   -9.9900
20102001 1997.212321 31.6840 64.1930  337  334.3883 17.9886 4.7806 36.5164 204.8200 0.3930 0.0290   -9.9900
20102001 1997.212321 31.6840 64.1930  339  336.3712 17.9721 4.7787 36.5138 204.4500 0.3920 0.0240   -9.9900
20102001 1997.212321 31.6840 64.1930  341  338.3540 17.9627 4.7777 36.5124 203.9970 0.3920 0.0250   -9.9900
20102001 1997.212321 31.6840 64.1930  343  340.3369 17.9538 4.7766 36.5109 203.7090 0.3920 0.0300   -9.9900
20102001 1997.212321 31.6840 64.1930  345  342.3197 17.9453 4.7757 36.5092 203.4450 0.3920 0.0280   -9.9900
20102001 1997.212321 31.6840 64.1930  347  344.3025 17.9309 4.7739 36.5065 203.2700 0.3920 0.0340   -9.9900
20102001 1997.212321 31.6840 64.1930  349  346.2853 17.9197 4.7726 36.5046 203.0530 0.3920 0.0390   -9.9900
20102001 1997.212321 31.6840 64.1930  351  348.2680 17.9122 4.7718 36.5032 202.9590 0.3920 0.0290   -9.9900
20102001 1997.212321 31.6840 64.1930  353  350.2508 17.9020 4.7706 36.5018 202.7250 0.3920 0.0270   -9.9900
20102001 1997.212321 31.6840 64.1930  355  352.2335 17.8930 4.7696 36.5001 202.1960 0.3920 0.0270   -9.9900
20102001 1997.212321 31.6840 64.1930  357  354.2162 17.8769 4.7677 36.4972 202.1620 0.3920 0.0270   -9.9900
20102001 1997.212321 31.6840 64.1930  359  356.1989 17.8630 4.7660 36.4947 202.0820 0.3920 0.0320   -9.9900
20102001 1997.212321 31.6840 64.1930  361  358.1816 17.8518 4.7648 36.4932 201.6830 0.3920 0.0350   -9.9900
20102001 1997.212321 31.6840 64.1930  363  360.1642 17.8454 4.7641 36.4922 201.4080 0.3920 0.0300   -9.9900
20102001 1997.212321 31.6840 64.1930  365  362.1469 17.8381 4.7632 36.4905 201.1790 0.3920 0.0270   -9.9900
20102001 1997.212321 31.6840 64.1930  367  364.1295 17.8285 4.7621 36.4890 200.7780 0.3920 0.0240   -9.9900
20102001 1997.212321 31.6840 64.1930  369  366.1121 17.8207 4.7613 36.4876 200.4720 0.3920 0.0350   -9.9900
20102001 1997.212321 31.6840 64.1930  371  368.0946 17.7998 4.7587 36.4834 200.0170 0.3920 0.0350   -9.9900
20102001 1997.212321 31.6840 64.1930  373  370.0772 17.7732 4.7554 36.4783 199.6680 0.3920 0.0400   -9.9900
20102001 1997.212321 31.6840 64.1930  375  372.0597 17.7463 4.7522 36.4738 199.4630 0.3920 0.0410   -9.9900
20102001 1997.212321 31.6840 64.1930  377  374.0422 17.7334 4.7507 36.4717 199.0760 0.3920 0.0410   -9.9900
20102001 1997.212321 31.6840 64.1930  379  376.0247 17.7208 4.7492 36.4695 198.7620 0.3920 0.0400   -9.9900
20102001 1997.212321 31.6840 64.1930  381  378.0072 17.7122 4.7482 36.4678 198.4100 0.3920 0.0370   -9.9900
20102001 1997.212321 31.6840 64.1930  383  379.9897 17.7020 4.7470 36.4659 197.8060 0.3910 0.0350   -9.9900
20102001 1997.212321 31.6840 64.1930  385  381.9721 17.6880 4.7454 36.4634 197.5160 0.3910 0.0290   -9.9900
20102001 1997.212321 31.6840 64.1930  387  383.9545 17.6693 4.7431 36.4594 197.1110 0.3900 0.0230   -9.9900
20102001 1997.212321 31.6840 64.1930  389  385.9369 17.6429 4.7399 36.4545 196.7510 0.3900 0.0220   -9.9900
20102001 1997.212321 31.6840 64.1930  391  387.9193 17.6003 4.7348 36.4478 196.4870 0.3900 0.0250   -9.9900
20102001 1997.212321 31.6840 64.1930  393  389.9017 17.5863 4.7332 36.4458 196.0960 0.3900 0.0270   -9.9900
20102001 1997.212321 31.6840 64.1930  395  391.8840 17.5811 4.7326 36.4450 195.5160 0.3900 0.0270   -9.9900
20102001 1997.212321 31.6840 64.1930  397  393.8663 17.5764 4.7321 36.4443 195.0560 0.3900 0.0250   -9.9900
20102001 1997.212321 31.6840 64.1930  399  395.8486 17.5689 4.7313 36.4429 194.6970 0.3900 0.0180   -9.9900
20102001 1997.212321 31.6840 64.1930  401  397.8309 17.5584 4.7301 36.4413 194.4000 0.3900 0.0200   -9.9900
20102001 1997.212321 31.6840 64.1930  403  399.8132 17.5539 4.7296 36.4404 194.1260 0.3900 0.0450   -9.9900
20102001 1997.212321 31.6840 64.1930  405  401.7954 17.5513 4.7294 36.4399 193.7710 0.3900 0.0410   -9.9900
20102001 1997.212321 31.6840 64.1930  407  403.7777 17.5450 4.7287 36.4390 193.4000 0.3900 0.0360   -9.9900
20102001 1997.212321 31.6840 64.1930  409  405.7599 17.5298 4.7269 36.4361 193.1120 0.3900 0.0350   -9.9900
20102001 1997.212321 31.6840 64.1930  411  407.7421 17.5066 4.7242 36.4325 192.7540 0.3900 0.0410   -9.9900
20102001 1997.212321 31.6840 64.1930  413  409.7242 17.4980 4.7232 36.4310 192.2260 0.3900 0.0380   -9.9900
20102001 1997.212321 31.6840 64.1930  415  411.7064 17.4866 4.7218 36.4282 192.0170 0.3900 0.0380   -9.9900
20102001 1997.212321 31.6840 64.1930  417  413.6885 17.4493 4.7171 36.4206 192.0690 0.3900 0.0460   -9.9900
20102001 1997.212321 31.6840 64.1930  419  415.6706 17.4347 4.7156 36.4193 191.8950 0.3900 0.0370   -9.9900
20102001 1997.212321 31.6840 64.1930  421  417.6527 17.4328 4.7154 36.4191 191.5240 0.3900 0.0310   -9.9900
20102001 1997.212321 31.6840 64.1930  423  419.6348 17.4256 4.7146 36.4171 191.0200 0.3900 0.0370   -9.9900
20102001 1997.212321 31.6840 64.1930  425  421.6168 17.3934 4.7105 36.4104 190.8980 0.3900 0.0350   -9.9900
20102001 1997.212321 31.6840 64.1930  427  423.5989 17.3629 4.7069 36.4052 190.9400 0.3900 0.0300   -9.9900
20102001 1997.212321 31.6840 64.1930  429  425.5809 17.3381 4.7039 36.4012 190.6450 0.3900 0.0440   -9.9900
20102001 1997.212321 31.6840 64.1930  431  427.5629 17.3233 4.7022 36.3989 190.2780 0.3900 0.0290   -9.9900
20102001 1997.212321 31.6840 64.1930  433  429.5449 17.3186 4.7017 36.3980 189.9600 0.3900 0.0310   -9.9900
20102001 1997.212321 31.6840 64.1930  435  431.5268 17.3093 4.7007 36.3964 189.6560 0.3910 0.0300   -9.9900
20102001 1997.212321 31.6840 64.1930  437  433.5088 17.2980 4.6994 36.3945 189.3940 0.3900 0.0250   -9.9900
20102001 1997.212321 31.6840 64.1930  439  435.4907 17.2857 4.6980 36.3924 189.1560 0.3900 0.0180   -9.9900
20102001 1997.212321 31.6840 64.1930  441  437.4726 17.2747 4.6967 36.3903 188.9580 0.3900 0.0250   -9.9900
20102001 1997.212321 31.6840 64.1930  443  439.4545 17.2559 4.6944 36.3866 188.5760 0.3900 0.0270   -9.9900
20102001 1997.212321 31.6840 64.1930  445  441.4364 17.2222 4.6903 36.3804 188.2250 0.3900 0.0360   -9.9900
20102001 1997.212321 31.6840 64.1930  447  443.4182 17.1907 4.6865 36.3749 188.1010 0.3900 0.0380   -9.9900
20102001 1997.212321 31.6840 64.1930  449  445.4000 17.1685 4.6839 36.3713 187.6770 0.3900 0.0350   -9.9900
20102001 1997.212321 31.6840 64.1930  451  447.3819 17.1595 4.6828 36.3695 187.2250 0.3900 0.0310   -9.9900
20102001 1997.212321 31.6840 64.1930  453  449.3636 17.1056 4.6761 36.3587 187.1550 0.3910 0.0330   -9.9900
20102001 1997.212321 31.6840 64.1930  455  451.3454 17.0476 4.6691 36.3483 187.2220 0.3920 0.0330   -9.9900
20102001 1997.212321 31.6840 64.1930  457  453.3272 16.9710 4.6598 36.3357 187.2350 0.3930 0.0340   -9.9900
20102001 1997.212321 31.6840 64.1930  459  455.3089 16.9581 4.6583 36.3334 186.7910 0.3920 0.0290   -9.9900
20102001 1997.212321 31.6840 64.1930  461  457.2906 16.9472 4.6570 36.3312 186.3200 0.3920 0.0280   -9.9900
20102001 1997.212321 31.6840 64.1930  463  459.2723 16.9263 4.6545 36.3271 185.9270 0.3920 0.0340   -9.9900
20102001 1997.212321 31.6840 64.1930  465  461.2540 16.8996 4.6514 36.3228 185.7570 0.3920 0.0340   -9.9900
20102001 1997.212321 31.6840 64.1930  467  463.2357 16.8705 4.6479 36.3174 185.4700 0.3920 0.0280   -9.9900
20102001 1997.212321 31.6840 64.1930  469  465.2173 16.8414 4.6443 36.3118 185.2010 0.3920 0.0260   -9.9900
20102001 1997.212321 31.6840 64.1930  471  467.1989 16.7914 4.6382 36.3026 184.8170 0.3920 0.0260   -9.9900
20102001 1997.212321 31.6840 64.1930  473  469.1805 16.7491 4.6332 36.2960 184.4980 0.3920 0.0230   -9.9900
20102001 1997.212321 31.6840 64.1930  475  471.1621 16.7171 4.6294 36.2905 184.0940 0.3920 0.0320   -9.9900
20102001 1997.212321 31.6840 64.1930  477  473.1437 16.6810 4.6250 36.2835 183.7030 0.3920 0.0320   -9.9900
20102001 1997.212321 31.6840 64.1930  479  475.1252 16.6271 4.6185 36.2744 183.4580 0.3930 0.0360   -9.9900
20102001 1997.212321 31.6840 64.1930  481  477.1067 16.5810 4.6130 36.2666 183.2480 0.3930 0.0310   -9.9900
20102001 1997.212321 31.6840 64.1930  483  479.0882 16.5585 4.6103 36.2623 182.9580 0.3930 0.0200   -9.9900
20102001 1997.212321 31.6840 64.1930  485  481.0697 16.5220 4.6059 36.2555 182.7850 0.3930 0.0230   -9.9900
20102001 1997.212321 31.6840 64.1930  487  483.0512 16.4897 4.6021 36.2507 182.6380 0.3930 0.0300   -9.9900
20102001 1997.212321 31.6840 64.1930  489  485.0326 16.4650 4.5992 36.2463 182.2180 0.3930 0.0330   -9.9900
20102001 1997.212321 31.6840 64.1930  491  487.0141 16.4340 4.5955 36.2407 181.9600 0.3930 0.0400   -9.9900
20102001 1997.212321 31.6840 64.1930  493  488.9955 16.4004 4.5915 36.2352 181.9420 0.3930 0.0370   -9.9900
20102001 1997.212321 31.6840 64.1930  495  490.9769 16.3780 4.5888 36.2311 181.8210 0.3930 0.0340   -9.9900
20102001 1997.212321 31.6840 64.1930  497  492.9582 16.3471 4.5853 36.2270 181.7970 0.3930 0.0420   -9.9900
20102001 1997.212321 31.6840 64.1930  499  494.9396 16.3307 4.5834 36.2239 181.5730 0.3930 0.0320   -9.9900
20102001 1997.212321 31.6840 64.1930  501  496.9209 16.3101 4.5810 36.2205 181.3830 0.3930 0.0350   -9.9900
20102001 1997.212321 31.6840 64.1930  503  498.9022 16.2976 4.5795 36.2186 181.0610 0.3930 0.0360   -9.9900
20102001 1997.212321 31.6840 64.1930  505  500.8835 16.2932 4.5791 36.2182 180.6930 0.3930 0.0370   -9.9900
20102002 1997.213206 31.7140 64.1920   11   10.9233 20.8973 5.1146 36.8655 215.7940 0.4310 0.1210   -9.9900
20102002 1997.213206 31.7140 64.1920   13   12.9093 20.8890 5.1136 36.8645 215.7980 0.4310 0.1270   -9.9900
20102002 1997.213206 31.7140 64.1920   15   14.8953 20.8774 5.1123 36.8632 215.8080 0.4320 0.1310   -9.9900
20102002 1997.213206 31.7140 64.1920   17   16.8813 20.8768 5.1123 36.8631 215.8680 0.4330 0.1250   -9.9900
20102002 1997.213206 31.7140 64.1920   19   18.8672 20.8549 5.1099 36.8612 216.0140 0.4330 0.1210   -9.9900
20102002 1997.213206 31.7140 64.1920   21   20.8531 20.8394 5.1081 36.8599 216.1490 0.4320 0.1070   -9.9900
20102002 1997.213206 31.7140 64.1920   23   22.8390 20.8336 5.1076 36.8598 216.1770 0.4330 0.1110   -9.9900
20102002 1997.213206 31.7140 64.1920   25   24.8249 20.8310 5.1074 36.8597 216.1720 0.4330 0.1110   -9.9900
20102002 1997.213206 31.7140 64.1920   27   26.8108 20.8270 5.1070 36.8594 216.1060 0.4330 0.1070   -9.9900
20102002 1997.213206 31.7140 64.1920   29   28.7966 20.8237 5.1067 36.8592 216.1560 0.4330 0.1190   -9.9900
20102002 1997.213206 31.7140 64.1920   31   30.7825 20.8224 5.1067 36.8592 216.1300 0.4330 0.1200   -9.9900
20102002 1997.213206 31.7140 64.1920   33   32.7683 20.8203 5.1066 36.8592 216.2480 0.4330 0.1220   -9.9900
20102002 1997.213206 31.7140 64.1920   35   34.7541 20.8185 5.1065 36.8592 216.2650 0.4330 0.1300   -9.9900
20102002 1997.213206 31.7140 64.1920   37   36.7398 20.8176 5.1065 36.8593 216.3430 0.4330 0.1170   -9.9900
20102002 1997.213206 31.7140 64.1920   39   38.7256 20.8163 5.1064 36.8592 216.3900 0.4330 0.1180   -9.9900
20102002 1997.213206 31.7140 64.1920   41   40.7113 20.8144 5.1063 36.8590 216.4810 0.4330 0.1200   -9.9900
20102002 1997.213206 31.7140 64.1920   43   42.6970 20.8122 5.1061 36.8587 216.5790 0.4330 0.1240   -9.9900
20102002 1997.213206 31.7140 64.1920   45   44.6827 20.8104 5.1059 36.8584 216.6230 0.4330 0.1240   -9.9900
20102002 1997.213206 31.7140 64.1920   47   46.6684 20.8080 5.1057 36.8581 216.6820 0.4330 0.1210   -9.9900
20102002 1997.213206 31.7140 64.1920   49   48.6540 20.8062 5.1056 36.8577 216.5760 0.4330 0.1270   -9.9900
20102002 1997.213206 31.7140 64.1920   51   50.6397 20.8038 5.1054 36.8574 216.5730 0.4330 0.1340   -9.9900
20102002 1997.213206 31.7140 64.1920   53   52.6253 20.8016 5.1052 36.8569 216.6600 0.4330 0.1330   -9.9900
20102002 1997.213206 31.7140 64.1920   55   54.6109 20.7997 5.1050 36.8567 216.6770 0.4330 0.1400   -9.9900
20102002 1997.213206 31.7140 64.1920   57   56.5964 20.7932 5.1043 36.8556 216.7510 0.4320 0.1480   -9.9900
20102002 1997.213206 31.7140 64.1920   59   58.5820 20.7717 5.1016 36.8515 216.8530 0.4310 0.1530   -9.9900
20102002 1997.213206 31.7140 64.1920   61   60.5675 20.7559 5.0997 36.8489 216.8970 0.4310 0.1540   -9.9900
20102002 1997.213206 31.7140 64.1920   63   62.5531 20.7434 5.0981 36.8463 216.9040 0.4300 0.1590   -9.9900
20102002 1997.213206 31.7140 64.1920   65   64.5386 20.7292 5.0963 36.8429 216.9400 0.4300 0.1690   -9.9900
20102002 1997.213206 31.7140 64.1920   67   66.5240 20.7089 5.0936 36.8380 217.0480 0.4310 0.1880   -9.9900
20102002 1997.213206 31.7140 64.1920   69   68.5095 20.6962 5.0921 36.8362 216.9470 0.4320 0.2140   -9.9900
20102002 1997.213206 31.7140 64.1920   71   70.4949 20.6826 5.0904 36.8337 216.8620 0.4330 0.2130   -9.9900
20102002 1997.213206 31.7140 64.1920   73   72.4804 20.6697 5.0888 36.8309 216.7430 0.4330 0.2190   -9.9900
20102002 1997.213206 31.7140 64.1920   75   74.4658 20.6551 5.0869 36.8271 216.5840 0.4330 0.2300   -9.9900
20102002 1997.213206 31.7140 64.1920   77   76.4511 20.6087 5.0807 36.8163 216.3580 0.4340 0.2560   -9.9900
20102002 1997.213206 31.7140 64.1920   79   78.4365 20.5361 5.0713 36.8020 215.9120 0.4380 0.3070   -9.9900
20102002 1997.213206 31.7140 64.1920   81   80.4219 20.4525 5.0606 36.7862 215.5100 0.4410 0.3500   -9.9900
20102002 1997.213206 31.7140 64.1920   83   82.4072 20.3456 5.0470 36.7671 214.8230 0.4450 0.3900   -9.9900
20102002 1997.213206 31.7140 64.1920   85   84.3925 20.3092 5.0426 36.7620 213.5270 0.4510 0.4760   -9.9900
20102002 1997.213206 31.7140 64.1920   87   86.3778 20.2164 5.0310 36.7474 212.1040 0.4570 0.5530   -9.9900
20102002 1997.213206 31.7140 64.1920   89   88.3630 20.0836 5.0149 36.7301 210.8200 0.4620 0.6440   -9.9900
20102002 1997.213206 31.7140 64.1920   91   90.3483 20.0251 5.0083 36.7258 209.0200 0.4610 0.7240   -9.9900
20102002 1997.213206 31.7140 64.1920   93   92.3335 19.9971 5.0053 36.7243 207.9510 0.4570 0.7560   -9.9900
20102002 1997.213206 31.7140 64.1920   95   94.3187 19.9388 4.9988 36.7209 205.9690 0.4540 0.8050   -9.9900
20102002 1997.213206 31.7140 64.1920   97   96.3039 19.9026 4.9946 36.7178 204.5990 0.4500 0.7860   -9.9900
20102002 1997.213206 31.7140 64.1920   99   98.2891 19.8682 4.9904 36.7122 203.7790 0.4460 0.7650   -9.9900
20102002 1997.213206 31.7140 64.1920  101  100.2742 19.8328 4.9866 36.7110 202.8640 0.4430 0.7220   -9.9900
20102002 1997.213206 31.7140 64.1920  103  102.2594 19.7868 4.9813 36.7067 202.0270 0.4400 0.6930   -9.9900
20102002 1997.213206 31.7140 64.1920  105  104.2445 19.7545 4.9780 36.7066 200.5880 0.4350 0.6520   -9.9900
20102002 1997.213206 31.7140 64.1920  107  106.2296 19.7276 4.9749 36.7041 199.5140 0.4330 0.6050   -9.9900
20102002 1997.213206 31.7140 64.1920  109  108.2147 19.6686 4.9679 36.6963 200.5270 0.4310 0.5680   -9.9900
20102002 1997.213206 31.7140 64.1920  111  110.1997 19.6167 4.9615 36.6887 202.1030 0.4300 0.5520   -9.9900
20102002 1997.213206 31.7140 64.1920  113  112.1847 19.5809 4.9574 36.6847 203.3840 0.4270 0.5200   -9.9900
20102002 1997.213206 31.7140 64.1920  115  114.1698 19.5303 4.9514 36.6789 205.2470 0.4240 0.4700   -9.9900
20102002 1997.213206 31.7140 64.1920  117  116.1548 19.4919 4.9470 36.6752 206.6650 0.4200 0.4160   -9.9900
20102002 1997.213206 31.7140 64.1920  119  118.1397 19.4683 4.9445 36.6743 207.1770 0.4180 0.3880   -9.9900
20102002 1997.213206 31.7140 64.1920  121  120.1247 19.4562 4.9434 36.6747 207.4080 0.4170 0.3450   -9.9900
20102002 1997.213206 31.7140 64.1920  123  122.1096 19.4350 4.9410 36.6731 207.7120 0.4140 0.3010   -9.9900
20102002 1997.213206 31.7140 64.1920  125  124.0946 19.4102 4.9383 36.6711 208.0230 0.4120 0.2840   -9.9900
20102002 1997.213206 31.7140 64.1920  127  126.0795 19.3715 4.9340 36.6685 208.6010 0.4080 0.2380   -9.9900
20102002 1997.213206 31.7140 64.1920  129  128.0643 19.3561 4.9324 36.6680 208.9300 0.4060 0.2110   -9.9900
20102002 1997.213206 31.7140 64.1920  131  130.0492 19.3408 4.9308 36.6671 209.1810 0.4050 0.1900   -9.9900
20102002 1997.213206 31.7140 64.1920  133  132.0341 19.3206 4.9285 36.6654 209.1680 0.4060 0.1790   -9.9900
20102002 1997.213206 31.7140 64.1920  135  134.0189 19.2936 4.9254 36.6626 208.8260 0.4050 0.1700   -9.9900
20102002 1997.213206 31.7140 64.1920  137  136.0037 19.2650 4.9221 36.6595 208.0260 0.4040 0.1540   -9.9900
20102002 1997.213206 31.7140 64.1920  139  137.9885 19.2116 4.9160 36.6542 206.8880 0.4020 0.1390   -9.9900
20102002 1997.213206 31.7140 64.1920  141  139.9732 19.1870 4.9132 36.6517 206.2780 0.4010 0.1320   -9.9900
20102002 1997.213206 31.7140 64.1920  143  141.9580 19.1482 4.9087 36.6478 205.1490 0.3990 0.1160   -9.9900
20102002 1997.213206 31.7140 64.1920  145  143.9427 19.1306 4.9067 36.6459 203.7220 0.3980 0.1030   -9.9900
20102002 1997.213206 31.7140 64.1920  147  145.9274 19.1063 4.9041 36.6441 202.6430 0.3980 0.0960   -9.9900
20102002 1997.213206 31.7140 64.1920  149  147.9121 19.0876 4.9020 36.6426 201.5890 0.3980 0.1020   -9.9900
20102002 1997.213206 31.7140 64.1920  151  149.8968 19.0752 4.9005 36.6402 200.5070 0.3970 0.1080   -9.9900
20102002 1997.213206 31.7140 64.1920  153  151.8814 19.0680 4.8997 36.6393 199.8890 0.3970 0.1050   -9.9900
20102002 1997.213206 31.7140 64.1920  155  153.8661 19.0589 4.8987 36.6382 199.2530 0.3970 0.0930   -9.9900
20102002 1997.213206 31.7140 64.1920  157  155.8507 19.0454 4.8974 36.6378 198.8770 0.3970 0.0920   -9.9900
20102002 1997.213206 31.7140 64.1920  159  157.8353 19.0227 4.8949 36.6365 198.5650 0.3980 0.0960   -9.9900
20102002 1997.213206 31.7140 64.1920  161  159.8199 18.9984 4.8923 36.6351 198.5220 0.3980 0.0950   -9.9900
20102002 1997.213206 31.7140 64.1920  163  161.8044 18.9805 4.8904 36.6344 198.9180 0.3980 0.0940   -9.9900
20102002 1997.213206 31.7140 64.1920  165  163.7890 18.9571 4.8879 36.6329 199.4690 0.3980 0.0930   -9.9900
20102002 1997.213206 31.7140 64.1920  167  165.7735 18.9419 4.8863 36.6321 200.0490 0.3980 0.0850   -9.9900
20102002 1997.213206 31.7140 64.1920  169  167.7580 18.9293 4.8848 36.6304 200.3200 0.3970 0.0760   -9.9900
20102002 1997.213206 31.7140 64.1920  171  169.7425 18.8892 4.8800 36.6245 199.8920 0.3970 0.0720   -9.9900
20102002 1997.213206 31.7140 64.1920  173  171.7269 18.8506 4.8756 36.6203 199.5370 0.3970 0.0760   -9.9900
20102002 1997.213206 31.7140 64.1920  175  173.7114 18.8140 4.8714 36.6168 199.2620 0.3960 0.0760   -9.9900
20102002 1997.213206 31.7140 64.1920  177  175.6958 18.7694 4.8663 36.6123 199.0290 0.3960 0.0620   -9.9900
20102002 1997.213206 31.7140 64.1920  179  177.6802 18.7575 4.8650 36.6113 198.8700 0.3950 0.0560   -9.9900
20102002 1997.213206 31.7140 64.1920  181  179.6646 18.7573 4.8650 36.6111 198.5070 0.3960 0.0580   -9.9900
20102002 1997.213206 31.7140 64.1920  183  181.6489 18.7459 4.8638 36.6098 198.3030 0.3950 0.0610   -9.9900
20102002 1997.213206 31.7140 64.1920  185  183.6333 18.7327 4.8622 36.6072 197.6030 0.3950 0.0490   -9.9900
20102002 1997.213206 31.7140 64.1920  187  185.6176 18.7055 4.8590 36.6039 197.2000 0.3950 0.0490   -9.9900
20102002 1997.213206 31.7140 64.1920  189  187.6019 18.6851 4.8568 36.6019 196.8290 0.3940 0.0550   -9.9900
20102002 1997.213206 31.7140 64.1920  191  189.5862 18.6699 4.8551 36.6004 196.4200 0.3940 0.0510   -9.9900
20102002 1997.213206 31.7140 64.1920  193  191.5705 18.6559 4.8535 36.5989 196.2890 0.3940 0.0500   -9.9900
20102002 1997.213206 31.7140 64.1920  195  193.5547 18.6386 4.8516 36.5971 196.1100 0.3940 0.0440   -9.9900
20102002 1997.213206 31.7140 64.1920  197  195.5389 18.6237 4.8499 36.5952 195.9660 0.3940 0.0460   -9.9900
20102002 1997.213206 31.7140 64.1920  199  197.5232 18.6034 4.8476 36.5929 195.8640 0.3940 0.0460   -9.9900
20102002 1997.213206 31.7140 64.1920  201  199.5073 18.5758 4.8444 36.5897 195.7980 0.3940 0.0460   -9.9900
20102002 1997.213206 31.7140 64.1920  203  201.4915 18.5662 4.8434 36.5886 195.8610 0.3930 0.0450   -9.9900
20102002 1997.213206 31.7140 64.1920  205  203.4757 18.5554 4.8422 36.5874 195.9520 0.3930 0.0470   -9.9900
20102002 1997.213206 31.7140 64.1920  207  205.4598 18.5443 4.8409 36.5858 196.0120 0.3930 0.0400   -9.9900
20102002 1997.213206 31.7140 64.1920  209  207.4439 18.5232 4.8385 36.5833 196.2260 0.3930 0.0290   -9.9900
20102002 1997.213206 31.7140 64.1920  211  209.4280 18.5270 4.8391 36.5839 196.2320 0.3940 0.0430   -9.9900
20102002 1997.213206 31.7140 64.1920  213  211.4121 18.5006 4.8361 36.5812 196.5060 0.3930 0.0480   -9.9900
20102002 1997.213206 31.7140 64.1920  215  213.3962 18.4782 4.8335 36.5787 196.8480 0.3930 0.0470   -9.9900
20102002 1997.213206 31.7140 64.1920  217  215.3802 18.4697 4.8326 36.5779 197.1080 0.3930 0.0470   -9.9900
20102002 1997.213206 31.7140 64.1920  219  217.3642 18.4610 4.8317 36.5767 197.3240 0.3920 0.0540   -9.9900
20102002 1997.213206 31.7140 64.1920  221  219.3482 18.4444 4.8298 36.5749 197.5190 0.3930 0.0530   -9.9900
20102002 1997.213206 31.7140 64.1920  223  221.3322 18.4355 4.8289 36.5738 197.6480 0.3920 0.0360   -9.9900
20102002 1997.213206 31.7140 64.1920  225  223.3162 18.4183 4.8269 36.5718 197.8040 0.3930 0.0380   -9.9900
20102002 1997.213206 31.7140 64.1920  227  225.3001 18.4180 4.8270 36.5720 197.9070 0.3930 0.0390   -9.9900
20102002 1997.213206 31.7140 64.1920  229  227.2840 18.4138 4.8266 36.5715 197.9770 0.3930 0.0440   -9.9900
20102002 1997.213206 31.7140 64.1920  231  229.2679 18.4023 4.8253 36.5700 198.1890 0.3930 0.0440   -9.9900
20102002 1997.213206 31.7140 64.1920  233  231.2518 18.3888 4.8238 36.5683 198.4670 0.3920 0.0470   -9.9900
20102002 1997.213206 31.7140 64.1920  235  233.2357 18.3796 4.8228 36.5674 198.5930 0.3920 0.0500   -9.9900
20102002 1997.213206 31.7140 64.1920  237  235.2195 18.3693 4.8217 36.5662 198.6630 0.3920 0.0450   -9.9900
20102002 1997.213206 31.7140 64.1920  239  237.2034 18.3591 4.8206 36.5650 198.7970 0.3920 0.0430   -9.9900
20102002 1997.213206 31.7140 64.1920  241  239.1872 18.3501 4.8196 36.5640 198.9690 0.3920 0.0400   -9.9900
20102002 1997.213206 31.7140 64.1920  243  241.1709 18.3385 4.8183 36.5628 199.2450 0.3920 0.0380   -9.9900
20102002 1997.213206 31.7140 64.1920  245  243.1547 18.3307 4.8175 36.5619 199.4470 0.3920 0.0380   -9.9900
20102002 1997.213206 31.7140 64.1920  247  245.1385 18.3228 4.8167 36.5611 199.6730 0.3920 0.0400   -9.9900
20102002 1997.213206 31.7140 64.1920  249  247.1222 18.3160 4.8160 36.5604 199.8770 0.3930 0.0380   -9.9900
20102002 1997.213206 31.7140 64.1920  251  249.1059 18.3077 4.8151 36.5597 200.2450 0.3930 0.0370   -9.9900
20102002 1997.213206 31.7140 64.1920  253  251.0896 18.3042 4.8148 36.5594 200.3630 0.3930 0.0370   -9.9900
20102002 1997.213206 31.7140 64.1920  255  253.0733 18.2972 4.8141 36.5585 200.5590 0.3930 0.0390   -9.9900
20102002 1997.213206 31.7140 64.1920  257  255.0569 18.2905 4.8133 36.5577 200.7140 0.3920 0.0350   -9.9900
20102002 1997.213206 31.7140 64.1920  259  257.0406 18.2798 4.8122 36.5565 200.9850 0.3920 0.0340   -9.9900
20102002 1997.213206 31.7140 64.1920  261  259.0242 18.2764 4.8119 36.5562 201.1010 0.3920 0.0400   -9.9900
20102002 1997.213206 31.7140 64.1920  263  261.0078 18.2681 4.8110 36.5554 201.3160 0.3920 0.0460   -9.9900
20102002 1997.213206 31.7140 64.1920  265  262.9914 18.2599 4.8102 36.5546 201.5340 0.3920 0.0460   -9.9900
20102002 1997.213206 31.7140 64.1920  267  264.9749 18.2507 4.8092 36.5537 201.8450 0.3930 0.0510   -9.9900
20102002 1997.213206 31.7140 64.1920  269  266.9585 18.2487 4.8090 36.5534 202.1040 0.3920 0.0520   -9.9900
20102002 1997.213206 31.7140 64.1920  271  268.9420 18.2406 4.8081 36.5523 202.2830 0.3920 0.0420   -9.9900
20102002 1997.213206 31.7140 64.1920  273  270.9255 18.2291 4.8069 36.5511 202.4790 0.3930 0.0390   -9.9900
20102002 1997.213206 31.7140 64.1920  275  272.9090 18.2244 4.8064 36.5506 202.6150 0.3920 0.0400   -9.9900
20102002 1997.213206 31.7140 64.1920  277  274.8924 18.2226 4.8063 36.5503 202.7400 0.3910 0.0380   -9.9900
20102002 1997.213206 31.7140 64.1920  279  276.8759 18.2217 4.8063 36.5502 202.7290 0.3910 0.0470   -9.9900
20102002 1997.213206 31.7140 64.1920  281  278.8593 18.2196 4.8061 36.5499 202.8220 0.3910 0.0310   -9.9900
20102002 1997.213206 31.7140 64.1920  283  280.8427 18.2117 4.8053 36.5489 202.9950 0.3910 0.0270   -9.9900
20102002 1997.213206 31.7140 64.1920  285  282.8261 18.2025 4.8043 36.5477 203.1410 0.3910 0.0350   -9.9900
20102002 1997.213206 31.7140 64.1920  287  284.8095 18.1948 4.8034 36.5467 203.2290 0.3910 0.0370   -9.9900
20102002 1997.213206 31.7140 64.1920  289  286.7928 18.1865 4.8025 36.5451 203.2500 0.3910 0.0370   -9.9900
20102002 1997.213206 31.7140 64.1920  291  288.7762 18.1720 4.8008 36.5431 203.2320 0.3910 0.0330   -9.9900
20102002 1997.213206 31.7140 64.1920  293  290.7595 18.1623 4.7997 36.5416 203.2000 0.3910 0.0490   -9.9900
20102002 1997.213206 31.7140 64.1920  295  292.7428 18.1574 4.7992 36.5410 203.2110 0.3910 0.0480   -9.9900
20102002 1997.213206 31.7140 64.1920  297  294.7260 18.1523 4.7987 36.5402 203.1810 0.3900 0.0480   -9.9900
20102002 1997.213206 31.7140 64.1920  299  296.7093 18.1437 4.7977 36.5389 203.1180 0.3900 0.0440   -9.9900
20102002 1997.213206 31.7140 64.1920  301  298.6925 18.1356 4.7968 36.5377 203.0100 0.3900 0.0380   -9.9900
20102002 1997.213206 31.7140 64.1920  303  300.6757 18.1191 4.7948 36.5347 203.0520 0.3900 0.0320   -9.9900
20102002 1997.213206 31.7140 64.1920  305  302.6589 18.1100 4.7938 36.5334 202.7770 0.3900 0.0340   -9.9900
20102002 1997.213206 31.7140 64.1920  307  304.6421 18.0985 4.7925 36.5315 202.7550 0.3900 0.0350   -9.9900
20102002 1997.213206 31.7140 64.1920  309  306.6253 18.0847 4.7909 36.5296 202.7070 0.3900 0.0380   -9.9900
20102002 1997.213206 31.7140 64.1920  311  308.6084 18.0828 4.7908 36.5297 202.6480 0.3900 0.0390   -9.9900
20102002 1997.213206 31.7140 64.1920  313  310.5915 18.0810 4.7907 36.5294 202.6300 0.3900 0.0350   -9.9900
20102002 1997.213206 31.7140 64.1920  315  312.5746 18.0790 4.7905 36.5290 202.6120 0.3900 0.0350   -9.9900
20102002 1997.213206 31.7140 64.1920  317  314.5577 18.0766 4.7904 36.5288 202.3850 0.3900 0.0440   -9.9900
20102002 1997.213206 31.7140 64.1920  319  316.5408 18.0754 4.7904 36.5293 202.4090 0.3900 0.0390   -9.9900
20102002 1997.213206 31.7140 64.1920  321  318.5238 18.0730 4.7902 36.5294 202.4860 0.3900 0.0320   -9.9900
20102002 1997.213206 31.7140 64.1920  323  320.5068 18.0700 4.7900 36.5290 202.5850 0.3900 0.0330   -9.9900
20102002 1997.213206 31.7140 64.1920  325  322.4899 18.0674 4.7897 36.5286 202.6000 0.3900 0.0350   -9.9900
20102002 1997.213206 31.7140 64.1920  327  324.4728 18.0652 4.7896 36.5290 202.6860 0.3900 0.0340   -9.9900
20102002 1997.213206 31.7140 64.1920  329  326.4558 18.0593 4.7890 36.5284 202.8410 0.3900 0.0400   -9.9900
20102002 1997.213206 31.7140 64.1920  331  328.4388 18.0531 4.7884 36.5276 202.9410 0.3890 0.0390   -9.9900
20102002 1997.213206 31.7140 64.1920  333  330.4217 18.0498 4.7881 36.5272 202.9300 0.3900 0.0290   -9.9900
20102002 1997.213206 31.7140 64.1920  335  332.4046 18.0381 4.7866 36.5245 202.8220 0.3910 0.0300   -9.9900
20102002 1997.213206 31.7140 64.1920  337  334.3875 18.0252 4.7851 36.5220 202.6840 0.3910 0.0290   -9.9900
20102002 1997.213206 31.7140 64.1920  339  336.3704 18.0151 4.7839 36.5199 202.6360 0.3890 0.0270   -9.9900
20102002 1997.213206 31.7140 64.1920  341  338.3532 18.0056 4.7828 36.5186 202.4970 0.3890 0.0310   -9.9900
20102002 1997.213206 31.7140 64.1920  343  340.3360 17.9994 4.7822 36.5177 202.4620 0.3890 0.0310   -9.9900
20102002 1997.213206 31.7140 64.1920  345  342.3189 17.9948 4.7817 36.5170 202.4800 0.3890 0.0380   -9.9900
20102002 1997.213206 31.7140 64.1920  347  344.3017 17.9929 4.7816 36.5168 202.5360 0.3890 0.0440   -9.9900
20102002 1997.213206 31.7140 64.1920  349  346.2844 17.9891 4.7812 36.5165 202.6630 0.3890 0.0440   -9.9900
20102002 1997.213206 31.7140 64.1920  351  348.2672 17.9921 4.7820 36.5193 202.7300 0.3890 0.0540   -9.9900
20102002 1997.213206 31.7140 64.1920  353  350.2499 17.9816 4.7807 36.5172 202.8090 0.3890 0.0500   -9.9900
20102002 1997.213206 31.7140 64.1920  355  352.2326 17.9671 4.7789 36.5136 202.7830 0.3890 0.0470   -9.9900
20102002 1997.213206 31.7140 64.1920  357  354.2153 17.9646 4.7787 36.5138 202.8520 0.3890 0.0400   -9.9900
20102002 1997.213206 31.7140 64.1920  359  356.1980 17.9594 4.7783 36.5139 202.9400 0.3890 0.0440   -9.9900
20102002 1997.213206 31.7140 64.1920  361  358.1807 17.9553 4.7779 36.5138 203.0330 0.3890 0.0300   -9.9900
20102002 1997.213206 31.7140 64.1920  363  360.1633 17.9518 4.7777 36.5143 202.9770 0.3890 0.0220   -9.9900
20102002 1997.213206 31.7140 64.1920  365  362.1460 17.9429 4.7766 36.5117 203.1620 0.3890 0.0180   -9.9900
20102002 1997.213206 31.7140 64.1920  367  364.1286 17.9359 4.7760 36.5124 203.1430 0.3890 0.0250   -9.9900
20102002 1997.213206 31.7140 64.1920  369  366.1111 17.9268 4.7750 36.5110 203.3130 0.3890 0.0270   -9.9900
20102002 1997.213206 31.7140 64.1920  371  368.0937 17.9057 4.7724 36.5071 203.4380 0.3890 0.0390   -9.9900
20102002 1997.213206 31.7140 64.1920  373  370.0763 17.8965 4.7715 36.5060 203.5200 0.3890 0.0370   -9.9900
20102002 1997.213206 31.7140 64.1920  375  372.0588 17.8943 4.7713 36.5059 203.3820 0.3890 0.0310   -9.9900
20102002 1997.213206 31.7140 64.1920  377  374.0413 17.8944 4.7714 36.5059 203.1700 0.3890 0.0270   -9.9900
20102002 1997.213206 31.7140 64.1920  379  376.0238 17.8883 4.7707 36.5046 203.1070 0.3890 0.0330   -9.9900
20102002 1997.213206 31.7140 64.1920  381  378.0063 17.8754 4.7692 36.5021 202.9350 0.3890 0.0370   -9.9900
20102002 1997.213206 31.7140 64.1920  383  379.9887 17.8613 4.7674 36.4991 202.7940 0.3890 0.0390   -9.9900
20102002 1997.213206 31.7140 64.1920  385  381.9711 17.8414 4.7650 36.4954 202.5070 0.3890 0.0340   -9.9900
20102002 1997.213206 31.7140 64.1920  387  383.9536 17.8198 4.7623 36.4908 201.8810 0.3890 0.0310   -9.9900
20102002 1997.213206 31.7140 64.1920  389  385.9360 17.8042 4.7604 36.4877 201.2990 0.3890 0.0300   -9.9900
20102002 1997.213206 31.7140 64.1920  391  387.9183 17.7805 4.7575 36.4827 200.2380 0.3880 0.0280   -9.9900
20102002 1997.213206 31.7140 64.1920  393  389.9007 17.7671 4.7559 36.4803 199.3190 0.3890 0.0310   -9.9900
20102002 1997.213206 31.7140 64.1920  395  391.8830 17.7470 4.7535 36.4769 198.9620 0.3890 0.0350   -9.9900
20102002 1997.213206 31.7140 64.1920  397  393.8653 17.7297 4.7515 36.4741 198.7690 0.3890 0.0360   -9.9900
20102002 1997.213206 31.7140 64.1920  399  395.8476 17.6976 4.7476 36.4682 198.2760 0.3890 0.0310   -9.9900
20102002 1997.213206 31.7140 64.1920  401  397.8299 17.6724 4.7445 36.4635 197.6620 0.3890 0.0350   -9.9900
20102002 1997.213206 31.7140 64.1920  403  399.8122 17.6581 4.7428 36.4608 196.9960 0.3890 0.0430   -9.9900
20102003 1997.213255 31.7140 64.1920   12   11.9163 20.8851 5.1132 36.8649 214.1110 0.4320 0.1290   -9.9900
20102003 1997.213255 31.7140 64.1920   14   13.9023 20.8818 5.1129 36.8640 214.3030 0.4320 0.1320   -9.9900
20102003 1997.213255 31.7140 64.1920   16   15.8883 20.8679 5.1113 36.8627 214.4390 0.4330 0.1210   -9.9900
20102003 1997.213255 31.7140 64.1920   18   17.8743 20.8622 5.1108 36.8626 214.4730 0.4330 0.1140   -9.9900
20102003 1997.213255 31.7140 64.1920   20   19.8602 20.8634 5.1110 36.8630 214.3150 0.4330 0.1200   -9.9900
20102003 1997.213255 31.7140 64.1920   22   21.8461 20.8592 5.1106 36.8623 214.4220 0.4340 0.1220   -9.9900
20102003 1997.213255 31.7140 64.1920   24   23.8320 20.8554 5.1102 36.8619 214.4110 0.4340 0.1180   -9.9900
20102003 1997.213255 31.7140 64.1920   26   25.8179 20.8465 5.1093 36.8612 214.4900 0.4350 0.1250   -9.9900
20102003 1997.213255 31.7140 64.1920   28   27.8037 20.8352 5.1081 36.8603 214.5990 0.4350 0.1250   -9.9900
20102003 1997.213255 31.7140 64.1920   30   29.7896 20.8295 5.1075 36.8599 214.7010 0.4340 0.1210   -9.9900
20102003 1997.213255 31.7140 64.1920   32   31.7754 20.8239 5.1069 36.8595 214.8350 0.4330 0.1170   -9.9900
20102003 1997.213255 31.7140 64.1920   34   33.7612 20.8227 5.1069 36.8594 214.9050 0.4340 0.1250   -9.9900
20102003 1997.213255 31.7140 64.1920   36   35.7469 20.8206 5.1067 36.8594 215.0020 0.4340 0.1190   -9.9900
20102003 1997.213255 31.7140 64.1920   38   37.7327 20.8181 5.1065 36.8592 215.0720 0.4340 0.1160   -9.9900
20102003 1997.213255 31.7140 64.1920   40   39.7184 20.8151 5.1063 36.8592 215.1510 0.4350 0.1110   -9.9900
20102003 1997.213255 31.7140 64.1920   42   41.7042 20.8137 5.1062 36.8591 215.1950 0.4340 0.1180   -9.9900
20102003 1997.213255 31.7140 64.1920   44   43.6899 20.8111 5.1060 36.8589 215.2050 0.4340 0.1190   -9.9900
20102003 1997.213255 31.7140 64.1920   46   45.6755 20.8098 5.1060 36.8587 215.1920 0.4340 0.1260   -9.9900
20102003 1997.213255 31.7140 64.1920   48   47.6612 20.8064 5.1056 36.8581 215.2010 0.4340 0.1340   -9.9900
20102003 1997.213255 31.7140 64.1920   50   49.6469 20.8033 5.1053 36.8576 215.2470 0.4340 0.1350   -9.9900
20102003 1997.213255 31.7140 64.1920   52   51.6325 20.8005 5.1051 36.8572 215.2850 0.4340 0.1370   -9.9900
20102003 1997.213255 31.7140 64.1920   54   53.6181 20.7903 5.1038 36.8553 215.4120 0.4330 0.1470   -9.9900
20102003 1997.213255 31.7140 64.1920   56   55.6037 20.7787 5.1024 36.8534 215.5320 0.4330 0.1550   -9.9900
20102003 1997.213255 31.7140 64.1920   58   57.5892 20.7591 5.0999 36.8493 215.6340 0.4330 0.1570   -9.9900
20102003 1997.213255 31.7140 64.1920   60   59.5748 20.7377 5.0972 36.8445 215.6500 0.4330 0.1680   -9.9900
20102003 1997.213255 31.7140 64.1920   62   61.5603 20.7267 5.0958 36.8420 215.6200 0.4330 0.1770   -9.9900
20102003 1997.213255 31.7140 64.1920   64   63.5458 20.7037 5.0928 36.8374 215.6550 0.4330 0.1970   -9.9900
20102003 1997.213255 31.7140 64.1920   66   65.5313 20.6808 5.0899 36.8326 215.5350 0.4340 0.2040   -9.9900
20102003 1997.213255 31.7140 64.1920   68   67.5168 20.6477 5.0856 36.8259 215.4990 0.4350 0.2180   -9.9900
20102003 1997.213255 31.7140 64.1920   70   69.5022 20.5680 5.0752 36.8092 215.1260 0.4380 0.2500   -9.9900
20102003 1997.213255 31.7140 64.1920   72   71.4877 20.5196 5.0689 36.7996 214.8540 0.4400 0.2810   -9.9900
20102003 1997.213255 31.7140 64.1920   74   73.4731 20.4422 5.0590 36.7852 214.2900 0.4440 0.3330   -9.9900
20102003 1997.213255 31.7140 64.1920   76   75.4585 20.3809 5.0513 36.7746 213.5440 0.4480 0.3970   -9.9900
20102003 1997.213255 31.7140 64.1920   78   77.4438 20.3226 5.0440 36.7646 212.4250 0.4530 0.4570   -9.9900
20102003 1997.213255 31.7140 64.1920   80   79.4292 20.2378 5.0334 36.7511 211.0870 0.4570 0.5230   -9.9900
20102003 1997.213255 31.7140 64.1920   82   81.4145 20.0960 5.0162 36.7319 209.8870 0.4630 0.5830   -9.9900
20102003 1997.213255 31.7140 64.1920   84   83.3998 20.0214 5.0074 36.7242 208.9790 0.4610 0.6490   -9.9900
20102003 1997.213255 31.7140 64.1920   86   85.3851 19.9604 5.0004 36.7188 207.6540 0.4570 0.7190   -9.9900
20102003 1997.213255 31.7140 64.1920   88   87.3704 19.9168 4.9955 36.7157 206.5380 0.4550 0.7570   -9.9900
20102003 1997.213255 31.7140 64.1920   90   89.3557 19.8786 4.9912 36.7126 205.3910 0.4530 0.7680   -9.9900
20102003 1997.213255 31.7140 64.1920   92   91.3409 19.8451 4.9876 36.7116 204.4500 0.4470 0.7530   -9.9900
20102003 1997.213255 31.7140 64.1920   94   93.3261 19.8008 4.9824 36.7070 202.0760 0.4440 0.7010   -9.9900
20102003 1997.213255 31.7140 64.1920   96   95.3113 19.7498 4.9772 36.7074 200.0160 0.4360 0.6380   -9.9900
20102003 1997.213255 31.7140 64.1920   98   97.2965 19.7194 4.9739 36.7062 196.7100 0.4330 0.5760   -9.9900
20102003 1997.213255 31.7140 64.1920  100   99.2817 19.6650 4.9671 36.6963 198.5190 0.4320 0.5330   -9.9900
20102003 1997.213255 31.7140 64.1920  102  101.2668 19.6073 4.9601 36.6881 200.9740 0.4310 0.5900   -9.9900
20102003 1997.213255 31.7140 64.1920  104  103.2519 19.5752 4.9564 36.6851 202.6420 0.4280 0.5520   -9.9900
20102003 1997.213255 31.7140 64.1920  106  105.2370 19.5140 4.9491 36.6771 204.4270 0.4250 0.4900   -9.9900
20102003 1997.213255 31.7140 64.1920  108  107.2221 19.4938 4.9468 36.6754 205.5450 0.4230 0.4340   -9.9900
20102003 1997.213255 31.7140 64.1920  110  109.2072 19.4854 4.9460 36.6752 206.1000 0.4220 0.4000   -9.9900
20102003 1997.213255 31.7140 64.1920  112  111.1922 19.4709 4.9446 36.6750 206.6910 0.4200 0.3580   -9.9900
20102003 1997.213255 31.7140 64.1920  114  113.1773 19.4574 4.9432 36.6748 206.7970 0.4190 0.3440   -9.9900
20102003 1997.213255 31.7140 64.1920  116  115.1623 19.4356 4.9408 36.6733 207.0130 0.4170 0.3150   -9.9900
20102003 1997.213255 31.7140 64.1920  118  117.1473 19.4147 4.9385 36.6718 207.2640 0.4150 0.2900   -9.9900
20102003 1997.213255 31.7140 64.1920  120  119.1322 19.3836 4.9351 36.6696 207.7380 0.4120 0.2490   -9.9900
20102003 1997.213255 31.7140 64.1920  122  121.1172 19.3632 4.9329 36.6685 208.0760 0.4100 0.2180   -9.9900
20102003 1997.213255 31.7140 64.1920  124  123.1021 19.3471 4.9312 36.6677 208.3910 0.4080 0.1870   -9.9900
20102003 1997.213255 31.7140 64.1920  126  125.0870 19.3271 4.9290 36.6663 208.4920 0.4060 0.1740   -9.9900
20102003 1997.213255 31.7140 64.1920  128  127.0719 19.3176 4.9279 36.6651 208.3120 0.4070 0.1730   -9.9900
20102003 1997.213255 31.7140 64.1920  130  129.0568 19.2771 4.9233 36.6608 207.7060 0.4060 0.1640   -9.9900
20102003 1997.213255 31.7140 64.1920  132  131.0416 19.2485 4.9200 36.6577 207.1340 0.4070 0.1570   -9.9900
20102003 1997.213255 31.7140 64.1920  134  133.0265 19.1897 4.9132 36.6520 206.0070 0.4050 0.1500   -9.9900
20102003 1997.213255 31.7140 64.1920  136  135.0113 19.1626 4.9102 36.6497 204.8030 0.4030 0.1250   -9.9900
20102003 1997.213255 31.7140 64.1920  138  136.9961 19.1463 4.9083 36.6478 203.6080 0.4020 0.1080   -9.9900
20102003 1997.213255 31.7140 64.1920  140  138.9809 19.1320 4.9067 36.6462 202.6270 0.4010 0.1030   -9.9900
20102003 1997.213255 31.7140 64.1920  142  140.9656 19.1142 4.9048 36.6450 201.8650 0.4000 0.1030   -9.9900
20102003 1997.213255 31.7140 64.1920  144  142.9504 19.0922 4.9023 36.6432 200.6880 0.4000 0.1100   -9.9900
20102003 1997.213255 31.7140 64.1920  146  144.9351 19.0751 4.9003 36.6408 199.7690 0.4000 0.1090   -9.9900
20102003 1997.213255 31.7140 64.1920  148  146.9198 19.0750 4.9004 36.6402 198.9980 0.4000 0.1070   -9.9900
20102003 1997.213255 31.7140 64.1920  150  148.9045 19.0557 4.8982 36.6380 198.4200 0.4000 0.0970   -9.9900
20102003 1997.213255 31.7140 64.1920  152  150.8891 19.0398 4.8965 36.6374 197.7990 0.4000 0.0970   -9.9900
20102003 1997.213255 31.7140 64.1920  154  152.8738 19.0228 4.8947 36.6364 197.3670 0.4000 0.1020   -9.9900
20102003 1997.213255 31.7140 64.1920  156  154.8584 18.9993 4.8922 36.6354 197.5480 0.4000 0.1020   -9.9900
20102003 1997.213255 31.7140 64.1920  158  156.8430 18.9649 4.8884 36.6330 198.1670 0.4000 0.0960   -9.9900
20102003 1997.213255 31.7140 64.1920  160  158.8276 18.9529 4.8871 36.6322 198.3510 0.4000 0.0950   -9.9900
20102003 1997.213255 31.7140 64.1920  162  160.8121 18.9419 4.8860 36.6320 198.7620 0.4010 0.0900   -9.9900
20102003 1997.213255 31.7140 64.1920  164  162.7967 18.9279 4.8844 36.6300 199.1410 0.3990 0.0840   -9.9900
20102003 1997.213255 31.7140 64.1920  166  164.7812 18.9036 4.8815 36.6264 198.9590 0.3990 0.0810   -9.9900
20102003 1997.213255 31.7140 64.1920  168  166.7657 18.8759 4.8783 36.6232 198.4650 0.3990 0.0780   -9.9900
20102003 1997.213255 31.7140 64.1920  170  168.7502 18.8190 4.8717 36.6171 198.3440 0.3980 0.0700   -9.9900
20102003 1997.213255 31.7140 64.1920  172  170.7347 18.7780 4.8670 36.6131 197.9930 0.3980 0.0610   -9.9900
20102003 1997.213255 31.7140 64.1920  174  172.7191 18.7634 4.8654 36.6117 197.8580 0.3970 0.0520   -9.9900
20102003 1997.213255 31.7140 64.1920  176  174.7036 18.7542 4.8645 36.6110 197.4260 0.3970 0.0470   -9.9900
20102003 1997.213255 31.7140 64.1920  178  176.6880 18.7434 4.8632 36.6091 197.0780 0.3970 0.0590   -9.9900
20102003 1997.213255 31.7140 64.1920  180  178.6724 18.7207 4.8605 36.6055 196.5270 0.3970 0.0590   -9.9900
20102003 1997.213255 31.7140 64.1920  182  180.6567 18.6969 4.8578 36.6026 195.9230 0.3960 0.0580   -9.9900
20102003 1997.213255 31.7140 64.1920  184  182.6411 18.6776 4.8556 36.6007 195.5720 0.3960 0.0580   -9.9900
20102003 1997.213255 31.7140 64.1920  186  184.6254 18.6599 4.8536 36.5991 195.3120 0.3960 0.0600   -9.9900
20102003 1997.213255 31.7140 64.1920  188  186.6098 18.6406 4.8515 36.5973 195.1140 0.3960 0.0630   -9.9900
20102003 1997.213255 31.7140 64.1920  190  188.5941 18.6207 4.8492 36.5950 194.9790 0.3960 0.0660   -9.9900
20102003 1997.213255 31.7140 64.1920  192  190.5783 18.6064 4.8476 36.5934 194.9270 0.3950 0.0690   -9.9900
20102003 1997.213255 31.7140 64.1920  194  192.5626 18.5828 4.8449 36.5907 194.8380 0.3950 0.0660   -9.9900
20102003 1997.213255 31.7140 64.1920  196  194.5468 18.5682 4.8433 36.5892 194.8520 0.3950 0.0590   -9.9900
20102003 1997.213255 31.7140 64.1920  198  196.5311 18.5520 4.8415 36.5873 194.9050 0.3950 0.0460   -9.9900
20102003 1997.213255 31.7140 64.1920  200  198.5153 18.5383 4.8399 36.5855 195.0870 0.3950 0.0410   -9.9900
20102003 1997.213255 31.7140 64.1920  202  200.4994 18.5264 4.8386 36.5841 195.2470 0.3950 0.0380   -9.9900
20102003 1997.213255 31.7140 64.1920  204  202.4836 18.5152 4.8374 36.5830 195.4400 0.3950 0.0390   -9.9900
20102003 1997.213255 31.7140 64.1920  206  204.4677 18.4936 4.8349 36.5804 195.7400 0.3950 0.0460   -9.9900
20102003 1997.213255 31.7140 64.1920  208  206.4519 18.4751 4.8329 36.5783 196.0340 0.3940 0.0450   -9.9900
20102003 1997.213255 31.7140 64.1920  210  208.4360 18.4664 4.8319 36.5775 196.2220 0.3940 0.0450   -9.9900
20102003 1997.213255 31.7140 64.1920  212  210.4201 18.4552 4.8307 36.5761 196.4420 0.3940 0.0410   -9.9900
20102003 1997.213255 31.7140 64.1920  214  212.4041 18.4415 4.8292 36.5745 196.6860 0.3940 0.0520   -9.9900
20102003 1997.213255 31.7140 64.1920  216  214.3882 18.4266 4.8275 36.5729 196.9520 0.3940 0.0440   -9.9900
20102003 1997.213255 31.7140 64.1920  218  216.3722 18.4173 4.8265 36.5719 197.1330 0.3940 0.0440   -9.9900
20102003 1997.213255 31.7140 64.1920  220  218.3562 18.4147 4.8263 36.5717 197.1280 0.3940 0.0460   -9.9900
20102003 1997.213255 31.7140 64.1920  222  220.3402 18.4123 4.8261 36.5713 197.2780 0.3940 0.0460   -9.9900
20102003 1997.213255 31.7140 64.1920  224  222.3242 18.4026 4.8250 36.5700 197.4550 0.3940 0.0500   -9.9900
20102003 1997.213255 31.7140 64.1920  226  224.3081 18.3940 4.8241 36.5688 197.5620 0.3940 0.0380   -9.9900
20102003 1997.213255 31.7140 64.1920  228  226.2921 18.3836 4.8229 36.5677 197.8550 0.3940 0.0410   -9.9900
20102003 1997.213255 31.7140 64.1920  230  228.2760 18.3728 4.8218 36.5665 198.0040 0.3940 0.0440   -9.9900
20102003 1997.213255 31.7140 64.1920  232  230.2599 18.3603 4.8204 36.5650 198.0960 0.3940 0.0450   -9.9900
20102003 1997.213255 31.7140 64.1920  234  232.2437 18.3472 4.8189 36.5636 198.2800 0.3930 0.0410   -9.9900
20102003 1997.213255 31.7140 64.1920  236  234.2276 18.3390 4.8181 36.5627 198.5760 0.3940 0.0440   -9.9900
20102003 1997.213255 31.7140 64.1920  238  236.2114 18.3341 4.8176 36.5622 198.6770 0.3940 0.0410   -9.9900
20102003 1997.213255 31.7140 64.1920  240  238.1953 18.3254 4.8166 36.5612 198.9180 0.3940 0.0380   -9.9900
20102003 1997.213255 31.7140 64.1920  242  240.1791 18.3198 4.8161 36.5606 199.1240 0.3940 0.0410   -9.9900
20102003 1997.213255 31.7140 64.1920  244  242.1628 18.3141 4.8155 36.5600 199.3270 0.3940 0.0420   -9.9900
20102003 1997.213255 31.7140 64.1920  246  244.1466 18.3061 4.8147 36.5594 199.6110 0.3940 0.0450   -9.9900
20102003 1997.213255 31.7140 64.1920  248  246.1303 18.2979 4.8138 36.5587 199.9740 0.3940 0.0450   -9.9900
20102003 1997.213255 31.7140 64.1920  250  248.1141 18.2959 4.8137 36.5585 200.0610 0.3940 0.0460   -9.9900
20102003 1997.213255 31.7140 64.1920  252  250.0978 18.2900 4.8131 36.5578 200.2280 0.3940 0.0440   -9.9900
20102003 1997.213255 31.7140 64.1920  254  252.0815 18.2839 4.8124 36.5570 200.4420 0.3930 0.0450   -9.9900
20102003 1997.213255 31.7140 64.1920  256  254.0651 18.2784 4.8119 36.5563 200.6050 0.3930 0.0450   -9.9900
20102003 1997.213255 31.7140 64.1920  258  256.0488 18.2640 4.8103 36.5548 200.8700 0.3930 0.0410   -9.9900
20102003 1997.213255 31.7140 64.1920  260  258.0324 18.2565 4.8095 36.5543 201.1150 0.3930 0.0410   -9.9900
20102003 1997.213255 31.7140 64.1920  262  260.0160 18.2527 4.8092 36.5539 201.2980 0.3930 0.0410   -9.9900
20102003 1997.213255 31.7140 64.1920  264  261.9996 18.2509 4.8091 36.5538 201.4230 0.3930 0.0410   -9.9900
20102003 1997.213255 31.7140 64.1920  266  263.9832 18.2431 4.8082 36.5528 201.6970 0.3930 0.0400   -9.9900
20102003 1997.213255 31.7140 64.1920  268  265.9667 18.2329 4.8071 36.5516 201.9300 0.3930 0.0400   -9.9900
20102003 1997.213255 31.7140 64.1920  270  267.9502 18.2183 4.8055 36.5499 202.1600 0.3930 0.0440   -9.9900
20102003 1997.213255 31.7140 64.1920  272  269.9337 18.2191 4.8057 36.5500 202.3070 0.3930 0.0440   -9.9900
20102003 1997.213255 31.7140 64.1920  274  271.9172 18.2168 4.8055 36.5498 202.4140 0.3930 0.0460   -9.9900
20102003 1997.213255 31.7140 64.1920  276  273.9007 18.2123 4.8050 36.5492 202.4670 0.3930 0.0530   -9.9900
20102003 1997.213255 31.7140 64.1920  278  275.8842 18.2043 4.8041 36.5479 202.5740 0.3930 0.0490   -9.9900
20102003 1997.213255 31.7140 64.1920  280  277.8676 18.1942 4.8030 36.5465 202.6660 0.3930 0.0450   -9.9900
20102003 1997.213255 31.7140 64.1920  282  279.8510 18.1840 4.8019 36.5450 202.7120 0.3920 0.0410   -9.9900
20102003 1997.213255 31.7140 64.1920  284  281.8344 18.1743 4.8008 36.5436 202.7160 0.3930 0.0280   -9.9900
20102003 1997.213255 31.7140 64.1920  286  283.8178 18.1640 4.7996 36.5419 202.7270 0.3920 0.0390   -9.9900
20102003 1997.213255 31.7140 64.1920  288  285.8012 18.1581 4.7990 36.5413 202.7060 0.3920 0.0420   -9.9900
20102003 1997.213255 31.7140 64.1920  290  287.7845 18.1526 4.7984 36.5405 202.6870 0.3920 0.0450   -9.9900
20102003 1997.213255 31.7140 64.1920  292  289.7678 18.1452 4.7976 36.5394 202.6780 0.3920 0.0390   -9.9900
20102003 1997.213255 31.7140 64.1920  294  291.7511 18.1407 4.7972 36.5392 202.6460 0.3920 0.0350   -9.9900
20102003 1997.213255 31.7140 64.1920  296  293.7344 18.1354 4.7966 36.5379 202.7850 0.3920 0.0430   -9.9900
20102003 1997.213255 31.7140 64.1920  298  295.7177 18.1326 4.7964 36.5383 202.8560 0.3920 0.0420   -9.9900
20102003 1997.213255 31.7140 64.1920  300  297.7009 18.1290 4.7961 36.5375 202.7870 0.3920 0.0300   -9.9900
20102003 1997.213255 31.7140 64.1920  302  299.6841 18.1166 4.7945 36.5344 202.7860 0.3920 0.0180   -9.9900
20102003 1997.213255 31.7140 64.1920  304  301.6673 18.0967 4.7921 36.5312 202.9320 0.3920 0.0340   -9.9900
20102003 1997.213255 31.7140 64.1920  306  303.6505 18.0885 4.7913 36.5307 202.5800 0.3920 0.0310   -9.9900
20102003 1997.213255 31.7140 64.1920  308  305.6337 18.0876 4.7913 36.5306 202.3720 0.3920 0.0170   -9.9900
20102003 1997.213255 31.7140 64.1920  310  307.6168 18.0873 4.7914 36.5308 202.4090 0.3920 0.0250   -9.9900
20102003 1997.213255 31.7140 64.1920  312  309.6000 18.0856 4.7913 36.5304 202.3790 0.3920 0.0360   -9.9900
20102003 1997.213255 31.7140 64.1920  314  311.5831 18.0824 4.7910 36.5301 202.3270 0.3920 0.0350   -9.9900
20102003 1997.213255 31.7140 64.1920  316  313.5662 18.0779 4.7906 36.5301 202.3220 0.3910 0.0390   -9.9900
20102003 1997.213255 31.7140 64.1920  318  315.5492 18.0730 4.7902 36.5300 202.3580 0.3910 0.0330   -9.9900
20102003 1997.213255 31.7140 64.1920  320  317.5323 18.0696 4.7898 36.5294 202.3970 0.3920 0.0290   -9.9900
20102003 1997.213255 31.7140 64.1920  322  319.5153 18.0684 4.7898 36.5298 202.4850 0.3920 0.0400   -9.9900
20102003 1997.213255 31.7140 64.1920  324  321.4984 18.0673 4.7899 36.5302 202.5930 0.3920 0.0370   -9.9900
20102003 1997.213255 31.7140 64.1920  326  323.4813 18.0619 4.7893 36.5295 202.6840 0.3920 0.0340   -9.9900
20102003 1997.213255 31.7140 64.1920  328  325.4643 18.0532 4.7883 36.5278 202.6880 0.3920 0.0380   -9.9900
20102003 1997.213255 31.7140 64.1920  330  327.4473 18.0454 4.7874 36.5261 202.6490 0.3910 0.0390   -9.9900
20102003 1997.213255 31.7140 64.1920  332  329.4302 18.0379 4.7865 36.5248 202.6360 0.3910 0.0250   -9.9900
20102003 1997.213255 31.7140 64.1920  334  331.4131 18.0291 4.7856 36.5237 202.5910 0.3910 0.0210   -9.9900
20102003 1997.213255 31.7140 64.1920  336  333.3960 18.0221 4.7848 36.5223 202.6290 0.3910 0.0220   -9.9900
20102003 1997.213255 31.7140 64.1920  338  335.3789 18.0165 4.7843 36.5224 202.8250 0.3910 0.0300   -9.9900
20102003 1997.213255 31.7140 64.1920  340  337.3618 18.0270 4.7860 36.5267 202.9800 0.3910 0.0440   -9.9900
20102003 1997.213255 31.7140 64.1920  342  339.3446 18.0322 4.7868 36.5286 203.0780 0.3920 0.0430   -9.9900
20102003 1997.213255 31.7140 64.1920  344  341.3275 18.0124 4.7842 36.5234 203.1430 0.3910 0.0350   -9.9900
20102003 1997.213255 31.7140 64.1920  346  343.3103 17.9920 4.7816 36.5180 203.0660 0.3910 0.0420   -9.9900
20102003 1997.213255 31.7140 64.1920  348  345.2930 17.9766 4.7797 36.5147 202.8980 0.3910 0.0390   -9.9900
20102003 1997.213255 31.7140 64.1920  350  347.2758 17.9701 4.7791 36.5144 202.8000 0.3910 0.0340   -9.9900
20102003 1997.213255 31.7140 64.1920  352  349.2586 17.9682 4.7790 36.5148 202.6990 0.3910 0.0410   -9.9900
20102003 1997.213255 31.7140 64.1920  354  351.2413 17.9731 4.7800 36.5179 202.7230 0.3910 0.0430   -9.9900
20102003 1997.213255 31.7140 64.1920  356  353.2240 17.9688 4.7795 36.5173 202.8520 0.3910 0.0370   -9.9900
20102003 1997.213255 31.7140 64.1920  358  355.2067 17.9578 4.7783 36.5157 203.0140 0.3910 0.0240   -9.9900
20102003 1997.213255 31.7140 64.1920  360  357.1894 17.9499 4.7773 36.5137 202.9660 0.3960 0.0320   -9.9900
20102003 1997.213255 31.7140 64.1920  362  359.1720 17.9418 4.7763 36.5118 202.8640 0.3900 0.0380   -9.9900
20102003 1997.213255 31.7140 64.1920  364  361.1546 17.9371 4.7761 36.5132 203.0400 0.3910 0.0400   -9.9900
20102003 1997.213255 31.7140 64.1920  366  363.1373 17.9297 4.7752 36.5113 202.8720 0.3910 0.0340   -9.9900
20102003 1997.213255 31.7140 64.1920  368  365.1199 17.9069 4.7725 36.5074 202.9620 0.3900 0.0430   -9.9900
20102003 1997.213255 31.7140 64.1920  370  367.1024 17.8985 4.7716 36.5065 203.0560 0.3910 0.0410   -9.9900
20102003 1997.213255 31.7140 64.1920  372  369.0850 17.8967 4.7715 36.5063 203.0820 0.3910 0.0330   -9.9900
20102003 1997.213255 31.7140 64.1920  374  371.0675 17.8975 4.7716 36.5064 202.8400 0.3900 0.0310   -9.9900
20102003 1997.213255 31.7140 64.1920  376  373.0500 17.8920 4.7710 36.5051 202.6890 0.3910 0.0480   -9.9900
20102003 1997.213255 31.7140 64.1920  378  375.0325 17.8751 4.7690 36.5018 202.8150 0.3910 0.0460   -9.9900
20102003 1997.213255 31.7140 64.1920  380  377.0150 17.8690 4.7683 36.5004 202.5150 0.3910 0.0440   -9.9900
20102003 1997.213255 31.7140 64.1920  382  378.9975 17.8524 4.7662 36.4964 201.9860 0.3910 0.0360   -9.9900
20102003 1997.213255 31.7140 64.1920  384  380.9799 17.8266 4.7631 36.4921 201.9920 0.3910 0.0320   -9.9900
20102003 1997.213255 31.7140 64.1920  386  382.9624 17.8170 4.7619 36.4897 201.3940 0.3910 0.0310   -9.9900
20102003 1997.213255 31.7140 64.1920  388  384.9448 17.7954 4.7592 36.4851 200.4820 0.3910 0.0340   -9.9900
20102003 1997.213255 31.7140 64.1920  390  386.9271 17.7735 4.7565 36.4811 200.0620 0.3910 0.0380   -9.9900
20102003 1997.213255 31.7140 64.1920  392  388.9095 17.7510 4.7538 36.4772 199.7000 0.3910 0.0340   -9.9900
20102003 1997.213255 31.7140 64.1920  394  390.8919 17.7301 4.7513 36.4735 199.0200 0.3910 0.0350   -9.9900
20102003 1997.213255 31.7140 64.1920  396  392.8742 17.7099 4.7489 36.4698 198.3520 0.3910 0.0420   -9.9900
20102003 1997.213255 31.7140 64.1920  398  394.8565 17.6669 4.7436 36.4621 198.2280 0.3910 0.0430   -9.9900
20102003 1997.213255 31.7140 64.1920  400  396.8388 17.6512 4.7418 36.4593 197.8340 0.3910 0.0420   -9.9900
20102003 1997.213255 31.7140 64.1920  402  398.8211 17.6397 4.7404 36.4568 197.3850 0.3910 0.0400   -9.9900
20102003 1997.213255 31.7140 64.1920  404  400.8033 17.6267 4.7389 36.4545 196.7380 0.3910 0.0290   -9.9900
20102003 1997.213255 31.7140 64.1920  406  402.7855 17.6144 4.7374 36.4522 195.8900 0.3910 0.0340   -9.9900
20102003 1997.213255 31.7140 64.1920  408  404.7678 17.6011 4.7358 36.4491 195.3900 0.3910 0.0400   -9.9900
20102003 1997.213255 31.7140 64.1920  410  406.7500 17.5760 4.7326 36.4435 195.0300 0.3910 0.0240   -9.9900
20102003 1997.213255 31.7140 64.1920  412  408.7321 17.5206 4.7258 36.4339 193.7810 0.3910 0.0330   -9.9900
20102003 1997.213255 31.7140 64.1920  414  410.7143 17.4927 4.7224 36.4288 193.4560 0.3910 0.0470   -9.9900
20102003 1997.213255 31.7140 64.1920  416  412.6964 17.4668 4.7193 36.4238 192.9600 0.3910 0.0410   -9.9900
20102003 1997.213255 31.7140 64.1920  418  414.6785 17.4482 4.7171 36.4206 192.3360 0.3910 0.0410   -9.9900
20102003 1997.213255 31.7140 64.1920  420  416.6606 17.4278 4.7146 36.4168 191.6860 0.3910 0.0400   -9.9900
20102003 1997.213255 31.7140 64.1920  422  418.6427 17.4101 4.7125 36.4139 191.1350 0.3910 0.0350   -9.9900
20102003 1997.213255 31.7140 64.1920  424  420.6248 17.3998 4.7114 36.4121 190.8380 0.3910 0.0400   -9.9900
20102003 1997.213255 31.7140 64.1920  426  422.6068 17.3911 4.7104 36.4106 190.5730 0.3910 0.0370   -9.9900
20102003 1997.213255 31.7140 64.1920  428  424.5888 17.3858 4.7098 36.4096 189.7430 0.3910 0.0360   -9.9900
20102003 1997.213255 31.7140 64.1920  430  426.5709 17.3704 4.7079 36.4061 189.4900 0.3910 0.0440   -9.9900
20102003 1997.213255 31.7140 64.1920  432  428.5528 17.3405 4.7043 36.4013 189.3310 0.3910 0.0330   -9.9900
20102003 1997.213255 31.7140 64.1920  434  430.5348 17.3205 4.7020 36.3983 188.8890 0.3910 0.0300   -9.9900
20102003 1997.213255 31.7140 64.1920  436  432.5168 17.3126 4.7012 36.3971 188.4340 0.3910 0.0290   -9.9900
20102003 1997.213255 31.7140 64.1920  438  434.4987 17.3022 4.6999 36.3952 188.0610 0.3910 0.0220   -9.9900
20102003 1997.213255 31.7140 64.1920  440  436.4806 17.2860 4.6980 36.3923 187.9290 0.3910 0.0320   -9.9900
20102003 1997.213255 31.7140 64.1920  442  438.4625 17.2782 4.6972 36.3910 187.5970 0.3910 0.0370   -9.9900
20102003 1997.213255 31.7140 64.1920  444  440.4444 17.2612 4.6951 36.3877 187.2630 0.3910 0.0340   -9.9900
20102003 1997.213255 31.7140 64.1920  446  442.4262 17.2402 4.6926 36.3838 187.0200 0.3910 0.0330   -9.9900
20102003 1997.213255 31.7140 64.1920  448  444.4080 17.2155 4.6897 36.3796 186.8840 0.3910 0.0400   -9.9900
20102003 1997.213255 31.7140 64.1920  450  446.3899 17.1994 4.6878 36.3771 186.6310 0.3910 0.0420   -9.9900
20102003 1997.213255 31.7140 64.1920  452  448.3716 17.1917 4.6869 36.3756 186.3280 0.3910 0.0330   -9.9900
20102003 1997.213255 31.7140 64.1920  454  450.3534 17.1854 4.6862 36.3743 186.1420 0.3910 0.0270   -9.9900
20102003 1997.213255 31.7140 64.1920  456  452.3352 17.1758 4.6851 36.3725 186.0610 0.3910 0.0240   -9.9900
20102003 1997.213255 31.7140 64.1920  458  454.3169 17.1642 4.6837 36.3700 185.7640 0.3910 0.0310   -9.9900
20102003 1997.213255 31.7140 64.1920  460  456.2986 17.1509 4.6821 36.3673 185.3160 0.3910 0.0440   -9.9900
20102003 1997.213255 31.7140 64.1920  462  458.2803 17.1225 4.6785 36.3608 185.2390 0.3920 0.0390   -9.9900
20102003 1997.213255 31.7140 64.1920  464  460.2620 17.0556 4.6704 36.3493 185.5220 0.3920 0.0340   -9.9900
20102003 1997.213255 31.7140 64.1920  466  462.2437 17.0144 4.6655 36.3425 185.2270 0.3920 0.0320   -9.9900
20102003 1997.213255 31.7140 64.1920  468  464.2253 16.9719 4.6603 36.3351 184.8750 0.3920 0.0360   -9.9900
20102003 1997.213255 31.7140 64.1920  470  466.2069 16.9263 4.6548 36.3265 184.6700 0.3920 0.0510   -9.9900
20102003 1997.213255 31.7140 64.1920  472  468.1886 16.9041 4.6521 36.3226 184.5440 0.3920 0.0490   -9.9900
20102003 1997.213255 31.7140 64.1920  474  470.1701 16.8838 4.6497 36.3187 183.9140 0.3920 0.0440   -9.9900
20102003 1997.213255 31.7140 64.1920  476  472.1517 16.8495 4.6456 36.3132 183.5180 0.3920 0.0410   -9.9900
20102003 1997.213255 31.7140 64.1920  478  474.1333 16.7990 4.6395 36.3040 183.5110 0.3920 0.0380   -9.9900
20102003 1997.213255 31.7140 64.1920  480  476.1148 16.7744 4.6366 36.3004 183.2920 0.3920 0.0430   -9.9900
20102003 1997.213255 31.7140 64.1920  482  478.0963 16.7531 4.6341 36.2969 182.7170 0.3920 0.0450   -9.9900
20102003 1997.213255 31.7140 64.1920  484  480.0778 16.7448 4.6332 36.2954 182.4900 0.3920 0.0300   -9.9900
20102003 1997.213255 31.7140 64.1920  486  482.0593 16.7286 4.6313 36.2927 182.2970 0.3920 0.0360   -9.9900
20102003 1997.213255 31.7140 64.1920  488  484.0407 16.7237 4.6308 36.2921 182.0600 0.3920 0.0420   -9.9900
20102003 1997.213255 31.7140 64.1920  490  486.0221 16.7225 4.6308 36.2921 181.8740 0.3920 0.0420   -9.9900
20102003 1997.213255 31.7140 64.1920  492  488.0036 16.7208 4.6307 36.2917 181.4970 0.3920 0.0360   -9.9900
20102003 1997.213255 31.7140 64.1920  494  489.9850 16.7155 4.6301 36.2908 181.2520 0.3920 0.0370   -9.9900
20102003 1997.213255 31.7140 64.1920  496  491.9663 16.7069 4.6291 36.2892 181.1570 0.3930 0.0400   -9.9900
20102003 1997.213255 31.7140 64.1920  498  493.9477 16.6910 4.6273 36.2863 180.9630 0.3920 0.0420   -9.9900
20102003 1997.213255 31.7140 64.1920  500  495.9290 16.6721 4.6250 36.2831 180.7570 0.3930 0.0400   -9.9900
20102003 1997.213255 31.7140 64.1920  502  497.9103 16.6607 4.6237 36.2810 180.4810 0.3930 0.0380   -9.9900
20102003 1997.213255 31.7140 64.1920  504  499.8916 16.6447 4.6218 36.2778 180.2480 0.3930 0.0350   -9.9900
20102003 1997.213255 31.7140 64.1920  506  501.8729 16.6155 4.6183 36.2727 180.0970 0.3930 0.0350   -9.9900
