  2018501  2004.186185   31.668   64.167     7.0     7.0   20.1986   36.7409   223.41   -9.990    0.136 
  2018501  2004.186185   31.668   64.167     9.0     8.9   20.1996   36.7411   223.85   -9.990    0.135 
  2018501  2004.186185   31.668   64.167    11.0    10.9   20.1999   36.7412   223.48   -9.990    0.134 
  2018501  2004.186185   31.668   64.167    13.0    12.9   20.2041   36.7410   224.56   -9.990    0.129 
  2018501  2004.186185   31.668   64.167    15.0    14.9   20.2041   36.7411   224.63   -9.990    0.131 
  2018501  2004.186185   31.668   64.167    17.0    16.9   20.2043   36.7413   224.46   -9.990    0.137 
  2018501  2004.186185   31.668   64.167    19.0    18.9   20.2068   36.7411   224.35   -9.990    0.145 
  2018501  2004.186185   31.668   64.167    21.0    20.9   20.2056   36.7411   224.10   -9.990    0.137 
  2018501  2004.186185   31.668   64.167    23.0    22.8   20.2059   36.7413   224.35   -9.990    0.140 
  2018501  2004.186185   31.668   64.167    25.0    24.8   20.2067   36.7409   224.65   -9.990    0.140 
  2018501  2004.186185   31.668   64.167    27.0    26.8   20.2059   36.7411   224.75   -9.990    0.144 
  2018501  2004.186185   31.668   64.167    29.0    28.8   20.2048   36.7407   225.03   -9.990    0.152 
  2018501  2004.186185   31.668   64.167    31.0    30.8   20.2011   36.7403   224.85   -9.990    0.149 
  2018501  2004.186185   31.668   64.167    33.0    32.8   20.1820   36.7379   224.78   -9.990    0.143 
  2018501  2004.186185   31.668   64.167    35.0    34.8   20.1749   36.7380   224.90   -9.990    0.136 
  2018501  2004.186185   31.668   64.167    37.0    36.7   20.1746   36.7382   224.90   -9.990    0.135 
  2018501  2004.186185   31.668   64.167    39.0    38.7   20.1740   36.7385   224.57   -9.990    0.132 
  2018501  2004.186185   31.668   64.167    41.0    40.7   20.1660   36.7379   224.39   -9.990    0.135 
  2018501  2004.186185   31.668   64.167    43.0    42.7   20.1598   36.7377   224.25   -9.990    0.141 
  2018501  2004.186185   31.668   64.167    45.0    44.7   20.1606   36.7378   224.22   -9.990    0.148 
  2018501  2004.186185   31.668   64.167    47.0    46.7   20.1606   36.7378   224.22   -9.990    0.151 
  2018501  2004.186185   31.668   64.167    49.0    48.7   20.1593   36.7376   223.91   -9.990    0.159 
  2018501  2004.186185   31.668   64.167    51.0    50.6   20.1555   36.7368   223.49   -9.990    0.161 
  2018501  2004.186185   31.668   64.167    53.0    52.6   20.1533   36.7368   223.45   -9.990    0.165 
  2018501  2004.186185   31.668   64.167    55.0    54.6   20.1536   36.7366   224.14   -9.990    0.171 
  2018501  2004.186185   31.668   64.167    57.0    56.6   20.1530   36.7367   223.97   -9.990    0.171 
  2018501  2004.186185   31.668   64.167    59.0    58.6   20.1522   36.7368   223.80   -9.990    0.171 
  2018501  2004.186185   31.668   64.167    61.0    60.6   20.1502   36.7365   223.70   -9.990    0.173 
  2018501  2004.186185   31.668   64.167    63.0    62.6   20.1421   36.7349   223.68   -9.990    0.166 
  2018501  2004.186185   31.668   64.167    65.0    64.5   20.1366   36.7334   223.76   -9.990    0.180 
  2018501  2004.186185   31.668   64.167    67.0    66.5   20.1115   36.7284   223.77   -9.990    0.180 
  2018501  2004.186185   31.668   64.167    69.0    68.5   20.0889   36.7256   223.61   -9.990    0.261 
  2018501  2004.186185   31.668   64.167    71.0    70.5   20.0657   36.7219   223.47   -9.990    0.336 
  2018501  2004.186185   31.668   64.167    73.0    72.5   20.0295   36.7144   223.27   -9.990    0.260 
  2018501  2004.186185   31.668   64.167    75.0    74.5   19.9555   36.7036   223.50   -9.990    0.190 
  2018501  2004.186185   31.668   64.167    77.0    76.4   19.9230   36.6986   223.71   -9.990    0.208 
  2018501  2004.186185   31.668   64.167    79.0    78.4   19.9151   36.6958   223.69   -9.990    0.226 
  2018501  2004.186185   31.668   64.167    81.0    80.4   19.8543   36.6872   223.95   -9.990    0.213 
  2018501  2004.186185   31.668   64.167    83.0    82.4   19.8301   36.6842   223.34   -9.990    0.211 
  2018501  2004.186185   31.668   64.167    85.0    84.4   19.7931   36.6825   222.87   -9.990    0.211 
  2018501  2004.186185   31.668   64.167    87.0    86.4   19.7589   36.6779   222.98   -9.990    0.220 
  2018501  2004.186185   31.668   64.167    89.0    88.4   19.7366   36.6733   222.60   -9.990    0.214 
  2018501  2004.186185   31.668   64.167    91.0    90.3   19.7037   36.6700   222.29   -9.990    0.196 
  2018501  2004.186185   31.668   64.167    93.0    92.3   19.7169   36.6698   222.50   -9.990    0.186 
  2018501  2004.186185   31.668   64.167    95.0    94.3   19.7033   36.6698   222.68   -9.990    0.195 
  2018501  2004.186185   31.668   64.167    97.0    96.3   19.7032   36.6695   222.56   -9.990    0.159 
  2018501  2004.186185   31.668   64.167    99.0    98.3   19.7031   36.6695   222.85   -9.990    0.133 
  2018501  2004.186185   31.668   64.167   101.0   100.3   19.7035   36.6694   222.76   -9.990    0.133 
  2018501  2004.186185   31.668   64.167   103.0   102.3   19.7033   36.6693   223.01   -9.990    0.137 
  2018501  2004.186185   31.668   64.167   105.0   104.2   19.7003   36.6685   223.20   -9.990    0.135 
  2018501  2004.186185   31.668   64.167   107.0   106.2   19.6947   36.6673   222.97   -9.990    0.135 
  2018501  2004.186185   31.668   64.167   109.0   108.2   19.6916   36.6667   223.10   -9.990    0.159 
  2018501  2004.186185   31.668   64.167   111.0   110.2   19.6893   36.6660   223.18   -9.990    0.145 
  2018501  2004.186185   31.668   64.167   113.0   112.2   19.6894   36.6661   223.31   -9.990    0.141 
  2018501  2004.186185   31.668   64.167   115.0   114.2   19.6892   36.6663   222.65   -9.990    0.148 
  2018501  2004.186185   31.668   64.167   117.0   116.2   19.6893   36.6663   222.95   -9.990    0.140 
  2018501  2004.186185   31.668   64.167   119.0   118.1   19.6892   36.6662   222.31   -9.990    0.134 
  2018501  2004.186185   31.668   64.167   121.0   120.1   19.6887   36.6660   222.39   -9.990    0.125 
  2018501  2004.186185   31.668   64.167   123.0   122.1   19.6880   36.6660   222.43   -9.990    0.119 
  2018501  2004.186185   31.668   64.167   125.0   124.1   19.6883   36.6659   222.61   -9.990    0.120 
  2018501  2004.186185   31.668   64.167   127.0   126.1   19.6877   36.6657   222.55   -9.990    0.118 
  2018501  2004.186185   31.668   64.167   129.0   128.1   19.6865   36.6655   222.40   -9.990    0.114 
  2018501  2004.186185   31.668   64.167   131.0   130.0   19.6842   36.6650   222.34   -9.990    0.107 
  2018501  2004.186185   31.668   64.167   133.0   132.0   19.6824   36.6645   222.25   -9.990    0.101 
  2018501  2004.186185   31.668   64.167   135.0   134.0   19.6779   36.6631   222.01   -9.990    0.091 
  2018501  2004.186185   31.668   64.167   137.0   136.0   19.6706   36.6624   222.22   -9.990    0.090 
  2018501  2004.186185   31.668   64.167   139.0   138.0   19.6713   36.6621   221.90   -9.990    0.090 
  2018501  2004.186185   31.668   64.167   141.0   140.0   19.6686   36.6618   221.72   -9.990    0.091 
  2018501  2004.186185   31.668   64.167   143.0   142.0   19.6687   36.6617   221.59   -9.990    0.087 
  2018501  2004.186185   31.668   64.167   145.0   143.9   19.6686   36.6615   221.85   -9.990    0.082 
  2018501  2004.186185   31.668   64.167   147.0   145.9   19.6695   36.6613   221.87   -9.990    0.077 
  2018501  2004.186185   31.668   64.167   149.0   147.9   19.6649   36.6613   221.48   -9.990    0.070 
  2018501  2004.186185   31.668   64.167   151.0   149.9   19.6634   36.6607   221.56   -9.990    0.078 
  2018501  2004.186185   31.668   64.167   153.0   151.9   19.6621   36.6606   221.55   -9.990    0.072 
  2018501  2004.186185   31.668   64.167   155.0   153.9   19.6595   36.6601   221.52   -9.990    0.070 
  2018501  2004.186185   31.668   64.167   157.0   155.8   19.6585   36.6598   221.21   -9.990    0.075 
  2018501  2004.186185   31.668   64.167   159.0   157.8   19.6558   36.6596   221.28   -9.990    0.077 
  2018501  2004.186185   31.668   64.167   161.0   159.8   19.6561   36.6595   221.39   -9.990    0.074 
  2018501  2004.186185   31.668   64.167   163.0   161.8   19.6531   36.6586   220.98   -9.990    0.074 
  2018501  2004.186185   31.668   64.167   165.0   163.8   19.6441   36.6568   221.22   -9.990    0.077 
  2018501  2004.186185   31.668   64.167   167.0   165.8   19.6413   36.6562   221.46   -9.990    0.077 
  2018501  2004.186185   31.668   64.167   169.0   167.8   19.6326   36.6564   221.38   -9.990    0.078 
  2018501  2004.186185   31.668   64.167   171.0   169.7   19.6335   36.6569   221.37   -9.990    0.074 
  2018501  2004.186185   31.668   64.167   173.0   171.7   19.6300   36.6574   221.36   -9.990    0.070 
  2018501  2004.186185   31.668   64.167   175.0   173.7   19.6262   36.6579   221.28   -9.990    0.072 
  2018501  2004.186185   31.668   64.167   177.0   175.7   19.6217   36.6577   221.23   -9.990    0.074 
  2018501  2004.186185   31.668   64.167   179.0   177.7   19.6123   36.6567   220.85   -9.990    0.076 
  2018501  2004.186185   31.668   64.167   181.0   179.7   19.5968   36.6547   220.21   -9.990    0.076 
  2018501  2004.186185   31.668   64.167   183.0   181.6   19.5773   36.6523   220.58   -9.990    0.072 
  2018501  2004.186185   31.668   64.167   185.0   183.6   19.5725   36.6502   220.42   -9.990    0.071 
  2018501  2004.186185   31.668   64.167   187.0   185.6   19.5563   36.6493   220.75   -9.990    0.068 
  2018501  2004.186185   31.668   64.167   189.0   187.6   19.5522   36.6485   220.76   -9.990    0.061 
  2018501  2004.186185   31.668   64.167   191.0   189.6   19.5530   36.6520   220.71   -9.990    0.058 
  2018501  2004.186185   31.668   64.167   193.0   191.6   19.5558   36.6559   220.82   -9.990    0.058 
  2018501  2004.186185   31.668   64.167   195.0   193.5   19.5573   36.6564   220.82   -9.990    0.059 
  2018501  2004.186185   31.668   64.167   197.0   195.5   19.5567   36.6561   220.84   -9.990    0.055 
  2018501  2004.186185   31.668   64.167   199.0   197.5   19.5561   36.6563   221.09   -9.990    0.059 
  2018501  2004.186185   31.668   64.167   201.0   199.5   19.5561   36.6563   221.16   -9.990    0.057 
  2018501  2004.186185   31.668   64.167   203.0   201.5   19.5548   36.6556   220.22   -9.990    0.061 
  2018501  2004.186185   31.668   64.167   205.0   203.5   19.5516   36.6549   219.54   -9.990    0.066 
  2018501  2004.186185   31.668   64.167   207.0   205.5   19.5467   36.6538   218.99   -9.990    0.067 
  2018501  2004.186185   31.668   64.167   209.0   207.4   19.5465   36.6547   218.98   -9.990    0.061 
  2018501  2004.186185   31.668   64.167   211.0   209.4   19.5460   36.6546   217.49   -9.990    0.040 
  2018501  2004.186185   31.668   64.167   213.0   211.4   19.5427   36.6533   216.70   -9.990    0.041 
  2018501  2004.186185   31.668   64.167   215.0   213.4   19.5279   36.6487   216.04   -9.990    0.040 
  2018501  2004.186185   31.668   64.167   217.0   215.4   19.5122   36.6457   216.36   -9.990    0.036 
  2018501  2004.186185   31.668   64.167   219.0   217.4   19.4934   36.6418   215.75   -9.990    0.040 
  2018501  2004.186185   31.668   64.167   221.0   219.3   19.4897   36.6418   215.08   -9.990    0.035 
  2018501  2004.186185   31.668   64.167   223.0   221.3   19.4643   36.6398   213.49   -9.990    0.036 
  2018501  2004.186185   31.668   64.167   225.0   223.3   19.4328   36.6376   212.50   -9.990    0.038 
  2018501  2004.186185   31.668   64.167   227.0   225.3   19.3897   36.6362   208.71   -9.990    0.038 
  2018501  2004.186185   31.668   64.167   229.0   227.3   19.3396   36.6349   203.36   -9.990    0.034 
  2018501  2004.186185   31.668   64.167   231.0   229.3   19.2713   36.6343   202.56   -9.990    0.030 
  2018501  2004.186185   31.668   64.167   233.0   231.2   19.1968   36.6311   200.00   -9.990    0.030 
  2018501  2004.186185   31.668   64.167   235.0   233.2   19.1443   36.6292   199.05   -9.990    0.030 
  2018501  2004.186185   31.668   64.167   237.0   235.2   19.1241   36.6289   199.35   -9.990    0.031 
  2018501  2004.186185   31.668   64.167   239.0   237.2   19.1157   36.6286   199.03   -9.990    0.030 
  2018501  2004.186185   31.668   64.167   241.0   239.2   19.1040   36.6275   198.47   -9.990    0.034 
  2018501  2004.186185   31.668   64.167   243.0   241.2   19.0843   36.6266   198.24   -9.990    0.032 
  2018501  2004.186185   31.668   64.167   245.0   243.1   19.0725   36.6265   197.85   -9.990    0.031 
  2018501  2004.186185   31.668   64.167   247.0   245.1   19.0691   36.6265   197.70   -9.990    0.037 
  2018501  2004.186185   31.668   64.167   249.0   247.1   19.0671   36.6256   197.76   -9.990    0.044 
  2018501  2004.186185   31.668   64.167   251.0   249.1   19.0351   36.6226   198.15   -9.990    0.034 
  2018501  2004.186185   31.668   64.167   253.0   251.1   19.0248   36.6214   198.29   -9.990    0.036 
  2018501  2004.186185   31.668   64.167   255.0   253.1   18.9971   36.6208   198.45   -9.990    0.030 
  2018501  2004.186185   31.668   64.167   257.0   255.1   18.9778   36.6197   198.45   -9.990    0.029 
  2018501  2004.186185   31.668   64.167   259.0   257.0   18.9619   36.6187   198.69   -9.990    0.027 
  2018501  2004.186185   31.668   64.167   261.0   259.0   18.9347   36.6156   199.11   -9.990    0.028 
  2018501  2004.186185   31.668   64.167   263.0   261.0   18.8917   36.6122   199.31   -9.990    0.030 
  2018501  2004.186185   31.668   64.167   265.0   263.0   18.8597   36.6114   199.50   -9.990    0.027 
  2018501  2004.186185   31.668   64.167   267.0   265.0   18.8458   36.6117   199.69   -9.990    0.019 
  2018501  2004.186185   31.668   64.167   269.0   267.0   18.8412   36.6117   199.74   -9.990    0.017 
  2018501  2004.186185   31.668   64.167   271.0   268.9   18.8332   36.6112   199.30   -9.990    0.025 
  2018501  2004.186185   31.668   64.167   273.0   270.9   18.8202   36.6107   198.81   -9.990    0.031 
  2018501  2004.186185   31.668   64.167   275.0   272.9   18.8102   36.6105   198.87   -9.990    0.029 
  2018501  2004.186185   31.668   64.167   277.0   274.9   18.8037   36.6099   199.08   -9.990    0.027 
  2018501  2004.186185   31.668   64.167   279.0   276.9   18.7893   36.6081   199.46   -9.990    0.023 
  2018501  2004.186185   31.668   64.167   281.0   278.9   18.7766   36.6065   199.68   -9.990    0.020 
  2018501  2004.186185   31.668   64.167   283.0   280.8   18.7620   36.6053   200.22   -9.990    0.018 
  2018501  2004.186185   31.668   64.167   285.0   282.8   18.7461   36.6021   200.14   -9.990    0.019 
  2018501  2004.186185   31.668   64.167   287.0   284.8   18.7323   36.6023   200.40   -9.990    0.030 
  2018501  2004.186185   31.668   64.167   289.0   286.8   18.7302   36.6001   200.44   -9.990    0.021 
  2018501  2004.186185   31.668   64.167   291.0   288.8   18.7060   36.5986   200.37   -9.990    0.020 
  2018501  2004.186185   31.668   64.167   293.0   290.8   18.6934   36.5993   199.46   -9.990    0.023 
  2018501  2004.186185   31.668   64.167   295.0   292.7   18.6749   36.6000   199.24   -9.990    0.022 
  2018501  2004.186185   31.668   64.167   297.0   294.7   18.6586   36.5980   199.09   -9.990    0.022 
  2018501  2004.186185   31.668   64.167   299.0   296.7   18.6378   36.5942   199.21   -9.990    0.024 
  2018501  2004.186185   31.668   64.167   301.0   298.7   18.6188   36.5925   199.47   -9.990    0.029 
  2018501  2004.186185   31.668   64.167   303.0   300.7   18.6122   36.5929   198.92   -9.990    0.031 
  2018501  2004.186185   31.668   64.167   305.0   302.7   18.5975   36.5919   198.22   -9.990    0.030 
  2018501  2004.186185   31.668   64.167   307.0   304.6   18.5826   36.5907   197.65   -9.990    0.028 
  2018501  2004.186185   31.668   64.167   309.0   306.6   18.5581   36.5875   197.45   -9.990    0.027 
  2018501  2004.186185   31.668   64.167   311.0   308.6   18.5434   36.5844   197.78   -9.990    0.031 
  2018501  2004.186185   31.668   64.167   313.0   310.6   18.5273   36.5829   197.75   -9.990    0.030 
  2018501  2004.186185   31.668   64.167   315.0   312.6   18.5062   36.5819   197.02   -9.990    0.019 
  2018501  2004.186185   31.668   64.167   317.0   314.6   18.4879   36.5809   196.51   -9.990    0.018 
  2018501  2004.186185   31.668   64.167   319.0   316.5   18.4761   36.5804   196.42   -9.990    0.016 
  2018501  2004.186185   31.668   64.167   321.0   318.5   18.4673   36.5796   196.62   -9.990    0.013 
  2018501  2004.186185   31.668   64.167   323.0   320.5   18.4521   36.5764   196.72   -9.990    0.021 
  2018501  2004.186185   31.668   64.167   325.0   322.5   18.4558   36.5768   196.03   -9.990    0.023 
  2018501  2004.186185   31.668   64.167   327.0   324.5   18.4387   36.5742   195.14   -9.990    0.018 
  2018501  2004.186185   31.668   64.167   329.0   326.4   18.4050   36.5711   195.44   -9.990    0.016 
  2018501  2004.186185   31.668   64.167   331.0   328.4   18.3935   36.5704   195.68   -9.990    0.019 
  2018501  2004.186185   31.668   64.167   333.0   330.4   18.3959   36.5708   195.63   -9.990    0.017 
  2018501  2004.186185   31.668   64.167   335.0   332.4   18.3930   36.5700   195.68   -9.990    0.017 
  2018501  2004.186185   31.668   64.167   337.0   334.4   18.3855   36.5691   195.58   -9.990    0.020 
  2018501  2004.186185   31.668   64.167   339.0   336.4   18.3732   36.5685   195.36   -9.990    0.026 
  2018501  2004.186185   31.668   64.167   341.0   338.3   18.3801   36.5687   195.03   -9.990    0.024 
  2018501  2004.186185   31.668   64.167   343.0   340.3   18.3642   36.5656   194.75   -9.990    0.021 
  2018501  2004.186185   31.668   64.167   345.0   342.3   18.3462   36.5647   194.62   -9.990    0.021 
  2018501  2004.186185   31.668   64.167   347.0   344.3   18.3312   36.5632   194.27   -9.990    0.022 
  2018501  2004.186185   31.668   64.167   349.0   346.3   18.3113   36.5618   194.62   -9.990    0.023 
  2018501  2004.186185   31.668   64.167   351.0   348.3   18.3103   36.5614   194.31   -9.990    0.020 
  2018501  2004.186185   31.668   64.167   353.0   350.2   18.2880   36.5584   194.31   -9.990    0.025 
  2018501  2004.186185   31.668   64.167   355.0   352.2   18.2734   36.5555   194.37   -9.990    0.028 
  2018501  2004.186185   31.668   64.167   357.0   354.2   18.2549   36.5531   194.03   -9.990    0.014 
  2018501  2004.186185   31.668   64.167   359.0   356.2   18.2614   36.5541   194.00   -9.990    0.021 
  2018501  2004.186185   31.668   64.167   361.0   358.2   18.2661   36.5551   193.78   -9.990    0.026 
  2018501  2004.186185   31.668   64.167   363.0   360.2   18.2379   36.5515   193.78   -9.990    0.020 
  2018501  2004.186185   31.668   64.167   365.0   362.1   18.2178   36.5483   194.02   -9.990    0.022 
  2018501  2004.186185   31.668   64.167   367.0   364.1   18.2178   36.5468   194.09   -9.990    0.021 
  2018501  2004.186185   31.668   64.167   369.0   366.1   18.1901   36.5435   193.54   -9.990    0.020 
  2018501  2004.186185   31.668   64.167   371.0   368.1   18.1928   36.5457   193.04   -9.990    0.021 
  2018501  2004.186185   31.668   64.167   373.0   370.1   18.1794   36.5426   192.75   -9.990    0.023 
  2018501  2004.186185   31.668   64.167   375.0   372.0   18.1965   36.5456   192.29   -9.990    0.027 
  2018501  2004.186185   31.668   64.167   377.0   374.0   18.1145   36.5319   192.06   -9.990    0.030 
  2018501  2004.186185   31.668   64.167   379.0   376.0   18.0617   36.5274   192.33   -9.990    0.024 
  2018501  2004.186185   31.668   64.167   381.0   378.0   18.0270   36.5230   192.44   -9.990    0.020 
  2018501  2004.186185   31.668   64.167   383.0   380.0   18.0189   36.5183   192.14   -9.990    0.024 
  2018501  2004.186185   31.668   64.167   385.0   382.0   17.9487   36.5122   192.75   -9.990    0.017 
  2018501  2004.186185   31.668   64.167   387.0   383.9   17.9628   36.5150   192.48   -9.990    0.017 
  2018501  2004.186185   31.668   64.167   389.0   385.9   17.9899   36.5179   192.13   -9.990    0.022 
  2018501  2004.186185   31.668   64.167   391.0   387.9   17.9556   36.5098   192.18   -9.990    0.024 
  2018501  2004.186185   31.668   64.167   393.0   389.9   17.9365   36.5081   192.18   -9.990    0.023 
  2018501  2004.186185   31.668   64.167   395.0   391.9   17.9441   36.5090   192.02   -9.990    0.022 
  2018501  2004.186185   31.668   64.167   397.0   393.9   17.9157   36.5072   191.83   -9.990    0.025 
  2018501  2004.186185   31.668   64.167   399.0   395.8   17.9022   36.5060   191.92   -9.990    0.029 
  2018501  2004.186185   31.668   64.167   401.0   397.8   17.9054   36.5074   191.90   -9.990    0.030 
  2018501  2004.186185   31.668   64.167   403.0   399.8   17.7769   36.4830   192.40   -9.990    0.025 
  2018502  2004.186242   31.670   64.168     6.0     6.0   20.1953   36.7413   225.30   -9.990    0.122 
  2018502  2004.186242   31.670   64.168     8.0     7.9   20.1980   36.7419   224.79   -9.990    0.140 
  2018502  2004.186242   31.670   64.168    10.0     9.9   20.1971   36.7417   224.69   -9.990    0.125 
  2018502  2004.186242   31.670   64.168    12.0    11.9   20.1965   36.7416   224.99   -9.990    0.122 
  2018502  2004.186242   31.670   64.168    14.0    13.9   20.1954   36.7415   225.28   -9.990    0.125 
  2018502  2004.186242   31.670   64.168    16.0    15.9   20.1926   36.7410   225.31   -9.990    0.131 
  2018502  2004.186242   31.670   64.168    18.0    17.9   20.1909   36.7407   225.27   -9.990    0.129 
  2018502  2004.186242   31.670   64.168    20.0    19.9   20.1909   36.7408   224.89   -9.990    0.129 
  2018502  2004.186242   31.670   64.168    22.0    21.8   20.1971   36.7414   224.86   -9.990    0.134 
  2018502  2004.186242   31.670   64.168    24.0    23.8   20.1901   36.7402   224.99   -9.990    0.124 
  2018502  2004.186242   31.670   64.168    26.0    25.8   20.1873   36.7402   224.79   -9.990    0.121 
  2018502  2004.186242   31.670   64.168    28.0    27.8   20.1907   36.7408   224.93   -9.990    0.131 
  2018502  2004.186242   31.670   64.168    30.0    29.8   20.1901   36.7400   224.94   -9.990    0.119 
  2018502  2004.186242   31.670   64.168    32.0    31.8   20.1715   36.7386   225.02   -9.990    0.130 
  2018502  2004.186242   31.670   64.168    34.0    33.8   20.1675   36.7389   224.85   -9.990    0.143 
  2018502  2004.186242   31.670   64.168    36.0    35.7   20.1654   36.7387   224.89   -9.990    0.137 
  2018502  2004.186242   31.670   64.168    38.0    37.7   20.1645   36.7385   224.82   -9.990    0.125 
  2018502  2004.186242   31.670   64.168    40.0    39.7   20.1616   36.7381   224.67   -9.990    0.143 
  2018502  2004.186242   31.670   64.168    42.0    41.7   20.1594   36.7381   224.70   -9.990    0.139 
  2018502  2004.186242   31.670   64.168    44.0    43.7   20.1588   36.7381   224.83   -9.990    0.135 
  2018502  2004.186242   31.670   64.168    46.0    45.7   20.1584   36.7380   224.83   -9.990    0.145 
  2018502  2004.186242   31.670   64.168    48.0    47.7   20.1575   36.7378   224.51   -9.990    0.145 
  2018502  2004.186242   31.670   64.168    50.0    49.6   20.1558   36.7376   224.31   -9.990    0.150 
  2018502  2004.186242   31.670   64.168    52.0    51.6   20.1522   36.7370   224.22   -9.990    0.154 
  2018502  2004.186242   31.670   64.168    54.0    53.6   20.1486   36.7365   224.15   -9.990    0.157 
  2018502  2004.186242   31.670   64.168    56.0    55.6   20.1421   36.7355   224.30   -9.990    0.162 
  2018502  2004.186242   31.670   64.168    58.0    57.6   20.1384   36.7350   224.35   -9.990    0.164 
  2018502  2004.186242   31.670   64.168    60.0    59.6   20.1222   36.7322   224.15   -9.990    0.163 
  2018502  2004.186242   31.670   64.168    62.0    61.6   20.0879   36.7267   224.03   -9.990    0.172 
  2018502  2004.186242   31.670   64.168    64.0    63.5   20.0481   36.7202   223.93   -9.990    0.182 
  2018502  2004.186242   31.670   64.168    66.0    65.5   19.9922   36.7117   223.93   -9.990    0.198 
  2018502  2004.186242   31.670   64.168    68.0    67.5   19.9580   36.7067   223.78   -9.990    0.200 
  2018502  2004.186242   31.670   64.168    70.0    69.5   19.9191   36.7004   224.03   -9.990    0.205 
  2018502  2004.186242   31.670   64.168    72.0    71.5   19.8868   36.6963   224.12   -9.990    0.203 
  2018502  2004.186242   31.670   64.168    74.0    73.5   19.8613   36.6926   224.10   -9.990    0.204 
  2018502  2004.186242   31.670   64.168    76.0    75.5   19.8101   36.6858   224.34   -9.990    0.213 
  2018502  2004.186242   31.670   64.168    78.0    77.4   19.7934   36.6821   224.23   -9.990    0.224 
  2018502  2004.186242   31.670   64.168    80.0    79.4   19.7561   36.6772   223.91   -9.990    0.261 
  2018502  2004.186242   31.670   64.168    82.0    81.4   19.7251   36.6735   224.10   -9.990    0.247 
  2018502  2004.186242   31.670   64.168    84.0    83.4   19.7235   36.6735   223.86   -9.990    0.231 
  2018502  2004.186242   31.670   64.168    86.0    85.4   19.7206   36.6730   223.65   -9.990    0.234 
  2018502  2004.186242   31.670   64.168    88.0    87.4   19.7179   36.6724   223.16   -9.990    0.226 
  2018502  2004.186242   31.670   64.168    90.0    89.4   19.7161   36.6720   223.16   -9.990    0.220 
  2018502  2004.186242   31.670   64.168    92.0    91.3   19.7128   36.6712   223.08   -9.990    0.218 
  2018502  2004.186242   31.670   64.168    94.0    93.3   19.7091   36.6705   222.76   -9.990    0.205 
  2018502  2004.186242   31.670   64.168    96.0    95.3   19.7069   36.6705   222.63   -9.990    0.186 
  2018502  2004.186242   31.670   64.168    98.0    97.3   19.7072   36.6706   222.88   -9.990    0.167 
  2018502  2004.186242   31.670   64.168   100.0    99.3   19.7079   36.6702   222.48   -9.990    0.173 
  2018502  2004.186242   31.670   64.168   102.0   101.3   19.7051   36.6697   222.40   -9.990    0.171 
  2018502  2004.186242   31.670   64.168   104.0   103.2   19.7013   36.6689   222.97   -9.990    0.169 
  2018502  2004.186242   31.670   64.168   106.0   105.2   19.6963   36.6679   223.80   -9.990    0.165 
  2018502  2004.186242   31.670   64.168   108.0   107.2   19.6933   36.6674   223.80   -9.990    0.157 
  2018502  2004.186242   31.670   64.168   110.0   109.2   19.6917   36.6670   223.77   -9.990    0.164 
  2018502  2004.186242   31.670   64.168   112.0   111.2   19.6904   36.6667   223.70   -9.990    0.163 
  2018502  2004.186242   31.670   64.168   114.0   113.2   19.6889   36.6663   223.80   -9.990    0.142 
  2018502  2004.186242   31.670   64.168   116.0   115.2   19.6877   36.6664   223.74   -9.990    0.143 
  2018502  2004.186242   31.670   64.168   118.0   117.1   19.6886   36.6664   223.44   -9.990    0.144 
  2018502  2004.186242   31.670   64.168   120.0   119.1   19.6882   36.6663   223.36   -9.990    0.139 
  2018502  2004.186242   31.670   64.168   122.0   121.1   19.6869   36.6663   223.28   -9.990    0.132 
  2018502  2004.186242   31.670   64.168   124.0   123.1   19.6860   36.6662   222.94   -9.990    0.128 
  2018502  2004.186242   31.670   64.168   126.0   125.1   19.6854   36.6659   222.99   -9.990    0.127 
  2018502  2004.186242   31.670   64.168   128.0   127.1   19.6841   36.6654   223.02   -9.990    0.132 
  2018502  2004.186242   31.670   64.168   130.0   129.1   19.6802   36.6647   222.93   -9.990    0.138 
  2018502  2004.186242   31.670   64.168   132.0   131.0   19.6767   36.6638   222.59   -9.990    0.110 
  2018502  2004.186242   31.670   64.168   134.0   133.0   19.6679   36.6617   222.27   -9.990    0.080 
  2018502  2004.186242   31.670   64.168   136.0   135.0   19.6562   36.6599   222.31   -9.990    0.086 
  2018502  2004.186242   31.670   64.168   138.0   137.0   19.6525   36.6596   222.15   -9.990    0.085 
  2018502  2004.186242   31.670   64.168   140.0   139.0   19.6493   36.6591   222.15   -9.990    0.081 
  2018502  2004.186242   31.670   64.168   142.0   141.0   19.6469   36.6587   221.98   -9.990    0.073 
  2018502  2004.186242   31.670   64.168   144.0   142.9   19.6448   36.6583   221.95   -9.990    0.074 
  2018502  2004.186242   31.670   64.168   146.0   144.9   19.6411   36.6577   222.05   -9.990    0.079 
  2018502  2004.186242   31.670   64.168   148.0   146.9   19.6385   36.6573   221.98   -9.990    0.080 
  2018502  2004.186242   31.670   64.168   150.0   148.9   19.6342   36.6567   222.21   -9.990    0.071 
  2018502  2004.186242   31.670   64.168   152.0   150.9   19.6291   36.6557   222.31   -9.990    0.072 
  2018502  2004.186242   31.670   64.168   154.0   152.9   19.6261   36.6555   222.35   -9.990    0.071 
  2018502  2004.186242   31.670   64.168   156.0   154.9   19.6252   36.6556   221.77   -9.990    0.075 
  2018502  2004.186242   31.670   64.168   158.0   156.8   19.6237   36.6555   221.45   -9.990    0.075 
  2018502  2004.186242   31.670   64.168   160.0   158.8   19.6213   36.6553   221.61   -9.990    0.072 
  2018502  2004.186242   31.670   64.168   162.0   160.8   19.6224   36.6561   221.81   -9.990    0.076 
  2018502  2004.186242   31.670   64.168   164.0   162.8   19.6257   36.6580   221.87   -9.990    0.083 
  2018502  2004.186242   31.670   64.168   166.0   164.8   19.6269   36.6588   221.76   -9.990    0.070 
  2018502  2004.186242   31.670   64.168   168.0   166.8   19.6258   36.6588   221.57   -9.990    0.073 
  2018502  2004.186242   31.670   64.168   170.0   168.7   19.6222   36.6576   221.88   -9.990    0.081 
  2018502  2004.186242   31.670   64.168   172.0   170.7   19.6069   36.6552   221.91   -9.990    0.075 
  2018502  2004.186242   31.670   64.168   174.0   172.7   19.5885   36.6525   220.95   -9.990    0.071 
  2018502  2004.186242   31.670   64.168   176.0   174.7   19.5661   36.6488   220.87   -9.990    0.068 
  2018502  2004.186242   31.670   64.168   178.0   176.7   19.5610   36.6503   220.80   -9.990    0.064 
  2018502  2004.186242   31.670   64.168   180.0   178.7   19.5662   36.6552   221.08   -9.990    0.059 
  2018502  2004.186242   31.670   64.168   182.0   180.7   19.5665   36.6561   221.30   -9.990    0.062 
  2018502  2004.186242   31.670   64.168   184.0   182.6   19.5661   36.6562   220.95   -9.990    0.067 
  2018502  2004.186242   31.670   64.168   186.0   184.6   19.5636   36.6558   220.29   -9.990    0.072 
  2018502  2004.186242   31.670   64.168   188.0   186.6   19.5581   36.6542   219.92   -9.990    0.071 
  2018502  2004.186242   31.670   64.168   190.0   188.6   19.5561   36.6547   219.89   -9.990    0.065 
  2018502  2004.186242   31.670   64.168   192.0   190.6   19.5558   36.6555   219.87   -9.990    0.057 
  2018502  2004.186242   31.670   64.168   194.0   192.6   19.5537   36.6554   219.48   -9.990    0.052 
  2018502  2004.186242   31.670   64.168   196.0   194.5   19.5467   36.6550   219.03   -9.990    0.047 
  2018502  2004.186242   31.670   64.168   198.0   196.5   19.5435   36.6555   218.69   -9.990    0.046 
  2018502  2004.186242   31.670   64.168   200.0   198.5   19.5349   36.6532   217.93   -9.990    0.039 
  2018502  2004.186242   31.670   64.168   202.0   200.5   19.5227   36.6488   217.04   -9.990    0.041 
  2018502  2004.186242   31.670   64.168   204.0   202.5   19.5091   36.6448   216.81   -9.990    0.043 
  2018502  2004.186242   31.670   64.168   206.0   204.5   19.4949   36.6419   216.18   -9.990    0.036 
  2018502  2004.186242   31.670   64.168   208.0   206.4   19.4867   36.6404   215.86   -9.990    0.032 
  2018502  2004.186242   31.670   64.168   210.0   208.4   19.4831   36.6405   215.84   -9.990    0.026 
  2018502  2004.186242   31.670   64.168   212.0   210.4   19.4861   36.6424   215.09   -9.990    0.030 
  2018502  2004.186242   31.670   64.168   214.0   212.4   19.4786   36.6430   213.60   -9.990    0.034 
  2018502  2004.186242   31.670   64.168   216.0   214.4   19.4514   36.6409   211.83   -9.990    0.028 
  2018502  2004.186242   31.670   64.168   218.0   216.4   19.4239   36.6383   210.58   -9.990    0.040 
  2018502  2004.186242   31.670   64.168   220.0   218.4   19.4007   36.6384   209.96   -9.990    0.036 
  2018502  2004.186242   31.670   64.168   222.0   220.3   19.3769   36.6361   207.76   -9.990    0.028 
  2018502  2004.186242   31.670   64.168   224.0   222.3   19.3382   36.6343   207.04   -9.990    0.025 
  2018502  2004.186242   31.670   64.168   226.0   224.3   19.2989   36.6345   204.26   -9.990    0.026 
  2018502  2004.186242   31.670   64.168   228.0   226.3   19.2601   36.6351   200.70   -9.990    0.025 
  2018502  2004.186242   31.670   64.168   230.0   228.3   19.2340   36.6346   199.61   -9.990    0.026 
  2018502  2004.186242   31.670   64.168   232.0   230.3   19.1925   36.6330   199.60   -9.990    0.033 
  2018502  2004.186242   31.670   64.168   234.0   232.2   19.1590   36.6312   198.96   -9.990    0.033 
  2018502  2004.186242   31.670   64.168   236.0   234.2   19.1167   36.6286   198.71   -9.990    0.032 
  2018502  2004.186242   31.670   64.168   238.0   236.2   19.1097   36.6269   198.70   -9.990    0.037 
  2018502  2004.186242   31.670   64.168   240.0   238.2   19.1044   36.6279   198.55   -9.990    0.034 
  2018502  2004.186242   31.670   64.168   242.0   240.2   19.0996   36.6273   198.30   -9.990    0.028 
  2018502  2004.186242   31.670   64.168   244.0   242.2   19.0803   36.6265   198.25   -9.990    0.031 
  2018502  2004.186242   31.670   64.168   246.0   244.1   19.0606   36.6257   198.14   -9.990    0.027 
  2018502  2004.186242   31.670   64.168   248.0   246.1   19.0523   36.6253   198.08   -9.990    0.027 
  2018502  2004.186242   31.670   64.168   250.0   248.1   19.0467   36.6249   198.20   -9.990    0.039 
  2018502  2004.186242   31.670   64.168   252.0   250.1   19.0252   36.6227   198.14   -9.990    0.033 
  2018502  2004.186242   31.670   64.168   254.0   252.1   19.0052   36.6218   198.10   -9.990    0.032 
  2018502  2004.186242   31.670   64.168   256.0   254.1   18.9862   36.6198   198.35   -9.990    0.027 
  2018502  2004.186242   31.670   64.168   258.0   256.0   18.9671   36.6193   198.58   -9.990    0.028 
  2018502  2004.186242   31.670   64.168   260.0   258.0   18.9482   36.6183   198.91   -9.990    0.032 
  2018502  2004.186242   31.670   64.168   262.0   260.0   18.9264   36.6158   199.32   -9.990    0.035 
  2018502  2004.186242   31.670   64.168   264.0   262.0   18.8813   36.6116   199.93   -9.990    0.035 
  2018502  2004.186242   31.670   64.168   266.0   264.0   18.8535   36.6116   200.13   -9.990    0.023 
  2018502  2004.186242   31.670   64.168   268.0   266.0   18.8405   36.6112   200.05   -9.990    0.022 
  2018502  2004.186242   31.670   64.168   270.0   267.9   18.8279   36.6107   199.86   -9.990    0.025 
  2018502  2004.186242   31.670   64.168   272.0   269.9   18.8123   36.6102   199.67   -9.990    0.025 
  2018502  2004.186242   31.670   64.168   274.0   271.9   18.8027   36.6098   199.76   -9.990    0.024 
  2018502  2004.186242   31.670   64.168   276.0   273.9   18.7948   36.6083   199.80   -9.990    0.021 
  2018502  2004.186242   31.670   64.168   278.0   275.9   18.7795   36.6064   199.84   -9.990    0.018 
  2018502  2004.186242   31.670   64.168   280.0   277.9   18.7629   36.6053   200.14   -9.990    0.014 
  2018502  2004.186242   31.670   64.168   282.0   279.8   18.7478   36.6046   200.28   -9.990    0.032 
  2018502  2004.186242   31.670   64.168   284.0   281.8   18.7236   36.6018   200.76   -9.990    0.027 
  2018502  2004.186242   31.670   64.168   286.0   283.8   18.7112   36.6010   200.28   -9.990    0.030 
  2018502  2004.186242   31.670   64.168   288.0   285.8   18.6979   36.5995   200.69   -9.990    0.029 
  2018502  2004.186242   31.670   64.168   290.0   287.8   18.6811   36.5981   200.28   -9.990    0.021 
  2018502  2004.186242   31.670   64.168   292.0   289.8   18.6712   36.5978   200.27   -9.990    0.025 
  2018502  2004.186242   31.670   64.168   294.0   291.7   18.6662   36.5976   199.83   -9.990    0.025 
  2018502  2004.186242   31.670   64.168   296.0   293.7   18.6456   36.5943   199.27   -9.990    0.023 
  2018502  2004.186242   31.670   64.168   298.0   295.7   18.6215   36.5934   199.26   -9.990    0.023 
  2018502  2004.186242   31.670   64.168   300.0   297.7   18.6188   36.5929   198.78   -9.990    0.023 
  2018502  2004.186242   31.670   64.168   302.0   299.7   18.6024   36.5916   198.51   -9.990    0.026 
  2018502  2004.186242   31.670   64.168   304.0   301.7   18.5888   36.5908   198.61   -9.990    0.029 
  2018502  2004.186242   31.670   64.168   306.0   303.6   18.5911   36.5886   198.17   -9.990    0.025 
  2018502  2004.186242   31.670   64.168   308.0   305.6   18.5750   36.5884   197.94   -9.990    0.023 
  2018502  2004.186242   31.670   64.168   310.0   307.6   18.5687   36.5872   197.88   -9.990    0.028 
  2018502  2004.186242   31.670   64.168   312.0   309.6   18.5406   36.5854   198.03   -9.990    0.029 
  2018502  2004.186242   31.670   64.168   314.0   311.6   18.5211   36.5851   198.25   -9.990    0.027 
  2018502  2004.186242   31.670   64.168   316.0   313.6   18.5349   36.5835   197.63   -9.990    0.023 
  2018502  2004.186242   31.670   64.168   318.0   315.5   18.4962   36.5823   197.60   -9.990    0.019 
  2018502  2004.186242   31.670   64.168   320.0   317.5   18.5073   36.5822   197.25   -9.990    0.021 
  2018502  2004.186242   31.670   64.168   322.0   319.5   18.4782   36.5794   197.18   -9.990    0.020 
  2018502  2004.186242   31.670   64.168   324.0   321.5   18.4601   36.5783   196.97   -9.990    0.024 
  2018502  2004.186242   31.670   64.168   326.0   323.5   18.4474   36.5760   196.54   -9.990    0.024 
  2018502  2004.186242   31.670   64.168   328.0   325.5   18.4046   36.5706   196.92   -9.990    0.023 
  2018502  2004.186242   31.670   64.168   330.0   327.4   18.4095   36.5717   196.50   -9.990    0.024 
  2018502  2004.186242   31.670   64.168   332.0   329.4   18.4042   36.5710   196.21   -9.990    0.027 
  2018502  2004.186242   31.670   64.168   334.0   331.4   18.3943   36.5708   196.28   -9.990    0.032 
  2018502  2004.186242   31.670   64.168   336.0   333.4   18.4043   36.5712   195.54   -9.990    0.025 
  2018502  2004.186242   31.670   64.168   338.0   335.4   18.3928   36.5690   195.47   -9.990    0.015 
  2018502  2004.186242   31.670   64.168   340.0   337.4   18.3805   36.5667   195.42   -9.990    0.006 
  2018502  2004.186242   31.670   64.168   342.0   339.3   18.3567   36.5655   195.32   -9.990    0.009 
  2018502  2004.186242   31.670   64.168   344.0   341.3   18.3440   36.5646   195.19   -9.990    0.011 
  2018502  2004.186242   31.670   64.168   346.0   343.3   18.3319   36.5638   194.87   -9.990    0.012 
  2018502  2004.186242   31.670   64.168   348.0   345.3   18.3213   36.5628   194.58   -9.990    0.016 
  2018502  2004.186242   31.670   64.168   350.0   347.3   18.3172   36.5622   194.78   -9.990    0.024 
  2018502  2004.186242   31.670   64.168   352.0   349.3   18.3047   36.5598   194.14   -9.990    0.029 
  2018502  2004.186242   31.670   64.168   354.0   351.2   18.2812   36.5569   194.46   -9.990    0.028 
  2018502  2004.186242   31.670   64.168   356.0   353.2   18.2585   36.5541   194.38   -9.990    0.034 
  2018502  2004.186242   31.670   64.168   358.0   355.2   18.2557   36.5538   194.10   -9.990    0.027 
  2018502  2004.186242   31.670   64.168   360.0   357.2   18.2442   36.5522   193.82   -9.990    0.025 
  2018502  2004.186242   31.670   64.168   362.0   359.2   18.2541   36.5530   194.15   -9.990    0.019 
  2018502  2004.186242   31.670   64.168   364.0   361.1   18.2284   36.5497   193.86   -9.990    0.019 
  2018502  2004.186242   31.670   64.168   366.0   363.1   18.2045   36.5469   194.31   -9.990    0.022 
  2018502  2004.186242   31.670   64.168   368.0   365.1   18.1916   36.5448   193.88   -9.990    0.029 
  2018502  2004.186242   31.670   64.168   370.0   367.1   18.1799   36.5436   193.53   -9.990    0.026 
  2018502  2004.186242   31.670   64.168   372.0   369.1   18.1638   36.5423   193.08   -9.990    0.024 
  2018502  2004.186242   31.670   64.168   374.0   371.1   18.1365   36.5384   192.99   -9.990    0.017 
  2018502  2004.186242   31.670   64.168   376.0   373.0   18.1055   36.5344   193.05   -9.990    0.023 
  2018502  2004.186242   31.670   64.168   378.0   375.0   18.0759   36.5295   192.95   -9.990    0.028 
  2018502  2004.186242   31.670   64.168   380.0   377.0   18.0651   36.5279   192.60   -9.990    0.028 
  2018502  2004.186242   31.670   64.168   382.0   379.0   18.0433   36.5264   192.09   -9.990    0.023 
  2018502  2004.186242   31.670   64.168   384.0   381.0   18.0057   36.5209   191.90   -9.990    0.018 
  2018502  2004.186242   31.670   64.168   386.0   383.0   17.9430   36.5129   191.97   -9.990    0.013 
  2018502  2004.186242   31.670   64.168   388.0   384.9   17.9257   36.5110   191.83   -9.990    0.022 
  2018502  2004.186242   31.670   64.168   390.0   386.9   17.9108   36.5096   191.82   -9.990    0.031 
  2018502  2004.186242   31.670   64.168   392.0   388.9   17.8938   36.5077   191.92   -9.990    0.031 
  2018502  2004.186242   31.670   64.168   394.0   390.9   17.8839   36.5059   191.84   -9.990    0.029 
  2018502  2004.186242   31.670   64.168   396.0   392.9   17.8612   36.5030   191.84   -9.990    0.025 
  2018502  2004.186242   31.670   64.168   398.0   394.8   17.8378   36.5000   191.91   -9.990    0.020 
  2018502  2004.186242   31.670   64.168   400.0   396.8   17.8228   36.4983   191.90   -9.990    0.018 
  2018502  2004.186242   31.670   64.168   402.0   398.8   17.8074   36.4961   191.91   -9.990    0.018 
  2018502  2004.186242   31.670   64.168   404.0   400.8   17.7948   36.4945   192.11   -9.990    0.022 
  2018502  2004.186242   31.670   64.168   406.0   402.8   17.7967   36.4951   191.47   -9.990    0.017 
  2018502  2004.186242   31.670   64.168   408.0   404.8   17.7669   36.4905   191.48   -9.990    0.016 
  2018502  2004.186242   31.670   64.168   410.0   406.7   17.7301   36.4854   191.43   -9.990    0.015 
  2018502  2004.186242   31.670   64.168   412.0   408.7   17.7156   36.4834   191.18   -9.990    0.017 
  2018502  2004.186242   31.670   64.168   414.0   410.7   17.7054   36.4820   191.50   -9.990    0.030 
  2018502  2004.186242   31.670   64.168   416.0   412.7   17.6987   36.4811   191.55   -9.990    0.028 
  2018502  2004.186242   31.670   64.168   418.0   414.7   17.6829   36.4777   191.56   -9.990    0.027 
  2018502  2004.186242   31.670   64.168   420.0   416.7   17.6624   36.4750   191.52   -9.990    0.022 
  2018502  2004.186242   31.670   64.168   422.0   418.6   17.6397   36.4722   191.83   -9.990    0.017 
  2018502  2004.186242   31.670   64.168   424.0   420.6   17.6174   36.4688   191.62   -9.990    0.021 
  2018502  2004.186242   31.670   64.168   426.0   422.6   17.5935   36.4649   191.39   -9.990    0.025 
  2018502  2004.186242   31.670   64.168   428.0   424.6   17.5792   36.4631   191.16   -9.990    0.023 
  2018502  2004.186242   31.670   64.168   430.0   426.6   17.5559   36.4595   191.19   -9.990    0.022 
  2018502  2004.186242   31.670   64.168   432.0   428.5   17.5303   36.4559   191.09   -9.990    0.019 
  2018502  2004.186242   31.670   64.168   434.0   430.5   17.5133   36.4531   190.83   -9.990    0.020 
  2018502  2004.186242   31.670   64.168   436.0   432.5   17.5004   36.4514   191.22   -9.990    0.022 
  2018502  2004.186242   31.670   64.168   438.0   434.5   17.4978   36.4518   191.44   -9.990    0.022 
  2018502  2004.186242   31.670   64.168   440.0   436.5   17.4944   36.4517   191.44   -9.990    0.022 
  2018502  2004.186242   31.670   64.168   442.0   438.5   17.4875   36.4495   191.60   -9.990    0.020 
  2018502  2004.186242   31.670   64.168   444.0   440.4   17.4696   36.4455   191.62   -9.990    0.013 
  2018502  2004.186242   31.670   64.168   446.0   442.4   17.4672   36.4446   190.86   -9.990    0.008 
  2018502  2004.186242   31.670   64.168   448.0   444.4   17.4373   36.4414   190.81   -9.990    0.022 
  2018502  2004.186242   31.670   64.168   450.0   446.4   17.4311   36.4405   190.64   -9.990    0.023 
  2018502  2004.186242   31.670   64.168   452.0   448.4   17.4227   36.4396   190.60   -9.990    0.022 
  2018502  2004.186242   31.670   64.168   454.0   450.3   17.4085   36.4364   190.41   -9.990    0.023 
  2018502  2004.186242   31.670   64.168   456.0   452.3   17.3762   36.4301   190.41   -9.990    0.022 
  2018502  2004.186242   31.670   64.168   458.0   454.3   17.3509   36.4262   190.18   -9.990    0.020 
  2018502  2004.186242   31.670   64.168   460.0   456.3   17.3084   36.4175   190.40   -9.990    0.025 
  2018502  2004.186242   31.670   64.168   462.0   458.3   17.2648   36.4125   190.43   -9.990    0.024 
  2018502  2004.186242   31.670   64.168   464.0   460.3   17.2444   36.4108   190.34   -9.990    0.031 
  2018502  2004.186242   31.670   64.168   466.0   462.2   17.2307   36.4077   190.57   -9.990    0.030 
  2018502  2004.186242   31.670   64.168   468.0   464.2   17.2153   36.4059   190.56   -9.990    0.025 
  2018502  2004.186242   31.670   64.168   470.0   466.2   17.2059   36.4034   190.18   -9.990    0.018 
  2018502  2004.186242   31.670   64.168   472.0   468.2   17.1900   36.4025   190.31   -9.990    0.016 
  2018502  2004.186242   31.670   64.168   474.0   470.2   17.1735   36.3989   190.47   -9.990    0.016 
  2018502  2004.186242   31.670   64.168   476.0   472.1   17.1556   36.3957   190.31   -9.990    0.021 
  2018502  2004.186242   31.670   64.168   478.0   474.1   17.1146   36.3861   190.20   -9.990    0.029 
  2018502  2004.186242   31.670   64.168   480.0   476.1   17.0358   36.3767   190.37   -9.990    0.041 
  2018502  2004.186242   31.670   64.168   482.0   478.1   17.0028   36.3716   189.47   -9.990    0.030 
  2018502  2004.186242   31.670   64.168   484.0   480.1   16.9722   36.3665   189.44   -9.990    0.023 
  2018502  2004.186242   31.670   64.168   486.0   482.0   16.9584   36.3648   189.53   -9.990    0.023 
  2018502  2004.186242   31.670   64.168   488.0   484.0   16.9395   36.3613   189.17   -9.990    0.020 
  2018502  2004.186242   31.670   64.168   490.0   486.0   16.9079   36.3552   189.18   -9.990    0.023 
  2018502  2004.186242   31.670   64.168   492.0   488.0   16.8925   36.3527   189.28   -9.990    0.018 
  2018502  2004.186242   31.670   64.168   494.0   490.0   16.8837   36.3511   189.32   -9.990    0.016 
  2018502  2004.186242   31.670   64.168   496.0   492.0   16.8728   36.3498   189.48   -9.990    0.019 
  2018502  2004.186242   31.670   64.168   498.0   493.9   16.8632   36.3477   189.51   -9.990    0.021 
  2018502  2004.186242   31.670   64.168   500.0   495.9   16.8521   36.3449   189.06   -9.990    0.024 
  2018502  2004.186242   31.670   64.168   502.0   497.9   16.8461   36.3432   188.60   -9.990    0.023 
  2018502  2004.186242   31.670   64.168   504.0   499.9   16.8221   36.3379   188.42   -9.990    0.029 
  2018503  2004.187787   31.707   64.232     5.0     5.0   20.0485   36.7317   225.44   -9.990    0.133 
  2018503  2004.187787   31.707   64.232     7.0     7.0   20.0497   36.7315   225.39   -9.990    0.134 
  2018503  2004.187787   31.707   64.232     9.0     8.9   20.0504   36.7313   225.34   -9.990    0.134 
  2018503  2004.187787   31.707   64.232    11.0    10.9   20.0506   36.7313   225.28   -9.990    0.135 
  2018503  2004.187787   31.707   64.232    13.0    12.9   20.0505   36.7314   225.26   -9.990    0.137 
  2018503  2004.187787   31.707   64.232    15.0    14.9   20.0512   36.7314   225.41   -9.990    0.139 
  2018503  2004.187787   31.707   64.232    17.0    16.9   20.0518   36.7315   225.37   -9.990    0.145 
  2018503  2004.187787   31.707   64.232    19.0    18.9   20.0531   36.7315   225.23   -9.990    0.155 
  2018503  2004.187787   31.707   64.232    21.0    20.9   20.0534   36.7313   225.07   -9.990    0.150 
  2018503  2004.187787   31.707   64.232    23.0    22.8   20.0536   36.7313   225.41   -9.990    0.141 
  2018503  2004.187787   31.707   64.232    25.0    24.8   20.0537   36.7314   225.29   -9.990    0.131 
  2018503  2004.187787   31.707   64.232    27.0    26.8   20.0538   36.7312   225.27   -9.990    0.136 
  2018503  2004.187787   31.707   64.232    29.0    28.8   20.0554   36.7308   225.16   -9.990    0.139 
  2018503  2004.187787   31.707   64.232    31.0    30.8   20.0552   36.7308   224.95   -9.990    0.143 
  2018503  2004.187787   31.707   64.232    33.0    32.8   20.0553   36.7307   224.50   -9.990    0.148 
  2018503  2004.187787   31.707   64.232    35.0    34.8   20.0532   36.7305   224.73   -9.990    0.132 
  2018503  2004.187787   31.707   64.232    37.0    36.7   20.0542   36.7309   225.23   -9.990    0.143 
  2018503  2004.187787   31.707   64.232    39.0    38.7   20.0552   36.7310   225.19   -9.990    0.149 
  2018503  2004.187787   31.707   64.232    41.0    40.7   20.0557   36.7312   224.95   -9.990    0.146 
  2018503  2004.187787   31.707   64.232    43.0    42.7   20.0560   36.7312   224.95   -9.990    0.143 
  2018503  2004.187787   31.707   64.232    45.0    44.7   20.0527   36.7300   224.49   -9.990    0.137 
  2018503  2004.187787   31.707   64.232    47.0    46.7   20.0510   36.7298   224.36   -9.990    0.136 
  2018503  2004.187787   31.707   64.232    49.0    48.7   20.0514   36.7298   224.39   -9.990    0.135 
  2018503  2004.187787   31.707   64.232    51.0    50.6   20.0513   36.7298   224.54   -9.990    0.137 
  2018503  2004.187787   31.707   64.232    53.0    52.6   20.0508   36.7297   224.68   -9.990    0.135 
  2018503  2004.187787   31.707   64.232    55.0    54.6   20.0515   36.7299   224.57   -9.990    0.135 
  2018503  2004.187787   31.707   64.232    57.0    56.6   20.0536   36.7302   224.54   -9.990    0.135 
  2018503  2004.187787   31.707   64.232    59.0    58.6   20.0576   36.7308   224.57   -9.990    0.135 
  2018503  2004.187787   31.707   64.232    61.0    60.6   20.0571   36.7303   224.58   -9.990    0.129 
  2018503  2004.187787   31.707   64.232    63.0    62.6   20.0544   36.7299   224.36   -9.990    0.129 
  2018503  2004.187787   31.707   64.232    65.0    64.5   20.0523   36.7296   224.13   -9.990    0.131 
  2018503  2004.187787   31.707   64.232    67.0    66.5   20.0485   36.7289   224.00   -9.990    0.134 
  2018503  2004.187787   31.707   64.232    69.0    68.5   20.0440   36.7283   223.92   -9.990    0.135 
  2018503  2004.187787   31.707   64.232    71.0    70.5   20.0406   36.7278   223.86   -9.990    0.136 
  2018503  2004.187787   31.707   64.232    73.0    72.5   20.0367   36.7271   223.87   -9.990    0.137 
  2018503  2004.187787   31.707   64.232    75.0    74.5   20.0341   36.7267   223.81   -9.990    0.134 
  2018503  2004.187787   31.707   64.232    77.0    76.4   20.0329   36.7265   223.63   -9.990    0.137 
  2018503  2004.187787   31.707   64.232    79.0    78.4   20.0300   36.7260   223.51   -9.990    0.142 
  2018503  2004.187787   31.707   64.232    81.0    80.4   20.0223   36.7249   223.48   -9.990    0.139 
  2018503  2004.187787   31.707   64.232    83.0    82.4   20.0141   36.7240   223.50   -9.990    0.138 
  2018503  2004.187787   31.707   64.232    85.0    84.4   20.0027   36.7228   223.39   -9.990    0.133 
  2018503  2004.187787   31.707   64.232    87.0    86.4   19.9778   36.7195   222.78   -9.990    0.124 
  2018503  2004.187787   31.707   64.232    89.0    88.4   19.9463   36.7150   222.26   -9.990    0.119 
  2018503  2004.187787   31.707   64.232    91.0    90.3   19.9201   36.7112   222.43   -9.990    0.114 
  2018503  2004.187787   31.707   64.232    93.0    92.3   19.9089   36.7096   222.11   -9.990    0.107 
  2018503  2004.187787   31.707   64.232    95.0    94.3   19.9052   36.7088   221.94   -9.990    0.112 
  2018503  2004.187787   31.707   64.232    97.0    96.3   19.9001   36.7076   222.09   -9.990    0.115 
  2018503  2004.187787   31.707   64.232    99.0    98.3   19.8837   36.7043   221.73   -9.990    0.113 
  2018503  2004.187787   31.707   64.232   101.0   100.3   19.8707   36.7023   221.35   -9.990    0.112 
  2018503  2004.187787   31.707   64.232   103.0   102.3   19.8619   36.6994   221.65   -9.990    0.109 
  2018503  2004.187787   31.707   64.232   105.0   104.2   19.8535   36.6987   221.24   -9.990    0.097 
  2018503  2004.187787   31.707   64.232   107.0   106.2   19.8482   36.6977   221.04   -9.990    0.094 
  2018503  2004.187787   31.707   64.232   109.0   108.2   19.8424   36.6968   220.83   -9.990    0.090 
  2018503  2004.187787   31.707   64.232   111.0   110.2   19.8371   36.6959   220.66   -9.990    0.088 
  2018503  2004.187787   31.707   64.232   113.0   112.2   19.8339   36.6954   220.59   -9.990    0.084 
  2018503  2004.187787   31.707   64.232   115.0   114.2   19.8289   36.6946   220.51   -9.990    0.079 
  2018503  2004.187787   31.707   64.232   117.0   116.2   19.8226   36.6934   220.28   -9.990    0.076 
  2018503  2004.187787   31.707   64.232   119.0   118.1   19.8167   36.6922   220.17   -9.990    0.076 
  2018503  2004.187787   31.707   64.232   121.0   120.1   19.8101   36.6909   220.10   -9.990    0.072 
  2018503  2004.187787   31.707   64.232   123.0   122.1   19.8077   36.6904   219.98   -9.990    0.069 
  2018503  2004.187787   31.707   64.232   125.0   124.1   19.8033   36.6896   219.63   -9.990    0.063 
  2018503  2004.187787   31.707   64.232   127.0   126.1   19.7985   36.6888   220.23   -9.990    0.059 
  2018503  2004.187787   31.707   64.232   129.0   128.1   19.7914   36.6877   219.97   -9.990    0.060 
  2018503  2004.187787   31.707   64.232   131.0   130.0   19.7812   36.6861   219.85   -9.990    0.058 
  2018503  2004.187787   31.707   64.232   133.0   132.0   19.7720   36.6847   219.64   -9.990    0.057 
  2018503  2004.187787   31.707   64.232   135.0   134.0   19.7666   36.6839   219.49   -9.990    0.057 
  2018503  2004.187787   31.707   64.232   137.0   136.0   19.7608   36.6837   218.51   -9.990    0.054 
  2018503  2004.187787   31.707   64.232   139.0   138.0   19.7636   36.6864   217.43   -9.990    0.053 
  2018503  2004.187787   31.707   64.232   141.0   140.0   19.7681   36.6902   215.68   -9.990    0.045 
  2018503  2004.187787   31.707   64.232   143.0   142.0   19.7786   36.6955   213.69   -9.990    0.038 
  2018503  2004.187787   31.707   64.232   145.0   143.9   19.7827   36.6974   212.80   -9.990    0.037 
  2018503  2004.187787   31.707   64.232   147.0   145.9   19.7709   36.6956   211.61   -9.990    0.036 
  2018503  2004.187787   31.707   64.232   149.0   147.9   19.7577   36.6941   211.55   -9.990    0.032 
  2018503  2004.187787   31.707   64.232   151.0   149.9   19.7401   36.6910   211.30   -9.990    0.025 
  2018503  2004.187787   31.707   64.232   153.0   151.9   19.7278   36.6894   211.33   -9.990    0.025 
  2018503  2004.187787   31.707   64.232   155.0   153.9   19.7242   36.6888   211.07   -9.990    0.023 
  2018503  2004.187787   31.707   64.232   157.0   155.8   19.7171   36.6872   211.10   -9.990    0.025 
  2018503  2004.187787   31.707   64.232   159.0   157.8   19.7083   36.6854   210.49   -9.990    0.030 
  2018503  2004.187787   31.707   64.232   161.0   159.8   19.6913   36.6809   210.30   -9.990    0.030 
  2018503  2004.187787   31.707   64.232   163.0   161.8   19.6599   36.6745   209.25   -9.990    0.026 
  2018503  2004.187787   31.707   64.232   165.0   163.8   19.6323   36.6693   207.82   -9.990    0.028 
  2018503  2004.187787   31.707   64.232   167.0   165.8   19.5963   36.6642   207.72   -9.990    0.030 
  2018503  2004.187787   31.707   64.232   169.0   167.8   19.5743   36.6621   207.80   -9.990    0.037 
  2018503  2004.187787   31.707   64.232   171.0   169.7   19.5626   36.6613   207.47   -9.990    0.033 
  2018503  2004.187787   31.707   64.232   173.0   171.7   19.5427   36.6603   207.06   -9.990    0.023 
  2018503  2004.187787   31.707   64.232   175.0   173.7   19.5290   36.6609   206.90   -9.990    0.021 
  2018503  2004.187787   31.707   64.232   177.0   175.7   19.5266   36.6629   206.08   -9.990    0.026 
  2018503  2004.187787   31.707   64.232   179.0   177.7   19.5150   36.6634   205.09   -9.990    0.027 
  2018503  2004.187787   31.707   64.232   181.0   179.7   19.4886   36.6601   204.21   -9.990    0.023 
  2018503  2004.187787   31.707   64.232   183.0   181.6   19.4671   36.6577   204.05   -9.990    0.024 
  2018503  2004.187787   31.707   64.232   185.0   183.6   19.4577   36.6566   204.01   -9.990    0.024 
  2018503  2004.187787   31.707   64.232   187.0   185.6   19.4436   36.6545   203.69   -9.990    0.024 
  2018503  2004.187787   31.707   64.232   189.0   187.6   19.4289   36.6517   204.26   -9.990    0.027 
  2018503  2004.187787   31.707   64.232   191.0   189.6   19.4090   36.6516   205.76   -9.990    0.027 
  2018503  2004.187787   31.707   64.232   193.0   191.6   19.4002   36.6550   206.45   -9.990    0.025 
  2018503  2004.187787   31.707   64.232   195.0   193.5   19.4095   36.6600   207.00   -9.990    0.028 
  2018503  2004.187787   31.707   64.232   197.0   195.5   19.4102   36.6611   207.14   -9.990    0.020 
  2018503  2004.187787   31.707   64.232   199.0   197.5   19.4078   36.6616   207.08   -9.990    0.020 
  2018503  2004.187787   31.707   64.232   201.0   199.5   19.4051   36.6622   207.24   -9.990    0.025 
  2018503  2004.187787   31.707   64.232   203.0   201.5   19.4003   36.6634   207.52   -9.990    0.029 
  2018503  2004.187787   31.707   64.232   205.0   203.5   19.3973   36.6640   207.64   -9.990    0.030 
  2018503  2004.187787   31.707   64.232   207.0   205.5   19.3917   36.6646   207.77   -9.990    0.031 
  2018503  2004.187787   31.707   64.232   209.0   207.4   19.3835   36.6639   207.52   -9.990    0.033 
  2018503  2004.187787   31.707   64.232   211.0   209.4   19.3649   36.6617   207.00   -9.990    0.035 
  2018503  2004.187787   31.707   64.232   213.0   211.4   19.3383   36.6592   206.22   -9.990    0.026 
  2018503  2004.187787   31.707   64.232   215.0   213.4   19.3222   36.6574   205.10   -9.990    0.029 
  2018503  2004.187787   31.707   64.232   217.0   215.4   19.3052   36.6554   204.79   -9.990    0.028 
  2018503  2004.187787   31.707   64.232   219.0   217.4   19.2931   36.6544   203.85   -9.990    0.026 
  2018503  2004.187787   31.707   64.232   221.0   219.3   19.2669   36.6499   202.15   -9.990    0.019 
  2018503  2004.187787   31.707   64.232   223.0   221.3   19.2111   36.6407   201.62   -9.990    0.027 
  2018503  2004.187787   31.707   64.232   225.0   223.3   19.1732   36.6353   200.53   -9.990    0.029 
  2018503  2004.187787   31.707   64.232   227.0   225.3   19.1525   36.6326   199.98   -9.990    0.022 
  2018503  2004.187787   31.707   64.232   229.0   227.3   19.1489   36.6320   200.03   -9.990    0.021 
  2018503  2004.187787   31.707   64.232   231.0   229.3   19.1331   36.6298   200.04   -9.990    0.024 
  2018503  2004.187787   31.707   64.232   233.0   231.2   19.0905   36.6256   200.03   -9.990    0.028 
  2018503  2004.187787   31.707   64.232   235.0   233.2   19.0366   36.6217   199.95   -9.990    0.030 
  2018503  2004.187787   31.707   64.232   237.0   235.2   18.9981   36.6199   199.85   -9.990    0.033 
  2018503  2004.187787   31.707   64.232   239.0   237.2   18.9666   36.6183   199.85   -9.990    0.036 
  2018503  2004.187787   31.707   64.232   241.0   239.2   18.9440   36.6170   199.93   -9.990    0.035 
  2018503  2004.187787   31.707   64.232   243.0   241.2   18.9323   36.6166   199.86   -9.990    0.029 
  2018503  2004.187787   31.707   64.232   245.0   243.1   18.9243   36.6163   199.87   -9.990    0.026 
  2018503  2004.187787   31.707   64.232   247.0   245.1   18.9202   36.6161   199.94   -9.990    0.022 
  2018503  2004.187787   31.707   64.232   249.0   247.1   18.9161   36.6161   199.81   -9.990    0.024 
  2018503  2004.187787   31.707   64.232   251.0   249.1   18.9130   36.6160   199.76   -9.990    0.029 
  2018503  2004.187787   31.707   64.232   253.0   251.1   18.9073   36.6155   199.75   -9.990    0.037 
  2018503  2004.187787   31.707   64.232   255.0   253.1   18.8980   36.6149   199.72   -9.990    0.038 
  2018503  2004.187787   31.707   64.232   257.0   255.1   18.8890   36.6142   199.92   -9.990    0.025 
  2018503  2004.187787   31.707   64.232   259.0   257.0   18.8743   36.6129   200.13   -9.990    0.024 
  2018503  2004.187787   31.707   64.232   261.0   259.0   18.8570   36.6121   199.86   -9.990    0.025 
  2018503  2004.187787   31.707   64.232   263.0   261.0   18.8433   36.6115   199.58   -9.990    0.026 
  2018503  2004.187787   31.707   64.232   265.0   263.0   18.8285   36.6109   199.49   -9.990    0.026 
  2018503  2004.187787   31.707   64.232   267.0   265.0   18.8182   36.6099   199.57   -9.990    0.028 
  2018503  2004.187787   31.707   64.232   269.0   267.0   18.8051   36.6090   199.53   -9.990    0.019 
  2018503  2004.187787   31.707   64.232   271.0   268.9   18.7914   36.6079   199.67   -9.990    0.015 
  2018503  2004.187787   31.707   64.232   273.0   270.9   18.7826   36.6074   199.89   -9.990    0.028 
  2018503  2004.187787   31.707   64.232   275.0   272.9   18.7746   36.6066   200.45   -9.990    0.029 
  2018503  2004.187787   31.707   64.232   277.0   274.9   18.7610   36.6057   200.22   -9.990    0.024 
  2018503  2004.187787   31.707   64.232   279.0   276.9   18.7459   36.6049   200.47   -9.990    0.020 
  2018503  2004.187787   31.707   64.232   281.0   278.9   18.7366   36.6043   200.26   -9.990    0.024 
  2018503  2004.187787   31.707   64.232   283.0   280.8   18.7079   36.6020   200.12   -9.990    0.032 
  2018503  2004.187787   31.707   64.232   285.0   282.8   18.6904   36.6004   200.03   -9.990    0.032 
  2018503  2004.187787   31.707   64.232   287.0   284.8   18.6739   36.5993   199.98   -9.990    0.027 
  2018503  2004.187787   31.707   64.232   289.0   286.8   18.6634   36.5984   199.66   -9.990    0.024 
  2018503  2004.187787   31.707   64.232   291.0   288.8   18.6400   36.5952   199.21   -9.990    0.025 
  2018503  2004.187787   31.707   64.232   293.0   290.8   18.5980   36.5925   198.60   -9.990    0.025 
  2018503  2004.187787   31.707   64.232   295.0   292.7   18.5793   36.5911   198.25   -9.990    0.024 
  2018503  2004.187787   31.707   64.232   297.0   294.7   18.5692   36.5903   198.29   -9.990    0.018 
  2018503  2004.187787   31.707   64.232   299.0   296.7   18.5534   36.5887   198.28   -9.990    0.030 
  2018503  2004.187787   31.707   64.232   301.0   298.7   18.5373   36.5871   197.81   -9.990    0.024 
  2018503  2004.187787   31.707   64.232   303.0   300.7   18.5201   36.5849   197.74   -9.990    0.023 
  2018503  2004.187787   31.707   64.232   305.0   302.7   18.5092   36.5837   197.62   -9.990    0.022 
  2018503  2004.187787   31.707   64.232   307.0   304.6   18.4958   36.5823   197.49   -9.990    0.020 
  2018503  2004.187787   31.707   64.232   309.0   306.6   18.4852   36.5814   197.04   -9.990    0.027 
  2018503  2004.187787   31.707   64.232   311.0   308.6   18.4753   36.5803   196.86   -9.990    0.024 
  2018503  2004.187787   31.707   64.232   313.0   310.6   18.4663   36.5794   196.80   -9.990    0.028 
  2018503  2004.187787   31.707   64.232   315.0   312.6   18.4566   36.5783   196.71   -9.990    0.027 
  2018503  2004.187787   31.707   64.232   317.0   314.6   18.4464   36.5772   196.79   -9.990    0.026 
  2018503  2004.187787   31.707   64.232   319.0   316.5   18.4316   36.5753   196.18   -9.990    0.026 
  2018503  2004.187787   31.707   64.232   321.0   318.5   18.4154   36.5734   195.72   -9.990    0.023 
  2018503  2004.187787   31.707   64.232   323.0   320.5   18.3891   36.5710   196.09   -9.990    0.022 
  2018503  2004.187787   31.707   64.232   325.0   322.5   18.3710   36.5687   196.34   -9.990    0.027 
  2018503  2004.187787   31.707   64.232   327.0   324.5   18.3573   36.5665   196.15   -9.990    0.024 
  2018503  2004.187787   31.707   64.232   329.0   326.4   18.3234   36.5619   195.50   -9.990    0.021 
  2018503  2004.187787   31.707   64.232   331.0   328.4   18.3083   36.5612   195.30   -9.990    0.020 
  2018503  2004.187787   31.707   64.232   333.0   330.4   18.2870   36.5579   195.26   -9.990    0.014 
  2018503  2004.187787   31.707   64.232   335.0   332.4   18.2707   36.5564   195.32   -9.990    0.017 
  2018503  2004.187787   31.707   64.232   337.0   334.4   18.2598   36.5550   195.43   -9.990    0.020 
  2018503  2004.187787   31.707   64.232   339.0   336.4   18.2466   36.5531   195.45   -9.990    0.022 
  2018503  2004.187787   31.707   64.232   341.0   338.3   18.2338   36.5511   195.52   -9.990    0.019 
  2018503  2004.187787   31.707   64.232   343.0   340.3   18.2146   36.5487   195.51   -9.990    0.020 
  2018503  2004.187787   31.707   64.232   345.0   342.3   18.2024   36.5474   195.21   -9.990    0.021 
  2018503  2004.187787   31.707   64.232   347.0   344.3   18.1907   36.5462   194.85   -9.990    0.021 
  2018503  2004.187787   31.707   64.232   349.0   346.3   18.1811   36.5452   194.72   -9.990    0.021 
  2018503  2004.187787   31.707   64.232   351.0   348.3   18.1781   36.5448   194.46   -9.990    0.020 
  2018503  2004.187787   31.707   64.232   353.0   350.2   18.1658   36.5431   194.13   -9.990    0.027 
  2018503  2004.187787   31.707   64.232   355.0   352.2   18.1641   36.5432   193.70   -9.990    0.024 
  2018503  2004.187787   31.707   64.232   357.0   354.2   18.1607   36.5430   193.75   -9.990    0.022 
  2018503  2004.187787   31.707   64.232   359.0   356.2   18.1595   36.5428   193.83   -9.990    0.017 
  2018503  2004.187787   31.707   64.232   361.0   358.2   18.1545   36.5418   193.68   -9.990    0.019 
  2018503  2004.187787   31.707   64.232   363.0   360.2   18.1259   36.5375   193.68   -9.990    0.021 
  2018503  2004.187787   31.707   64.232   365.0   362.1   18.1054   36.5351   193.72   -9.990    0.018 
  2018503  2004.187787   31.707   64.232   367.0   364.1   18.0911   36.5334   193.94   -9.990    0.018 
  2018503  2004.187787   31.707   64.232   369.0   366.1   18.0798   36.5319   193.84   -9.990    0.016 
  2018503  2004.187787   31.707   64.232   371.0   368.1   18.0756   36.5311   193.57   -9.990    0.018 
  2018503  2004.187787   31.707   64.232   373.0   370.1   18.0739   36.5310   193.63   -9.990    0.018 
  2018503  2004.187787   31.707   64.232   375.0   372.0   18.0715   36.5306   193.69   -9.990    0.014 
  2018503  2004.187787   31.707   64.232   377.0   374.0   18.0605   36.5290   193.57   -9.990    0.018 
  2018503  2004.187787   31.707   64.232   379.0   376.0   18.0441   36.5265   193.44   -9.990    0.022 
  2018503  2004.187787   31.707   64.232   381.0   378.0   18.0219   36.5232   193.34   -9.990    0.026 
  2018503  2004.187787   31.707   64.232   383.0   380.0   17.9985   36.5201   193.35   -9.990    0.022 
  2018503  2004.187787   31.707   64.232   385.0   382.0   17.9776   36.5174   193.52   -9.990    0.026 
  2018503  2004.187787   31.707   64.232   387.0   383.9   17.9527   36.5142   193.30   -9.990    0.024 
  2018503  2004.187787   31.707   64.232   389.0   385.9   17.9365   36.5121   193.07   -9.990    0.022 
  2018503  2004.187787   31.707   64.232   391.0   387.9   17.9200   36.5101   192.88   -9.990    0.021 
  2018503  2004.187787   31.707   64.232   393.0   389.9   17.9042   36.5081   192.63   -9.990    0.020 
  2018503  2004.187787   31.707   64.232   395.0   391.9   17.8877   36.5058   192.45   -9.990    0.020 
  2018503  2004.187787   31.707   64.232   397.0   393.9   17.8680   36.5030   192.27   -9.990    0.020 
  2018503  2004.187787   31.707   64.232   399.0   395.8   17.8491   36.5001   192.15   -9.990    0.022 
  2018503  2004.187787   31.707   64.232   401.0   397.8   17.8323   36.4975   192.10   -9.990    0.023 
  2018503  2004.187787   31.707   64.232   403.0   399.8   17.8173   36.4952   192.10   -9.990    0.023 
  2018503  2004.187787   31.707   64.232   405.0   401.8   17.8043   36.4932   191.82   -9.990    0.023 
  2018503  2004.187787   31.707   64.232   407.0   403.8   17.7945   36.4920   191.68   -9.990    0.022 
  2018503  2004.187787   31.707   64.232   409.0   405.7   17.7847   36.4909   191.65   -9.990    0.022 
  2018503  2004.187787   31.707   64.232   411.0   407.7   17.7778   36.4897   191.59   -9.990    0.021 
  2018503  2004.187787   31.707   64.232   413.0   409.7   17.7686   36.4883   191.46   -9.990    0.024 
  2018503  2004.187787   31.707   64.232   415.0   411.7   17.7581   36.4871   191.52   -9.990    0.022 
  2018503  2004.187787   31.707   64.232   417.0   413.7   17.7548   36.4868   191.67   -9.990    0.027 
  2018503  2004.187787   31.707   64.232   419.0   415.7   17.7492   36.4858   191.58   -9.990    0.029 
  2018503  2004.187787   31.707   64.232   421.0   417.6   17.7192   36.4813   191.43   -9.990    0.025 
  2018503  2004.187787   31.707   64.232   423.0   419.6   17.6898   36.4772   191.34   -9.990    0.023 
  2018503  2004.187787   31.707   64.232   425.0   421.6   17.6591   36.4731   191.33   -9.990    0.017 
  2018503  2004.187787   31.707   64.232   427.0   423.6   17.6598   36.4732   191.33   -9.990    0.020 
  2018503  2004.187787   31.707   64.232   429.0   425.6   17.6433   36.4711   191.38   -9.990    0.019 
  2018503  2004.187787   31.707   64.232   431.0   427.6   17.6395   36.4706   191.34   -9.990    0.025 
  2018503  2004.187787   31.707   64.232   433.0   429.5   17.6334   36.4696   191.18   -9.990    0.028 
  2018503  2004.187787   31.707   64.232   435.0   431.5   17.6321   36.4696   191.39   -9.990    0.020 
  2018503  2004.187787   31.707   64.232   437.0   433.5   17.6262   36.4686   191.42   -9.990    0.022 
  2018503  2004.187787   31.707   64.232   439.0   435.5   17.6125   36.4665   191.37   -9.990    0.018 
  2018503  2004.187787   31.707   64.232   441.0   437.5   17.6010   36.4647   191.29   -9.990    0.022 
  2018503  2004.187787   31.707   64.232   443.0   439.4   17.5932   36.4632   191.21   -9.990    0.026 
  2018503  2004.187787   31.707   64.232   445.0   441.4   17.5792   36.4603   191.15   -9.990    0.025 
  2018503  2004.187787   31.707   64.232   447.0   443.4   17.5577   36.4573   190.98   -9.990    0.016 
  2018503  2004.187787   31.707   64.232   449.0   445.4   17.5486   36.4564   190.85   -9.990    0.016 
  2018503  2004.187787   31.707   64.232   451.0   447.4   17.5323   36.4537   190.83   -9.990    0.020 
  2018503  2004.187787   31.707   64.232   453.0   449.4   17.5134   36.4501   190.90   -9.990    0.019 
  2018503  2004.187787   31.707   64.232   455.0   451.3   17.4857   36.4461   190.98   -9.990    0.017 
  2018503  2004.187787   31.707   64.232   457.0   453.3   17.4623   36.4438   190.94   -9.990    0.023 
  2018503  2004.187787   31.707   64.232   459.0   455.3   17.4397   36.4402   191.03   -9.990    0.025 
  2018503  2004.187787   31.707   64.232   461.0   457.3   17.4184   36.4375   191.00   -9.990    0.028 
  2018503  2004.187787   31.707   64.232   463.0   459.3   17.3979   36.4342   190.85   -9.990    0.026 
  2018503  2004.187787   31.707   64.232   465.0   461.2   17.3849   36.4326   190.89   -9.990    0.016 
  2018503  2004.187787   31.707   64.232   467.0   463.2   17.3749   36.4312   191.03   -9.990    0.012 
  2018503  2004.187787   31.707   64.232   469.0   465.2   17.3654   36.4299   191.14   -9.990    0.009 
  2018503  2004.187787   31.707   64.232   471.0   467.2   17.3424   36.4251   191.33   -9.990    0.015 
  2018503  2004.187787   31.707   64.232   473.0   469.2   17.3057   36.4190   191.17   -9.990    0.025 
  2018503  2004.187787   31.707   64.232   475.0   471.1   17.2724   36.4147   190.88   -9.990    0.026 
  2018503  2004.187787   31.707   64.232   477.0   473.1   17.2560   36.4128   190.57   -9.990    0.032 
  2018503  2004.187787   31.707   64.232   479.0   475.1   17.2443   36.4105   190.76   -9.990    0.023 
  2018503  2004.187787   31.707   64.232   481.0   477.1   17.2275   36.4077   190.85   -9.990    0.018 
  2018503  2004.187787   31.707   64.232   483.0   479.1   17.2002   36.4038   190.83   -9.990    0.018 
  2018503  2004.187787   31.707   64.232   485.0   481.1   17.1920   36.4024   190.98   -9.990    0.015 
  2018503  2004.187787   31.707   64.232   487.0   483.0   17.1856   36.4013   190.89   -9.990    0.019 
  2018503  2004.187787   31.707   64.232   489.0   485.0   17.1688   36.3983   190.70   -9.990    0.012 
  2018503  2004.187787   31.707   64.232   491.0   487.0   17.1451   36.3946   190.72   -9.990    0.010 
  2018503  2004.187787   31.707   64.232   493.0   489.0   17.1233   36.3914   190.77   -9.990    0.015 
  2018503  2004.187787   31.707   64.232   495.0   491.0   17.0946   36.3867   190.73   -9.990    0.021 
  2018503  2004.187787   31.707   64.232   497.0   492.9   17.0596   36.3811   190.75   -9.990    0.024 
  2018503  2004.187787   31.707   64.232   499.0   494.9   17.0305   36.3767   190.83   -9.990    0.026 
  2018503  2004.187787   31.707   64.232   501.0   496.9   17.0137   36.3723   190.65   -9.990    0.024 
  2018503  2004.187787   31.707   64.232   503.0   498.9   16.9643   36.3635   190.48   -9.990    0.016 
