20115001 1998.291543 31.6670 64.1640    7    6.9513 20.2554 5.0179 36.6352 224.6900 -9.9900 0.1520   -9.9900
20115001 1998.291543 31.6670 64.1640    9    8.9374 20.2582 5.0184 36.6358 225.0750 -9.9900 0.1490   -9.9900
20115001 1998.291543 31.6670 64.1640   11   10.9234 20.2595 5.0186 36.6361 225.3750 -9.9900 0.1470   -9.9900
20115001 1998.291543 31.6670 64.1640   13   12.9094 20.2629 5.0194 36.6384 225.5690 -9.9900 0.1430   -9.9900
20115001 1998.291543 31.6670 64.1640   15   14.8954 20.2636 5.0197 36.6398 225.6160 -9.9900 0.1410   -9.9900
20115001 1998.291543 31.6670 64.1640   17   16.8813 20.2631 5.0199 36.6413 225.0430 -9.9900 0.1400   -9.9900
20115001 1998.291543 31.6670 64.1640   19   18.8673 20.2593 5.0198 36.6426 224.7520 -9.9900 0.1440   -9.9900
20115001 1998.291543 31.6670 64.1640   21   20.8532 20.2517 5.0192 36.6443 225.0920 -9.9900 0.1520   -9.9900
20115001 1998.291543 31.6670 64.1640   23   22.8391 20.2495 5.0195 36.6473 226.0940 -9.9900 0.1530   -9.9900
20115001 1998.291543 31.6670 64.1640   25   24.8250 20.2550 5.0202 36.6476 225.2150 -9.9900 0.1470   -9.9900
20115001 1998.291543 31.6670 64.1640   27   26.8109 20.2552 5.0206 36.6504 225.3580 -9.9900 0.1390   -9.9900
20115001 1998.291543 31.6670 64.1640   29   28.7968 20.2557 5.0206 36.6490 225.8320 -9.9900 0.1470   -9.9900
20115001 1998.291543 31.6670 64.1640   31   30.7826 20.2569 5.0213 36.6526 225.0300 -9.9900 0.1540   -9.9900
20115001 1998.291543 31.6670 64.1640   33   32.7684 20.2517 5.0213 36.6571 225.1430 -9.9900 0.1540   -9.9900
20115001 1998.291543 31.6670 64.1640   35   34.7542 20.2631 5.0233 36.6626 225.6150 -9.9900 0.1450   -9.9900
20115001 1998.291543 31.6670 64.1640   37   36.7400 20.2649 5.0238 36.6641 225.0210 -9.9900 0.1370   -9.9900
20115001 1998.291543 31.6670 64.1640   39   38.7257 20.2701 5.0247 36.6664 224.4610 -9.9900 0.1450   -9.9900
20115001 1998.291543 31.6670 64.1640   41   40.7115 20.2702 5.0249 36.6671 224.2820 -9.9900 0.1350   -9.9900
20115001 1998.291543 31.6670 64.1640   43   42.6972 20.2686 5.0248 36.6668 224.5780 -9.9900 0.1370   -9.9900
20115001 1998.291543 31.6670 64.1640   45   44.6829 20.2661 5.0245 36.6663 223.5740 -9.9900 0.1300   -9.9900
20115001 1998.291543 31.6670 64.1640   47   46.6686 20.2569 5.0234 36.6643 223.1440 -9.9900 0.1400   -9.9900
20115001 1998.291543 31.6670 64.1640   49   48.6542 20.2476 5.0223 36.6623 223.1060 -9.9900 0.1440   -9.9900
20115001 1998.291543 31.6670 64.1640   51   50.6399 20.2395 5.0212 36.6602 223.8720 -9.9900 0.1550   -9.9900
20115001 1998.291543 31.6670 64.1640   53   52.6255 20.2363 5.0209 36.6593 224.1480 -9.9900 0.1620   -9.9900
20115001 1998.291543 31.6670 64.1640   55   54.6111 20.2356 5.0209 36.6591 224.5670 -9.9900 0.1580   -9.9900
20115001 1998.291543 31.6670 64.1640   57   56.5967 20.2343 5.0208 36.6588 225.0960 -9.9900 0.1510   -9.9900
20115001 1998.291543 31.6670 64.1640   59   58.5822 20.2326 5.0211 36.6624 224.4240 -9.9900 0.1680   -9.9900
20115001 1998.291543 31.6670 64.1640   61   60.5678 20.2290 5.0219 36.6711 223.9050 -9.9900 0.1900   -9.9900
20115001 1998.291543 31.6670 64.1640   63   62.5533 20.2250 5.0228 36.6814 223.7880 -9.9900 0.2120   -9.9900
20115001 1998.291543 31.6670 64.1640   65   64.5388 20.2120 5.0225 36.6891 223.6780 -9.9900 0.2260   -9.9900
20115001 1998.291543 31.6670 64.1640   67   66.5243 20.1896 5.0206 36.6927 223.7010 -9.9900 0.2380   -9.9900
20115001 1998.291543 31.6670 64.1640   69   68.5098 20.1730 5.0188 36.6917 223.9250 -9.9900 0.2430   -9.9900
20115001 1998.291543 31.6670 64.1640   71   70.4952 20.1447 5.0157 36.6900 223.9830 -9.9900 0.2560   -9.9900
20115001 1998.291543 31.6670 64.1640   73   72.4806 20.1186 5.0125 36.6855 224.2320 -9.9900 0.2650   -9.9900
20115001 1998.291543 31.6670 64.1640   75   74.4661 20.0716 5.0067 36.6779 224.1460 -9.9900 0.2760   -9.9900
20115001 1998.291543 31.6670 64.1640   77   76.4514 20.0384 5.0026 36.6723 223.9200 -9.9900 0.2920   -9.9900
20115001 1998.291543 31.6670 64.1640   79   78.4368 20.0094 4.9991 36.6679 223.3850 -9.9900 0.3040   -9.9900
20115001 1998.291543 31.6670 64.1640   81   80.4222 19.9893 4.9969 36.6665 223.4930 -9.9900 0.3390   -9.9900
20115001 1998.291543 31.6670 64.1640   83   82.4075 19.9692 4.9947 36.6655 223.7510 -9.9900 0.3420   -9.9900
20115001 1998.291543 31.6670 64.1640   85   84.3928 19.9395 4.9914 36.6636 224.2870 -9.9900 0.3550   -9.9900
20115001 1998.291543 31.6670 64.1640   87   86.3781 19.9027 4.9872 36.6602 224.4210 -9.9900 0.3590   -9.9900
20115001 1998.291543 31.6670 64.1640   89   88.3634 19.8577 4.9818 36.6534 224.3890 -9.9900 0.3540   -9.9900
20115001 1998.291543 31.6670 64.1640   91   90.3486 19.8046 4.9750 36.6430 223.9460 -9.9900 0.3460   -9.9900
20115001 1998.291543 31.6670 64.1640   93   92.3339 19.7610 4.9695 36.6346 223.3750 -9.9900 0.3310   -9.9900
20115001 1998.291543 31.6670 64.1640   95   94.3191 19.7287 4.9654 36.6288 223.7880 -9.9900 0.3320   -9.9900
20115001 1998.291543 31.6670 64.1640   97   96.3043 19.6808 4.9594 36.6203 223.1710 -9.9900 0.3400   -9.9900
20115001 1998.291543 31.6670 64.1640   99   98.2895 19.6172 4.9520 36.6132 223.1600 -9.9900 0.3310   -9.9900
20115001 1998.291543 31.6670 64.1640  101  100.2746 19.5988 4.9499 36.6115 223.8370 -9.9900 0.3390   -9.9900
20115001 1998.291543 31.6670 64.1640  103  102.2598 19.5819 4.9480 36.6092 223.8450 -9.9900 0.3350   -9.9900
20115001 1998.291543 31.6670 64.1640  105  104.2449 19.5659 4.9462 36.6079 224.1580 -9.9900 0.3370   -9.9900
20115001 1998.291543 31.6670 64.1640  107  106.2300 19.5484 4.9445 36.6083 224.7970 -9.9900 0.3260   -9.9900
20115001 1998.291543 31.6670 64.1640  109  108.2151 19.5031 4.9391 36.6021 224.2360 -9.9900 0.3220   -9.9900
20115001 1998.291543 31.6670 64.1640  111  110.2001 19.4588 4.9335 36.5940 223.3580 -9.9900 0.3200   -9.9900
20115001 1998.291543 31.6670 64.1640  113  112.1852 19.4371 4.9311 36.5916 223.2320 -9.9900 0.3170   -9.9900
20115001 1998.291543 31.6670 64.1640  115  114.1702 19.4346 4.9312 36.5943 223.5440 -9.9900 0.3140   -9.9900
20115001 1998.291543 31.6670 64.1640  117  116.1552 19.4338 4.9315 36.5968 224.5500 -9.9900 0.3130   -9.9900
20115001 1998.291543 31.6670 64.1640  119  118.1402 19.4329 4.9317 36.5981 224.2780 -9.9900 0.3010   -9.9900
20115001 1998.291543 31.6670 64.1640  121  120.1252 19.4317 4.9317 36.5990 224.4270 -9.9900 0.2890   -9.9900
20115001 1998.291543 31.6670 64.1640  123  122.1101 19.4302 4.9317 36.5997 224.8960 -9.9900 0.2980   -9.9900
20115001 1998.291543 31.6670 64.1640  125  124.0950 19.4282 4.9318 36.6008 223.2290 -9.9900 0.2920   -9.9900
20115001 1998.291543 31.6670 64.1640  127  126.0800 19.4157 4.9306 36.6014 222.8540 -9.9900 0.2660   -9.9900
20115001 1998.291543 31.6670 64.1640  129  128.0648 19.3923 4.9282 36.6011 223.8670 -9.9900 0.2760   -9.9900
20115001 1998.291543 31.6670 64.1640  131  130.0497 19.3850 4.9275 36.6010 222.8500 -9.9900 0.2840   -9.9900
20115001 1998.291543 31.6670 64.1640  133  132.0346 19.3772 4.9268 36.6008 221.8600 -9.9900 0.2830   -9.9900
20115001 1998.291543 31.6670 64.1640  135  134.0194 19.3701 4.9261 36.6009 222.3440 -9.9900 0.2920   -9.9900
20115001 1998.291543 31.6670 64.1640  137  136.0042 19.3660 4.9258 36.6014 222.7090 -9.9900 0.2840   -9.9900
20115001 1998.291543 31.6670 64.1640  139  137.9890 19.3595 4.9253 36.6016 222.6320 -9.9900 0.2770   -9.9900
20115001 1998.291543 31.6670 64.1640  141  139.9738 19.3553 4.9248 36.6009 221.6960 -9.9900 0.2700   -9.9900
20115001 1998.291543 31.6670 64.1640  143  141.9585 19.3488 4.9241 36.6001 221.7520 -9.9900 0.2500   -9.9900
20115001 1998.291543 31.6670 64.1640  145  143.9433 19.3412 4.9233 36.5989 221.8470 -9.9900 0.2310   -9.9900
20115001 1998.291543 31.6670 64.1640  147  145.9280 19.3306 4.9220 36.5971 221.6310 -9.9900 0.2160   -9.9900
20115001 1998.291543 31.6670 64.1640  149  147.9127 19.3215 4.9210 36.5955 221.2540 -9.9900 0.2090   -9.9900
20115001 1998.291543 31.6670 64.1640  151  149.8974 19.2996 4.9183 36.5913 220.7170 -9.9900 0.2000   -9.9900
20115001 1998.291543 31.6670 64.1640  153  151.8820 19.2794 4.9158 36.5879 220.1120 -9.9900 0.1860   -9.9900
20115001 1998.291543 31.6670 64.1640  155  153.8667 19.2687 4.9146 36.5862 219.9110 -9.9900 0.1730   -9.9900
20115001 1998.291543 31.6670 64.1640  157  155.8513 19.2460 4.9119 36.5829 219.6040 -9.9900 0.1620   -9.9900
20115001 1998.291543 31.6670 64.1640  159  157.8359 19.2310 4.9103 36.5817 219.6410 -9.9900 0.1470   -9.9900
20115001 1998.291543 31.6670 64.1640  161  159.8205 19.2203 4.9091 36.5808 219.7370 -9.9900 0.1440   -9.9900
20115001 1998.291543 31.6670 64.1640  163  161.8050 19.2045 4.9075 36.5800 219.5670 -9.9900 0.1330   -9.9900
20115001 1998.291543 31.6670 64.1640  165  163.7896 19.1953 4.9068 36.5821 218.3650 -9.9900 0.1270   -9.9900
20115001 1998.291543 31.6670 64.1640  167  165.7741 19.1954 4.9073 36.5852 217.6140 -9.9900 0.1220   -9.9900
20115001 1998.291543 31.6670 64.1640  169  167.7586 19.1952 4.9079 36.5895 216.5640 -9.9900 0.1250   -9.9900
20115001 1998.291543 31.6670 64.1640  171  169.7431 19.1891 4.9074 36.5898 216.7970 -9.9900 0.1300   -9.9900
20115001 1998.291543 31.6670 64.1640  173  171.7276 19.1858 4.9074 36.5923 216.6920 -9.9900 0.1210   -9.9900
20115001 1998.291543 31.6670 64.1640  175  173.7120 19.1953 4.9092 36.5979 216.3950 -9.9900 0.1220   -9.9900
20115001 1998.291543 31.6670 64.1640  177  175.6965 19.1940 4.9093 36.5997 215.5990 -9.9900 0.0990   -9.9900
20115001 1998.291543 31.6670 64.1640  179  177.6809 19.1531 4.9039 36.5890 217.1410 -9.9900 0.0930   -9.9900
20115001 1998.291543 31.6670 64.1640  181  179.6653 19.1394 4.9021 36.5860 217.7760 -9.9900 0.1090   -9.9900
20115001 1998.291543 31.6670 64.1640  183  181.6496 19.1434 4.9031 36.5894 216.3840 -9.9900 0.0960   -9.9900
20115001 1998.291543 31.6670 64.1640  185  183.6340 19.1478 4.9043 36.5953 214.2930 -9.9900 0.0870   -9.9900
20115001 1998.291543 31.6670 64.1640  187  185.6183 19.1362 4.9033 36.5959 213.1210 -9.9900 0.0960   -9.9900
20115001 1998.291543 31.6670 64.1640  189  187.6026 19.1202 4.9011 36.5915 216.1970 -9.9900 0.0880   -9.9900
20115001 1998.291543 31.6670 64.1640  191  189.5869 19.0929 4.8974 36.5833 218.1570 -9.9900 0.0730   -9.9900
20115001 1998.291543 31.6670 64.1640  193  191.5712 19.0823 4.8963 36.5827 216.7230 -9.9900 0.0800   -9.9900
20115001 1998.291543 31.6670 64.1640  195  193.5555 19.0798 4.8964 36.5848 215.4280 -9.9900 0.0860   -9.9900
20115001 1998.291543 31.6670 64.1640  197  195.5397 19.0795 4.8970 36.5896 213.7600 -9.9900 0.0840   -9.9900
20115001 1998.291543 31.6670 64.1640  199  197.5239 19.0891 4.8990 36.5970 213.3920 -9.9900 0.0770   -9.9900
20115001 1998.291543 31.6670 64.1640  201  199.5081 19.0857 4.8992 36.6011 212.8240 -9.9900 0.0780   -9.9900
20115001 1998.291543 31.6670 64.1640  203  201.4923 19.0689 4.8973 36.5994 212.6070 -9.9900 0.0800   -9.9900
20115001 1998.291543 31.6670 64.1640  205  203.4765 19.0286 4.8924 36.5929 213.1420 -9.9900 0.0750   -9.9900
20115001 1998.291543 31.6670 64.1640  207  205.4606 18.9960 4.8884 36.5874 213.9060 -9.9900 0.0680   -9.9900
20115001 1998.291543 31.6670 64.1640  209  207.4447 18.9722 4.8856 36.5839 214.2160 -9.9900 0.0670   -9.9900
20115001 1998.291543 31.6670 64.1640  211  209.4288 18.9694 4.8855 36.5848 214.4700 -9.9900 0.0780   -9.9900
20115001 1998.291543 31.6670 64.1640  213  211.4129 18.9607 4.8845 36.5834 214.5330 -9.9900 0.0720   -9.9900
20115001 1998.291543 31.6670 64.1640  215  213.3970 18.9643 4.8853 36.5859 212.9740 -9.9900 0.0720   -9.9900
20115001 1998.291543 31.6670 64.1640  217  215.3810 18.9803 4.8883 36.5963 211.8550 -9.9900 0.0700   -9.9900
20115001 1998.291543 31.6670 64.1640  219  217.3651 18.9670 4.8869 36.5957 211.3840 -9.9900 0.0690   -9.9900
20115001 1998.291543 31.6670 64.1640  221  219.3491 18.9326 4.8828 36.5903 211.1730 -9.9900 0.0750   -9.9900
20115001 1998.291543 31.6670 64.1640  223  221.3330 18.9200 4.8816 36.5906 209.1430 -9.9900 0.0670   -9.9900
20115001 1998.291543 31.6670 64.1640  225  223.3170 18.9019 4.8799 36.5921 205.7580 -9.9900 0.0560   -9.9900
20115001 1998.291543 31.6670 64.1640  227  225.3010 18.9158 4.8833 36.6076 204.4610 -9.9900 0.0690   -9.9900
20115001 1998.291543 31.6670 64.1640  229  227.2849 18.9266 4.8857 36.6172 203.5330 -9.9900 0.0720   -9.9900
20115001 1998.291543 31.6670 64.1640  231  229.2688 18.9391 4.8881 36.6256 202.9560 -9.9900 0.0740   -9.9900
20115001 1998.291543 31.6670 64.1640  233  231.2527 18.9305 4.8875 36.6273 202.3050 -9.9900 0.0700   -9.9900
20115001 1998.291543 31.6670 64.1640  235  233.2366 18.9101 4.8850 36.6240 202.1560 -9.9900 0.0740   -9.9900
20115001 1998.291543 31.6670 64.1640  237  235.2204 18.8493 4.8774 36.6131 202.1460 -9.9900 0.0810   -9.9900
20115001 1998.291543 31.6670 64.1640  239  237.2043 18.8142 4.8733 36.6087 202.6050 -9.9900 0.0740   -9.9900
20115001 1998.291543 31.6670 64.1640  241  239.1881 18.7887 4.8704 36.6058 202.8550 -9.9900 0.0670   -9.9900
20115001 1998.291543 31.6670 64.1640  243  241.1719 18.7731 4.8688 36.6053 202.8060 -9.9900 0.0580   -9.9900
20115001 1998.291543 31.6670 64.1640  245  243.1557 18.7613 4.8676 36.6049 203.1140 -9.9900 0.0530   -9.9900
20115001 1998.291543 31.6670 64.1640  247  245.1394 18.7448 4.8659 36.6041 203.2770 -9.9900 0.0680   -9.9900
20115001 1998.291543 31.6670 64.1640  249  247.1232 18.7173 4.8628 36.6017 202.0140 -9.9900 0.0760   -9.9900
20115001 1998.291543 31.6670 64.1640  251  249.1069 18.6853 4.8591 36.5980 201.1400 -9.9900 0.0680   -9.9900
20115001 1998.291543 31.6670 64.1640  253  251.0906 18.6319 4.8531 36.5937 200.9990 -9.9900 0.0700   -9.9900
20115001 1998.291543 31.6670 64.1640  255  253.0743 18.5825 4.8477 36.5909 199.8700 -9.9900 0.0690   -9.9900
20115001 1998.291543 31.6670 64.1640  257  255.0579 18.5753 4.8470 36.5911 199.2440 -9.9900 0.0570   -9.9900
20115001 1998.291543 31.6670 64.1640  259  257.0416 18.5656 4.8460 36.5901 200.2510 -9.9900 0.0690   -9.9900
20115001 1998.291543 31.6670 64.1640  261  259.0252 18.5476 4.8441 36.5892 201.6510 -9.9900 0.0650   -9.9900
20115001 1998.291543 31.6670 64.1640  263  261.0088 18.5357 4.8428 36.5884 201.8030 -9.9900 0.0630   -9.9900
20115001 1998.291543 31.6670 64.1640  265  262.9924 18.5314 4.8425 36.5882 201.5930 -9.9900 0.0630   -9.9900
20115001 1998.291543 31.6670 64.1640  267  264.9760 18.5224 4.8415 36.5873 202.3470 -9.9900 0.0750   -9.9900
20115001 1998.291543 31.6670 64.1640  269  266.9595 18.4977 4.8388 36.5858 201.0610 -9.9900 0.0700   -9.9900
20115001 1998.291543 31.6670 64.1640  271  268.9430 18.4758 4.8364 36.5842 199.8910 -9.9900 0.0680   -9.9900
20115001 1998.291543 31.6670 64.1640  273  270.9265 18.4599 4.8348 36.5833 201.7750 -9.9900 0.0740   -9.9900
20115001 1998.291543 31.6670 64.1640  275  272.9100 18.4558 4.8344 36.5831 202.6620 -9.9900 0.0610   -9.9900
20115001 1998.291543 31.6670 64.1640  277  274.8935 18.4458 4.8333 36.5822 203.3510 -9.9900 0.0550   -9.9900
20115001 1998.291543 31.6670 64.1640  279  276.8770 18.4365 4.8324 36.5816 203.1640 -9.9900 0.0560   -9.9900
20115001 1998.291543 31.6670 64.1640  281  278.8604 18.4148 4.8299 36.5794 203.3160 -9.9900 0.0670   -9.9900
20115001 1998.291543 31.6670 64.1640  283  280.8438 18.3842 4.8266 36.5772 203.4010 -9.9900 0.0650   -9.9900
20115001 1998.291543 31.6670 64.1640  285  282.8272 18.3712 4.8252 36.5761 203.7580 -9.9900 0.0610   -9.9900
20115001 1998.291543 31.6670 64.1640  287  284.8106 18.3617 4.8242 36.5755 204.3750 -9.9900 0.0630   -9.9900
20115001 1998.291543 31.6670 64.1640  289  286.7939 18.3514 4.8232 36.5750 204.4490 -9.9900 0.0590   -9.9900
20115001 1998.291543 31.6670 64.1640  291  288.7773 18.3463 4.8227 36.5748 204.5240 -9.9900 0.0530   -9.9900
20115001 1998.291543 31.6670 64.1640  293  290.7606 18.3401 4.8221 36.5747 204.7970 -9.9900 0.0440   -9.9900
20115001 1998.291543 31.6670 64.1640  295  292.7439 18.3338 4.8215 36.5741 204.7870 -9.9900 0.0500   -9.9900
20115001 1998.291543 31.6670 64.1640  297  294.7272 18.3279 4.8209 36.5736 204.9290 -9.9900 0.0570   -9.9900
20115001 1998.291543 31.6670 64.1640  299  296.7104 18.3206 4.8201 36.5729 205.1910 -9.9900 0.0620   -9.9900
20115001 1998.291543 31.6670 64.1640  301  298.6937 18.3099 4.8190 36.5721 206.0880 -9.9900 0.0580   -9.9900
20115001 1998.291543 31.6670 64.1640  303  300.6769 18.3024 4.8183 36.5715 205.8730 -9.9900 0.0530   -9.9900
20115001 1998.291543 31.6670 64.1640  305  302.6601 18.2929 4.8172 36.5705 205.5910 -9.9900 0.0580   -9.9900
20115001 1998.291543 31.6670 64.1640  307  304.6433 18.2843 4.8164 36.5699 206.0500 -9.9900 0.0570   -9.9900
20115001 1998.291543 31.6670 64.1640  309  306.6265 18.2752 4.8154 36.5692 206.8200 -9.9900 0.0540   -9.9900
20115001 1998.291543 31.6670 64.1640  311  308.6096 18.2692 4.8148 36.5686 206.8860 -9.9900 0.0530   -9.9900
20115001 1998.291543 31.6670 64.1640  313  310.5927 18.2655 4.8144 36.5680 206.4610 -9.9900 0.0440   -9.9900
20115001 1998.291543 31.6670 64.1640  315  312.5758 18.2514 4.8128 36.5657 205.8150 -9.9900 0.0480   -9.9900
20115001 1998.291543 31.6670 64.1640  317  314.5589 18.2400 4.8115 36.5638 205.6290 -9.9900 0.0510   -9.9900
20115001 1998.291543 31.6670 64.1640  319  316.5420 18.2294 4.8102 36.5619 205.8410 -9.9900 0.0520   -9.9900
20115001 1998.291543 31.6670 64.1640  321  318.5251 18.2122 4.8082 36.5588 204.9960 -9.9900 0.0450   -9.9900
20115001 1998.291543 31.6670 64.1640  323  320.5081 18.1992 4.8066 36.5566 203.9170 -9.9900 0.0440   -9.9900
20115001 1998.291543 31.6670 64.1640  325  322.4911 18.1931 4.8059 36.5552 204.4330 -9.9900 0.0540   -9.9900
20115001 1998.291543 31.6670 64.1640  327  324.4741 18.1862 4.8052 36.5540 206.5280 -9.9900 0.0590   -9.9900
20115001 1998.291543 31.6670 64.1640  329  326.4571 18.1762 4.8041 36.5528 206.9590 -9.9900 0.0640   -9.9900
20115001 1998.291543 31.6670 64.1640  331  328.4400 18.1730 4.8038 36.5524 205.8970 -9.9900 0.0630   -9.9900
20115001 1998.291543 31.6670 64.1640  333  330.4230 18.1727 4.8039 36.5526 205.3610 -9.9900 0.0620   -9.9900
20115001 1998.291543 31.6670 64.1640  335  332.4059 18.1733 4.8041 36.5534 205.0830 -9.9900 0.0640   -9.9900
20115001 1998.291543 31.6670 64.1640  337  334.3888 18.1752 4.8046 36.5551 205.2640 -9.9900 0.0630   -9.9900
20115001 1998.291543 31.6670 64.1640  339  336.3717 18.1766 4.8050 36.5562 205.4960 -9.9900 0.0580   -9.9900
20115001 1998.291543 31.6670 64.1640  341  338.3545 18.1741 4.8047 36.5559 205.4400 -9.9900 0.0540   -9.9900
20115001 1998.291543 31.6670 64.1640  343  340.3374 18.1715 4.8045 36.5557 205.3410 -9.9900 0.0560   -9.9900
20115001 1998.291543 31.6670 64.1640  345  342.3202 18.1708 4.8045 36.5554 205.5960 -9.9900 0.0530   -9.9900
20115001 1998.291543 31.6670 64.1640  347  344.3030 18.1651 4.8040 36.5549 206.0720 -9.9900 0.0420   -9.9900
20115001 1998.291543 31.6670 64.1640  349  346.2858 18.1497 4.8022 36.5528 206.5750 -9.9900 0.0380   -9.9900
20115001 1998.291543 31.6670 64.1640  351  348.2685 18.1460 4.8018 36.5523 206.0830 -9.9900 0.0560   -9.9900
20115001 1998.291543 31.6670 64.1640  353  350.2513 18.1407 4.8013 36.5513 205.7830 -9.9900 0.0660   -9.9900
20115001 1998.291543 31.6670 64.1640  355  352.2340 18.1309 4.8002 36.5498 205.5830 -9.9900 0.0620   -9.9900
20115001 1998.291543 31.6670 64.1640  357  354.2167 18.1194 4.7988 36.5480 205.3920 -9.9900 0.0570   -9.9900
20115001 1998.291543 31.6670 64.1640  359  356.1994 18.1068 4.7974 36.5464 206.3260 -9.9900 0.0660   -9.9900
20115001 1998.291543 31.6670 64.1640  361  358.1821 18.0995 4.7966 36.5452 206.6350 -9.9900 0.0550   -9.9900
20115001 1998.291543 31.6670 64.1640  363  360.1647 18.0943 4.7961 36.5444 206.6220 -9.9900 0.0520   -9.9900
20115001 1998.291543 31.6670 64.1640  365  362.1474 18.0890 4.7956 36.5440 206.3960 -9.9900 0.0500   -9.9900
20115001 1998.291543 31.6670 64.1640  367  364.1300 18.0857 4.7953 36.5439 205.6920 -9.9900 0.0490   -9.9900
20115001 1998.291543 31.6670 64.1640  369  366.1126 18.0839 4.7952 36.5438 205.6850 -9.9900 0.0450   -9.9900
20115001 1998.291543 31.6670 64.1640  371  368.0951 18.0787 4.7946 36.5429 205.4030 -9.9900 0.0470   -9.9900
20115001 1998.291543 31.6670 64.1640  373  370.0777 18.0724 4.7939 36.5419 204.8590 -9.9900 0.0530   -9.9900
20115001 1998.291543 31.6670 64.1640  375  372.0602 18.0670 4.7934 36.5413 204.4960 -9.9900 0.0610   -9.9900
20115001 1998.291543 31.6670 64.1640  377  374.0427 18.0618 4.7929 36.5410 204.8250 -9.9900 0.0670   -9.9900
20115001 1998.291543 31.6670 64.1640  379  376.0252 18.0598 4.7928 36.5410 205.4670 -9.9900 0.0660   -9.9900
20115001 1998.291543 31.6670 64.1640  381  378.0077 18.0561 4.7925 36.5409 205.8770 -9.9900 0.0680   -9.9900
20115001 1998.291543 31.6670 64.1640  383  379.9902 18.0517 4.7921 36.5408 206.0320 -9.9900 0.0670   -9.9900
20115001 1998.291543 31.6670 64.1640  385  381.9726 18.0448 4.7913 36.5397 205.2230 -9.9900 0.0610   -9.9900
20115001 1998.291543 31.6670 64.1640  387  383.9550 18.0348 4.7902 36.5381 205.1830 -9.9900 0.0610   -9.9900
20115001 1998.291543 31.6670 64.1640  389  385.9374 18.0263 4.7892 36.5367 205.8810 -9.9900 0.0570   -9.9900
20115001 1998.291543 31.6670 64.1640  391  387.9198 18.0180 4.7883 36.5354 206.9500 -9.9900 0.0550   -9.9900
20115001 1998.291543 31.6670 64.1640  393  389.9022 18.0102 4.7874 36.5340 206.7110 -9.9900 0.0530   -9.9900
20115001 1998.291543 31.6670 64.1640  395  391.8845 17.9989 4.7861 36.5321 206.4640 -9.9900 0.0480   -9.9900
20115001 1998.291543 31.6670 64.1640  397  393.8669 17.9910 4.7852 36.5308 206.4500 -9.9900 0.0540   -9.9900
20115001 1998.291543 31.6670 64.1640  399  395.8492 17.9842 4.7845 36.5295 205.8920 -9.9900 0.0620   -9.9900
20115001 1998.291543 31.6670 64.1640  401  397.8315 17.9760 4.7835 36.5282 205.1630 -9.9900 0.0550   -9.9900
20115001 1998.291543 31.6670 64.1640  403  399.8137 17.9651 4.7823 36.5264 205.3780 -9.9900 0.0470   -9.9900
20115001 1998.291543 31.6670 64.1640  405  401.7960 17.9584 4.7815 36.5250 204.7300 -9.9900 0.0510   -9.9900
20115001 1998.291543 31.6670 64.1640  407  403.7782 17.9443 4.7798 36.5222 204.8510 -9.9900 0.0390   -9.9900
20115001 1998.291543 31.6670 64.1640  409  405.7604 17.9344 4.7787 36.5204 204.8590 -9.9900 0.0370   -9.9900
20115001 1998.291543 31.6670 64.1640  411  407.7426 17.9214 4.7771 36.5182 204.8570 -9.9900 0.0460   -9.9900
20115001 1998.291543 31.6670 64.1640  413  409.7248 17.9160 4.7766 36.5172 205.2860 -9.9900 0.0580   -9.9900
20115001 1998.291543 31.6670 64.1640  415  411.7070 17.9125 4.7762 36.5165 203.8690 -9.9900 0.0490   -9.9900
20115001 1998.291543 31.6670 64.1640  417  413.6891 17.9098 4.7759 36.5159 204.1970 -9.9900 0.0380   -9.9900
20115001 1998.291543 31.6670 64.1640  419  415.6712 17.8954 4.7742 36.5133 204.9780 -9.9900 0.0420   -9.9900
20115001 1998.291543 31.6670 64.1640  421  417.6533 17.8822 4.7727 36.5108 204.6000 -9.9900 0.0490   -9.9900
20115001 1998.291543 31.6670 64.1640  423  419.6354 17.8728 4.7716 36.5093 204.0480 -9.9900 0.0490   -9.9900
20115001 1998.291543 31.6670 64.1640  425  421.6174 17.8640 4.7706 36.5077 203.6820 -9.9900 0.0510   -9.9900
20115001 1998.291543 31.6670 64.1640  427  423.5995 17.8532 4.7693 36.5055 203.0190 -9.9900 0.0530   -9.9900
20115001 1998.291543 31.6670 64.1640  429  425.5815 17.8359 4.7672 36.5023 201.5770 -9.9900 0.0460   -9.9900
20115001 1998.291543 31.6670 64.1640  431  427.5635 17.8176 4.7650 36.4990 202.0460 -9.9900 0.0500   -9.9900
20115001 1998.291543 31.6670 64.1640  433  429.5455 17.8099 4.7641 36.4974 203.1640 -9.9900 0.0530   -9.9900
20115001 1998.291543 31.6670 64.1640  435  431.5275 17.7923 4.7620 36.4942 202.7460 -9.9900 0.0510   -9.9900
20115001 1998.291543 31.6670 64.1640  437  433.5094 17.7735 4.7597 36.4903 201.9450 -9.9900 0.0430   -9.9900
20115001 1998.291543 31.6670 64.1640  439  435.4913 17.7523 4.7572 36.4868 201.9020 -9.9900 0.0410   -9.9900
20115001 1998.291543 31.6670 64.1640  441  437.4732 17.7335 4.7548 36.4828 202.5320 -9.9900 0.0510   -9.9900
20115001 1998.291543 31.6670 64.1640  443  439.4551 17.7017 4.7509 36.4768 203.0140 -9.9900 0.0550   -9.9900
20115001 1998.291543 31.6670 64.1640  445  441.4370 17.6744 4.7476 36.4721 202.9060 -9.9900 0.0460   -9.9900
20115001 1998.291543 31.6670 64.1640  447  443.4188 17.6559 4.7454 36.4687 202.3670 -9.9900 0.0400   -9.9900
20115001 1998.291543 31.6670 64.1640  449  445.4007 17.6464 4.7443 36.4668 200.7880 -9.9900 0.0480   -9.9900
20115001 1998.291543 31.6670 64.1640  451  447.3825 17.6281 4.7421 36.4635 199.1710 -9.9900 0.0550   -9.9900
20115001 1998.291543 31.6670 64.1640  453  449.3643 17.6092 4.7398 36.4600 199.3830 -9.9900 0.0480   -9.9900
20115001 1998.291543 31.6670 64.1640  455  451.3461 17.5971 4.7384 36.4579 199.7960 -9.9900 0.0430   -9.9900
20115001 1998.291543 31.6670 64.1640  457  453.3278 17.5858 4.7371 36.4559 199.9810 -9.9900 0.0430   -9.9900
20115001 1998.291543 31.6670 64.1640  459  455.3095 17.5840 4.7370 36.4555 199.7340 -9.9900 0.0560   -9.9900
20115001 1998.291543 31.6670 64.1640  461  457.2913 17.5821 4.7368 36.4550 199.0100 -9.9900 0.0550   -9.9900
20115001 1998.291543 31.6670 64.1640  463  459.2730 17.5764 4.7361 36.4535 198.4680 -9.9900 0.0520   -9.9900
20115001 1998.291543 31.6670 64.1640  465  461.2546 17.5603 4.7342 36.4504 198.7570 -9.9900 0.0490   -9.9900
20115001 1998.291543 31.6670 64.1640  467  463.2363 17.5496 4.7330 36.4485 198.2940 -9.9900 0.0510   -9.9900
20115001 1998.291543 31.6670 64.1640  469  465.2179 17.5275 4.7303 36.4442 197.8110 -9.9900 0.0520   -9.9900
20115001 1998.291543 31.6670 64.1640  471  467.1996 17.5094 4.7281 36.4409 197.3520 -9.9900 0.0540   -9.9900
20115001 1998.291543 31.6670 64.1640  473  469.1812 17.4918 4.7260 36.4378 196.9770 -9.9900 0.0520   -9.9900
20115001 1998.291543 31.6670 64.1640  475  471.1628 17.4703 4.7234 36.4335 196.4770 -9.9900 0.0480   -9.9900
20115001 1998.291543 31.6670 64.1640  477  473.1443 17.4436 4.7201 36.4286 196.6430 -9.9900 0.0500   -9.9900
20115001 1998.291543 31.6670 64.1640  479  475.1259 17.4140 4.7166 36.4234 196.5090 -9.9900 0.0570   -9.9900
20115001 1998.291543 31.6670 64.1640  481  477.1074 17.3992 4.7148 36.4205 195.8860 -9.9900 0.0520   -9.9900
20115001 1998.291543 31.6670 64.1640  483  479.0889 17.3807 4.7125 36.4168 194.7220 -9.9900 0.0570   -9.9900
20115001 1998.291543 31.6670 64.1640  485  481.0704 17.3594 4.7099 36.4126 194.2470 -9.9900 0.0520   -9.9900
20115001 1998.291543 31.6670 64.1640  487  483.0519 17.3322 4.7066 36.4073 192.8040 -9.9900 0.0490   -9.9900
20115001 1998.291543 31.6670 64.1640  489  485.0333 17.3081 4.7037 36.4030 192.7490 -9.9900 0.0540   -9.9900
20115001 1998.291543 31.6670 64.1640  491  487.0147 17.2855 4.7010 36.3991 193.5360 -9.9900 0.0580   -9.9900
20115001 1998.291543 31.6670 64.1640  493  488.9962 17.2562 4.6974 36.3931 193.0960 -9.9900 0.0590   -9.9900
20115001 1998.291543 31.6670 64.1640  495  490.9775 17.2087 4.6916 36.3849 191.1460 -9.9900 0.0390   -9.9900
20115001 1998.291543 31.6670 64.1640  497  492.9589 17.1922 4.6896 36.3814 190.8980 -9.9900 0.0490   -9.9900
20115001 1998.291543 31.6670 64.1640  499  494.9403 17.1582 4.6855 36.3754 191.3870 -9.9900 0.0470   -9.9900
20115001 1998.291543 31.6670 64.1640  501  496.9216 17.1334 4.6825 36.3706 191.5520 -9.9900 0.0400   -9.9900
20115001 1998.291543 31.6670 64.1640  503  498.9029 17.1005 4.6785 36.3644 192.3190 -9.9900 0.0450   -9.9900
20115001 1998.291543 31.6670 64.1640  505  500.8842 17.0912 4.6774 36.3626 192.3000 -9.9900 0.0500   -9.9900
20115001 1998.291543 31.6670 64.1640  507  502.8655 17.0697 4.6748 36.3586 191.4030 -9.9900 0.0530   -9.9900
20115001 1998.291543 31.6670 64.1640  509  504.8468 17.0348 4.6706 36.3527 192.0220 -9.9900 0.0550   -9.9900
20115001 1998.291543 31.6670 64.1640  511  506.8280 17.0106 4.6677 36.3478 191.3820 -9.9900 0.0550   -9.9900
20115001 1998.291543 31.6670 64.1640  513  508.8092 16.9941 4.6657 36.3444 191.0070 -9.9900 0.0530   -9.9900
20115001 1998.291543 31.6670 64.1640  515  510.7904 16.9740 4.6632 36.3404 190.5670 -9.9900 0.0520   -9.9900
20115001 1998.291543 31.6670 64.1640  517  512.7716 16.9513 4.6605 36.3362 189.8720 -9.9900 0.0530   -9.9900
20115001 1998.291543 31.6670 64.1640  519  514.7528 16.9190 4.6566 36.3306 189.0560 -9.9900 0.0570   -9.9900
20115001 1998.291543 31.6670 64.1640  521  516.7339 16.9056 4.6550 36.3279 189.8890 -9.9900 0.0560   -9.9900
20115001 1998.291543 31.6670 64.1640  523  518.7151 16.8715 4.6510 36.3225 190.5120 -9.9900 0.0620   -9.9900
20115001 1998.291543 31.6670 64.1640  525  520.6962 16.8520 4.6488 36.3196 190.2100 -9.9900 0.0540   -9.9900
20115001 1998.291543 31.6670 64.1640  527  522.6773 16.8341 4.6466 36.3164 189.7070 -9.9900 0.0470   -9.9900
20115001 1998.291543 31.6670 64.1640  529  524.6583 16.8280 4.6460 36.3155 189.8870 -9.9900 0.0490   -9.9900
20115001 1998.291543 31.6670 64.1640  531  526.6394 16.8115 4.6441 36.3127 189.9650 -9.9900 0.0530   -9.9900
20115001 1998.291543 31.6670 64.1640  533  528.6204 16.7901 4.6416 36.3093 189.4040 -9.9900 0.0510   -9.9900
20115001 1998.291543 31.6670 64.1640  535  530.6014 16.7638 4.6384 36.3047 188.5030 -9.9900 0.0450   -9.9900
20115001 1998.291543 31.6670 64.1640  537  532.5824 16.7408 4.6357 36.3006 188.1290 -9.9900 0.0450   -9.9900
20115001 1998.291543 31.6670 64.1640  539  534.5634 16.7047 4.6313 36.2938 187.4320 -9.9900 0.0470   -9.9900
20115001 1998.291543 31.6670 64.1640  541  536.5444 16.6682 4.6270 36.2876 186.7060 -9.9900 0.0490   -9.9900
20115001 1998.291543 31.6670 64.1640  543  538.5253 16.6006 4.6189 36.2767 186.5440 -9.9900 0.0480   -9.9900
20115001 1998.291543 31.6670 64.1640  545  540.5062 16.5558 4.6135 36.2690 187.6140 -9.9900 0.0470   -9.9900
20115001 1998.291543 31.6670 64.1640  547  542.4871 16.5377 4.6113 36.2656 188.0700 -9.9900 0.0470   -9.9900
20115001 1998.291543 31.6670 64.1640  549  544.4680 16.5246 4.6098 36.2629 188.1880 -9.9900 0.0470   -9.9900
20115001 1998.291543 31.6670 64.1640  551  546.4489 16.5081 4.6078 36.2595 187.7130 -9.9900 0.0500   -9.9900
20115001 1998.291543 31.6670 64.1640  553  548.4297 16.4696 4.6031 36.2519 186.7110 -9.9900 0.0560   -9.9900
20115001 1998.291543 31.6670 64.1640  555  550.4105 16.3926 4.5938 36.2390 185.6500 -9.9900 0.0470   -9.9900
20115001 1998.291543 31.6670 64.1640  557  552.3913 16.3507 4.5889 36.2322 185.6470 -9.9900 0.0470   -9.9900
20115001 1998.291543 31.6670 64.1640  559  554.3721 16.3193 4.5851 36.2265 185.5110 -9.9900 0.0460   -9.9900
20115001 1998.291543 31.6670 64.1640  561  556.3529 16.2953 4.5822 36.2219 184.8040 -9.9900 0.0530   -9.9900
20115001 1998.291543 31.6670 64.1640  563  558.3337 16.2531 4.5771 36.2139 184.2120 -9.9900 0.0460   -9.9900
20115001 1998.291543 31.6670 64.1640  565  560.3144 16.1981 4.5706 36.2051 183.6380 -9.9900 0.0570   -9.9900
20115001 1998.291543 31.6670 64.1640  567  562.2951 16.1569 4.5657 36.1977 182.9520 -9.9900 0.0550   -9.9900
20115001 1998.291543 31.6670 64.1640  569  564.2758 16.0717 4.5553 36.1823 182.3870 -9.9900 0.0540   -9.9900
20115001 1998.291543 31.6670 64.1640  571  566.2565 15.9907 4.5456 36.1686 182.7470 -9.9900 0.0550   -9.9900
20115001 1998.291543 31.6670 64.1640  573  568.2371 15.9466 4.5403 36.1606 182.3590 -9.9900 0.0530   -9.9900
20115001 1998.291543 31.6670 64.1640  575  570.2177 15.9124 4.5363 36.1544 182.4430 -9.9900 0.0480   -9.9900
20115001 1998.291543 31.6670 64.1640  577  572.1984 15.9007 4.5349 36.1522 182.8070 -9.9900 0.0410   -9.9900
20115001 1998.291543 31.6670 64.1640  579  574.1790 15.8844 4.5330 36.1490 183.2020 -9.9900 0.0500   -9.9900
20115001 1998.291543 31.6670 64.1640  581  576.1595 15.8506 4.5289 36.1425 183.1170 -9.9900 0.0510   -9.9900
20115001 1998.291543 31.6670 64.1640  583  578.1401 15.7942 4.5223 36.1336 182.6110 -9.9900 0.0390   -9.9900
20115001 1998.291543 31.6670 64.1640  585  580.1206 15.7671 4.5191 36.1291 180.7140 -9.9900 0.0400   -9.9900
20115001 1998.291543 31.6670 64.1640  587  582.1012 15.7538 4.5175 36.1263 180.9020 -9.9900 0.0570   -9.9900
20115001 1998.291543 31.6670 64.1640  589  584.0817 15.7262 4.5141 36.1201 181.3610 -9.9900 0.0610   -9.9900
20115001 1998.291543 31.6670 64.1640  591  586.0621 15.6754 4.5082 36.1124 181.4280 -9.9900 0.0480   -9.9900
20115001 1998.291543 31.6670 64.1640  593  588.0426 15.6435 4.5045 36.1073 181.8280 -9.9900 0.0350   -9.9900
20115001 1998.291543 31.6670 64.1640  595  590.0231 15.6063 4.5001 36.1012 181.4450 -9.9900 0.0500   -9.9900
20115001 1998.291543 31.6670 64.1640  597  592.0035 15.5693 4.4958 36.0955 180.8480 -9.9900 0.0600   -9.9900
20115001 1998.291543 31.6670 64.1640  599  593.9839 15.5215 4.4902 36.0879 179.6530 -9.9900 0.0650   -9.9900
20115001 1998.291543 31.6670 64.1640  601  595.9643 15.4845 4.4859 36.0816 179.0850 -9.9900 0.0600   -9.9900
20115001 1998.291543 31.6670 64.1640  603  597.9446 15.4467 4.4814 36.0754 178.8190 -9.9900 0.0540   -9.9900
20115001 1998.291543 31.6670 64.1640  605  599.9250 15.3991 4.4759 36.0676 178.8850 -9.9900 0.0520   -9.9900
20115001 1998.291543 31.6670 64.1640  607  601.9053 15.3561 4.4708 36.0605 179.0180 -9.9900 0.0570   -9.9900
20115001 1998.291543 31.6670 64.1640  609  603.8856 15.3308 4.4679 36.0564 179.7300 -9.9900 0.0460   -9.9900
20115001 1998.291543 31.6670 64.1640  611  605.8659 15.3158 4.4662 36.0538 180.1940 -9.9900 0.0430   -9.9900
20115001 1998.291543 31.6670 64.1640  613  607.8462 15.2999 4.4643 36.0509 179.8560 -9.9900 0.0510   -9.9900
20115001 1998.291543 31.6670 64.1640  615  609.8265 15.2668 4.4604 36.0448 179.0450 -9.9900 0.0580   -9.9900
20115001 1998.291543 31.6670 64.1640  617  611.8067 15.2018 4.4528 36.0345 178.7380 -9.9900 0.0550   -9.9900
20115001 1998.291543 31.6670 64.1640  619  613.7869 15.1570 4.4476 36.0277 177.8870 -9.9900 0.0530   -9.9900
20115001 1998.291543 31.6670 64.1640  621  615.7671 15.1209 4.4434 36.0218 176.9540 -9.9900 0.0550   -9.9900
20115001 1998.291543 31.6670 64.1640  623  617.7473 15.0847 4.4391 36.0152 177.0190 -9.9900 0.0660   -9.9900
20115001 1998.291543 31.6670 64.1640  625  619.7275 15.0367 4.4335 36.0072 176.2650 -9.9900 0.0630   -9.9900
20115001 1998.291543 31.6670 64.1640  627  621.7076 14.9783 4.4267 35.9981 175.7870 -9.9900 0.0460   -9.9900
20115001 1998.291543 31.6670 64.1640  629  623.6877 14.9709 4.4259 35.9966 175.8040 -9.9900 0.0440   -9.9900
20115001 1998.291543 31.6670 64.1640  631  625.6678 14.9511 4.4236 35.9928 175.2680 -9.9900 0.0490   -9.9900
20115001 1998.291543 31.6670 64.1640  633  627.6479 14.8627 4.4132 35.9782 174.0140 -9.9900 0.0590   -9.9900
20115001 1998.291543 31.6670 64.1640  635  629.6280 14.7933 4.4051 35.9678 173.5920 -9.9900 0.0580   -9.9900
20115001 1998.291543 31.6670 64.1640  637  631.6080 14.7513 4.4002 35.9601 172.6410 -9.9900 0.0530   -9.9900
20115001 1998.291543 31.6670 64.1640  639  633.5881 14.6969 4.3938 35.9511 171.9690 -9.9900 0.0490   -9.9900
20115001 1998.291543 31.6670 64.1640  641  635.5681 14.6341 4.3865 35.9406 170.7860 -9.9900 0.0540   -9.9900
20115001 1998.291543 31.6670 64.1640  643  637.5481 14.5719 4.3793 35.9311 169.3880 -9.9900 0.0530   -9.9900
20115001 1998.291543 31.6670 64.1640  645  639.5280 14.5172 4.3730 35.9229 169.2980 -9.9900 0.0430   -9.9900
20115001 1998.291543 31.6670 64.1640  647  641.5080 14.4582 4.3662 35.9136 168.9900 -9.9900 0.0570   -9.9900
20115001 1998.291543 31.6670 64.1640  649  643.4879 14.4212 4.3619 35.9080 168.7630 -9.9900 0.0510   -9.9900
20115001 1998.291543 31.6670 64.1640  651  645.4678 14.3897 4.3583 35.9028 168.9490 -9.9900 0.0530   -9.9900
20115001 1998.291543 31.6670 64.1640  653  647.4477 14.3807 4.3574 35.9016 169.3510 -9.9900 0.0550   -9.9900
20115001 1998.291543 31.6670 64.1640  655  649.4276 14.3682 4.3560 35.8992 169.8400 -9.9900 0.0590   -9.9900
20115001 1998.291543 31.6670 64.1640  657  651.4075 14.3451 4.3533 35.8953 169.5090 -9.9900 0.0640   -9.9900
20115001 1998.291543 31.6670 64.1640  659  653.3873 14.3082 4.3491 35.8897 169.0450 -9.9900 0.0590   -9.9900
20115001 1998.291543 31.6670 64.1640  661  655.3671 14.2702 4.3448 35.8841 168.7780 -9.9900 0.0490   -9.9900
20115001 1998.291543 31.6670 64.1640  663  657.3469 14.2461 4.3421 35.8806 168.8800 -9.9900 0.0490   -9.9900
20115001 1998.291543 31.6670 64.1640  665  659.3267 14.2167 4.3387 35.8755 168.7500 -9.9900 0.0530   -9.9900
20115001 1998.291543 31.6670 64.1640  667  661.3065 14.1781 4.3343 35.8700 167.5910 -9.9900 0.0530   -9.9900
20115001 1998.291543 31.6670 64.1640  669  663.2862 14.1302 4.3288 35.8621 167.2410 -9.9900 0.0500   -9.9900
20115001 1998.291543 31.6670 64.1640  671  665.2660 14.0754 4.3225 35.8534 167.4840 -9.9900 0.0560   -9.9900
20115001 1998.291543 31.6670 64.1640  673  667.2457 14.0231 4.3165 35.8451 167.3520 -9.9900 0.0610   -9.9900
20115001 1998.291543 31.6670 64.1640  675  669.2254 13.9752 4.3110 35.8374 167.2480 -9.9900 0.0630   -9.9900
20115001 1998.291543 31.6670 64.1640  677  671.2050 13.9286 4.3057 35.8308 167.2640 -9.9900 0.0650   -9.9900
20115001 1998.291543 31.6670 64.1640  679  673.1847 13.9147 4.3042 35.8286 166.5750 -9.9900 0.0620   -9.9900
20115001 1998.291543 31.6670 64.1640  681  675.1643 13.8499 4.2968 35.8190 166.3740 -9.9900 0.0540   -9.9900
20115001 1998.291543 31.6670 64.1640  683  677.1439 13.8317 4.2947 35.8161 166.2650 -9.9900 0.0530   -9.9900
20115001 1998.291543 31.6670 64.1640  685  679.1235 13.7779 4.2886 35.8080 165.9130 -9.9900 0.0480   -9.9900
20115001 1998.291543 31.6670 64.1640  687  681.1031 13.7194 4.2820 35.7991 165.1620 -9.9900 0.0510   -9.9900
20115001 1998.291543 31.6670 64.1640  689  683.0827 13.6949 4.2792 35.7953 164.7970 -9.9900 0.0540   -9.9900
20115001 1998.291543 31.6670 64.1640  691  685.0622 13.6633 4.2756 35.7902 164.5560 -9.9900 0.0520   -9.9900
20115001 1998.291543 31.6670 64.1640  693  687.0417 13.6309 4.2719 35.7849 164.1760 -9.9900 0.0550   -9.9900
20115001 1998.291543 31.6670 64.1640  695  689.0212 13.6027 4.2687 35.7798 163.5070 -9.9900 0.0520   -9.9900
20115001 1998.291543 31.6670 64.1640  697  691.0007 13.5750 4.2655 35.7747 162.5820 -9.9900 0.0540   -9.9900
20115001 1998.291543 31.6670 64.1640  699  692.9802 13.5211 4.2592 35.7653 161.7650 -9.9900 0.0570   -9.9900
20115001 1998.291543 31.6670 64.1640  701  694.9596 13.4624 4.2526 35.7572 161.2640 -9.9900 0.0620   -9.9900
20115001 1998.291543 31.6670 64.1640  703  696.9390 13.4038 4.2460 35.7490 160.9270 -9.9900 0.0620   -9.9900
20115001 1998.291543 31.6670 64.1640  705  698.9184 13.3736 4.2427 35.7445 160.7900 -9.9900 0.0590   -9.9900
20115001 1998.291543 31.6670 64.1640  707  700.8978 13.3133 4.2359 35.7356 160.5140 -9.9900 0.0520   -9.9900
