20137001 2000.160771 32.2490 64.5360    6    5.9580 19.9193 4.9913 36.7092 220.5000 -9.9900 0.1500   -9.9900
20137001 2000.160771 32.2490 64.5360    8    7.9440 19.9150 4.9909 36.7090 220.2600 -9.9900 0.1540   -9.9900
20137001 2000.160771 32.2490 64.5360   10    9.9299 19.9030 4.9897 36.7090 220.1600 -9.9900 0.1630   -9.9900
20137001 2000.160771 32.2490 64.5360   12   11.9158 19.8975 4.9892 36.7094 220.1900 -9.9900 0.1640   -9.9900
20137001 2000.160771 32.2490 64.5360   14   13.9017 19.8868 4.9883 36.7099 220.4800 -9.9900 0.1780   -9.9900
20137001 2000.160771 32.2490 64.5360   16   15.8876 19.8886 4.9886 36.7100 220.1900 -9.9900 0.1870   -9.9900
20137001 2000.160771 32.2490 64.5360   18   17.8735 19.8861 4.9884 36.7101 219.9400 -9.9900 0.2030   -9.9900
20137001 2000.160771 32.2490 64.5360   20   19.8593 19.8809 4.9880 36.7103 220.5000 -9.9900 0.2100   -9.9900
20137001 2000.160771 32.2490 64.5360   22   21.8451 19.8786 4.9878 36.7104 221.0000 -9.9900 0.2170   -9.9900
20137001 2000.160771 32.2490 64.5360   24   23.8309 19.8781 4.9879 36.7104 220.6600 -9.9900 0.2230   -9.9900
20137001 2000.160771 32.2490 64.5360   26   25.8167 19.8783 4.9880 36.7105 220.7100 -9.9900 0.2390   -9.9900
20137001 2000.160771 32.2490 64.5360   28   27.8025 19.8773 4.9880 36.7106 220.8900 -9.9900 0.2540   -9.9900
20137001 2000.160771 32.2490 64.5360   30   29.7882 19.8696 4.9873 36.7108 220.0400 -9.9900 0.2560   -9.9900
20137001 2000.160771 32.2490 64.5360   32   31.7740 19.8685 4.9873 36.7116 219.1300 -9.9900 0.2840   -9.9900
20137001 2000.160771 32.2490 64.5360   34   33.7597 19.8689 4.9875 36.7118 219.5400 -9.9900 0.2860   -9.9900
20137001 2000.160771 32.2490 64.5360   36   35.7454 19.8652 4.9872 36.7116 220.0500 -9.9900 0.2850   -9.9900
20137001 2000.160771 32.2490 64.5360   38   37.7310 19.8553 4.9861 36.7109 219.3000 -9.9900 0.2990   -9.9900
20137001 2000.160771 32.2490 64.5360   40   39.7167 19.8531 4.9859 36.7103 219.7800 -9.9900 0.2980   -9.9900
20137001 2000.160771 32.2490 64.5360   42   41.7023 19.8506 4.9857 36.7100 219.2600 -9.9900 0.3030   -9.9900
20137002 2000.164176 31.5710 64.2840    6    5.9583 19.3144 4.9191 36.6403 220.5700 -9.9900 -9.9900   -9.9900
20137002 2000.164176 31.5710 64.2840    8    7.9444 19.3152 4.9193 36.6402 220.8000 -9.9900 -9.9900   -9.9900
20137002 2000.164176 31.5710 64.2840   10    9.9305 19.3219 4.9202 36.6414 220.3900 -9.9900 -9.9900   -9.9900
20137002 2000.164176 31.5710 64.2840   12   11.9165 19.3184 4.9198 36.6405 220.8800 -9.9900 -9.9900   -9.9900
20137002 2000.164176 31.5710 64.2840   14   13.9025 19.3155 4.9195 36.6397 221.2500 -9.9900 -9.9900   -9.9900
20137002 2000.164176 31.5710 64.2840   16   15.8885 19.3122 4.9191 36.6386 220.7500 -9.9900 -9.9900   -9.9900
20137002 2000.164176 31.5710 64.2840   18   17.8745 19.3109 4.9190 36.6381 220.9500 -9.9900 -9.9900   -9.9900
20137002 2000.164176 31.5710 64.2840   20   19.8604 19.3131 4.9194 36.6385 221.6600 -9.9900 -9.9900   -9.9900
20137002 2000.164176 31.5710 64.2840   22   21.8464 19.3152 4.9197 36.6387 221.8500 -9.9900 -9.9900   -9.9900
20137002 2000.164176 31.5710 64.2840   24   23.8323 19.3137 4.9196 36.6381 222.1200 -9.9900 -9.9900   -9.9900
20137002 2000.164176 31.5710 64.2840   26   25.8182 19.3111 4.9194 36.6379 222.2800 -9.9900 -9.9900   -9.9900
20137002 2000.164176 31.5710 64.2840   28   27.8040 19.3125 4.9196 36.6379 221.9300 -9.9900 -9.9900   -9.9900
20137002 2000.164176 31.5710 64.2840   30   29.7899 19.3141 4.9200 36.6384 223.8900 -9.9900 -9.9900   -9.9900
20137002 2000.164176 31.5710 64.2840   32   31.7757 19.3098 4.9195 36.6374 223.3000 -9.9900 -9.9900   -9.9900
20137002 2000.164176 31.5710 64.2840   34   33.7616 19.3075 4.9192 36.6363 222.1900 -9.9900 -9.9900   -9.9900
20137002 2000.164176 31.5710 64.2840   36   35.7474 19.3095 4.9196 36.6368 222.2500 -9.9900 -9.9900   -9.9900
20137002 2000.164176 31.5710 64.2840   38   37.7332 19.3088 4.9195 36.6366 222.0400 -9.9900 -9.9900   -9.9900
20137002 2000.164176 31.5710 64.2840   40   39.7189 19.3087 4.9196 36.6365 221.7500 -9.9900 -9.9900   -9.9900
20137002 2000.164176 31.5710 64.2840   42   41.7047 19.3102 4.9199 36.6369 221.6400 -9.9900 -9.9900   -9.9900
20137002 2000.164176 31.5710 64.2840   44   43.6904 19.3096 4.9199 36.6368 221.4400 -9.9900 -9.9900   -9.9900
20137002 2000.164176 31.5710 64.2840   46   45.6761 19.2952 4.9180 36.6328 221.2100 -9.9900 -9.9900   -9.9900
20137002 2000.164176 31.5710 64.2840   48   47.6618 19.2853 4.9167 36.6300 221.3000 -9.9900 -9.9900   -9.9900
20137002 2000.164176 31.5710 64.2840   50   49.6474 19.2874 4.9171 36.6303 221.1900 -9.9900 -9.9900   -9.9900
20137002 2000.164176 31.5710 64.2840   52   51.6331 19.2914 4.9177 36.6312 220.9900 -9.9900 -9.9900   -9.9900
20137002 2000.164176 31.5710 64.2840   54   53.6187 19.2913 4.9178 36.6313 221.1100 -9.9900 -9.9900   -9.9900
20137002 2000.164176 31.5710 64.2840   56   55.6043 19.2848 4.9170 36.6296 221.6000 -9.9900 -9.9900   -9.9900
20137002 2000.164176 31.5710 64.2840   58   57.5899 19.2888 4.9176 36.6302 221.2200 -9.9900 -9.9900   -9.9900
20137002 2000.164176 31.5710 64.2840   60   59.5755 19.2874 4.9175 36.6301 220.8500 -9.9900 -9.9900   -9.9900
20137002 2000.164176 31.5710 64.2840   62   61.5610 19.2889 4.9178 36.6305 220.1300 -9.9900 -9.9900   -9.9900
20137002 2000.164176 31.5710 64.2840   64   63.5466 19.2869 4.9176 36.6299 220.2100 -9.9900 -9.9900   -9.9900
20137002 2000.164176 31.5710 64.2840   66   65.5321 19.2844 4.9174 36.6291 220.8700 -9.9900 -9.9900   -9.9900
20137002 2000.164176 31.5710 64.2840   68   67.5176 19.2814 4.9170 36.6284 220.7800 -9.9900 -9.9900   -9.9900
20137002 2000.164176 31.5710 64.2840   70   69.5030 19.2853 4.9177 36.6293 220.9600 -9.9900 -9.9900   -9.9900
20137002 2000.164176 31.5710 64.2840   72   71.4885 19.2889 4.9182 36.6301 220.8000 -9.9900 -9.9900   -9.9900
20137002 2000.164176 31.5710 64.2840   74   73.4739 19.2928 4.9188 36.6311 220.7900 -9.9900 -9.9900   -9.9900
20137002 2000.164176 31.5710 64.2840   76   75.4593 19.2975 4.9196 36.6326 221.5700 -9.9900 -9.9900   -9.9900
20137002 2000.164176 31.5710 64.2840   78   77.4447 19.2972 4.9196 36.6325 222.0100 -9.9900 -9.9900   -9.9900
20137002 2000.164176 31.5710 64.2840   80   79.4301 19.2941 4.9193 36.6313 221.3400 -9.9900 -9.9900   -9.9900
20137002 2000.164176 31.5710 64.2840   82   81.4155 19.2952 4.9195 36.6313 220.6600 -9.9900 -9.9900   -9.9900
20137002 2000.164176 31.5710 64.2840   84   83.4008 19.2960 4.9197 36.6315 220.4400 -9.9900 -9.9900   -9.9900
20137002 2000.164176 31.5710 64.2840   86   85.3861 19.2955 4.9197 36.6312 221.5900 -9.9900 -9.9900   -9.9900
20137002 2000.164176 31.5710 64.2840   88   87.3714 19.2947 4.9196 36.6309 221.8900 -9.9900 -9.9900   -9.9900
20137002 2000.164176 31.5710 64.2840   90   89.3567 19.2951 4.9198 36.6312 221.6500 -9.9900 -9.9900   -9.9900
20137002 2000.164176 31.5710 64.2840   92   91.3420 19.2945 4.9198 36.6308 221.3200 -9.9900 -9.9900   -9.9900
20137002 2000.164176 31.5710 64.2840   94   93.3272 19.2944 4.9199 36.6308 221.2500 -9.9900 -9.9900   -9.9900
20137002 2000.164176 31.5710 64.2840   96   95.3124 19.2933 4.9198 36.6300 221.4600 -9.9900 -9.9900   -9.9900
20137002 2000.164176 31.5710 64.2840   98   97.2976 19.2945 4.9200 36.6301 221.6500 -9.9900 -9.9900   -9.9900
20137002 2000.164176 31.5710 64.2840  100   99.2828 19.2950 4.9201 36.6301 221.7500 -9.9900 -9.9900   -9.9900
20137002 2000.164176 31.5710 64.2840  102  101.2680 19.2937 4.9200 36.6298 221.6900 -9.9900 -9.9900   -9.9900
20137002 2000.164176 31.5710 64.2840  104  103.2531 19.2932 4.9201 36.6298 221.3800 -9.9900 -9.9900   -9.9900
20137002 2000.164176 31.5710 64.2840  106  105.2383 19.2914 4.9199 36.6291 220.3700 -9.9900 -9.9900   -9.9900
20137002 2000.164176 31.5710 64.2840  108  107.2234 19.2891 4.9197 36.6284 220.5800 -9.9900 -9.9900   -9.9900
20137002 2000.164176 31.5710 64.2840  110  109.2085 19.2859 4.9193 36.6277 220.8400 -9.9900 -9.9900   -9.9900
20137002 2000.164176 31.5710 64.2840  112  111.1935 19.2900 4.9200 36.6289 220.7200 -9.9900 -9.9900   -9.9900
20137002 2000.164176 31.5710 64.2840  114  113.1786 19.2985 4.9213 36.6312 220.7300 -9.9900 -9.9900   -9.9900
20137002 2000.164176 31.5710 64.2840  116  115.1636 19.3015 4.9217 36.6319 220.9100 -9.9900 -9.9900   -9.9900
20137002 2000.164176 31.5710 64.2840  118  117.1486 19.3033 4.9220 36.6321 221.2000 -9.9900 -9.9900   -9.9900
20137002 2000.164176 31.5710 64.2840  120  119.1336 19.3016 4.9219 36.6316 221.7700 -9.9900 -9.9900   -9.9900
20137002 2000.164176 31.5710 64.2840  122  121.1186 19.3004 4.9219 36.6316 221.7200 -9.9900 -9.9900   -9.9900
20137002 2000.164176 31.5710 64.2840  124  123.1036 19.3010 4.9220 36.6317 221.5600 -9.9900 -9.9900   -9.9900
20137002 2000.164176 31.5710 64.2840  126  125.0885 19.3030 4.9224 36.6320 221.5000 -9.9900 -9.9900   -9.9900
20137002 2000.164176 31.5710 64.2840  128  127.0734 19.3038 4.9225 36.6321 221.4800 -9.9900 -9.9900   -9.9900
20137002 2000.164176 31.5710 64.2840  130  129.0583 19.3040 4.9227 36.6321 221.3400 -9.9900 -9.9900   -9.9900
20137002 2000.164176 31.5710 64.2840  132  131.0432 19.3044 4.9228 36.6320 221.0300 -9.9900 -9.9900   -9.9900
20137002 2000.164176 31.5710 64.2840  134  133.0280 19.3062 4.9231 36.6321 220.7400 -9.9900 -9.9900   -9.9900
20137002 2000.164176 31.5710 64.2840  136  135.0129 19.3087 4.9234 36.6323 220.8700 -9.9900 -9.9900   -9.9900
20137002 2000.164176 31.5710 64.2840  138  136.9977 19.3047 4.9230 36.6314 221.2700 -9.9900 -9.9900   -9.9900
20137002 2000.164176 31.5710 64.2840  140  138.9825 19.2970 4.9221 36.6300 220.4100 -9.9900 -9.9900   -9.9900
20137002 2000.164176 31.5710 64.2840  142  140.9673 19.2966 4.9221 36.6297 219.7900 -9.9900 -9.9900   -9.9900
20137002 2000.164176 31.5710 64.2840  144  142.9520 19.2900 4.9213 36.6277 220.0900 -9.9900 -9.9900   -9.9900
20137002 2000.164176 31.5710 64.2840  146  144.9368 19.2864 4.9209 36.6269 221.5100 -9.9900 -9.9900   -9.9900
20137002 2000.164176 31.5710 64.2840  148  146.9215 19.2903 4.9215 36.6277 220.5500 -9.9900 -9.9900   -9.9900
20137002 2000.164176 31.5710 64.2840  150  148.9062 19.2931 4.9220 36.6283 220.1900 -9.9900 -9.9900   -9.9900
20137002 2000.164176 31.5710 64.2840  152  150.8909 19.2844 4.9209 36.6264 220.5700 -9.9900 -9.9900   -9.9900
20137002 2000.164176 31.5710 64.2840  154  152.8756 19.2828 4.9208 36.6259 221.2100 -9.9900 -9.9900   -9.9900
20137002 2000.164176 31.5710 64.2840  156  154.8602 19.2738 4.9197 36.6238 221.0900 -9.9900 -9.9900   -9.9900
20137002 2000.164176 31.5710 64.2840  158  156.8448 19.2613 4.9181 36.6208 220.5000 -9.9900 -9.9900   -9.9900
20137002 2000.164176 31.5710 64.2840  160  158.8294 19.2536 4.9171 36.6188 218.8900 -9.9900 -9.9900   -9.9900
20137002 2000.164176 31.5710 64.2840  162  160.8140 19.2534 4.9172 36.6185 217.7400 -9.9900 -9.9900   -9.9900
20137002 2000.164176 31.5710 64.2840  164  162.7986 19.2533 4.9172 36.6181 217.6600 -9.9900 -9.9900   -9.9900
20137002 2000.164176 31.5710 64.2840  166  164.7832 19.2529 4.9172 36.6179 217.9700 -9.9900 -9.9900   -9.9900
20137002 2000.164176 31.5710 64.2840  168  166.7677 19.2536 4.9174 36.6181 217.2700 -9.9900 -9.9900   -9.9900
20137002 2000.164176 31.5710 64.2840  170  168.7522 19.2623 4.9187 36.6204 215.7900 -9.9900 -9.9900   -9.9900
20137002 2000.164176 31.5710 64.2840  172  170.7367 19.2544 4.9177 36.6183 215.3000 -9.9900 -9.9900   -9.9900
20137002 2000.164176 31.5710 64.2840  174  172.7212 19.2522 4.9174 36.6175 215.0000 -9.9900 -9.9900   -9.9900
20137002 2000.164176 31.5710 64.2840  176  174.7056 19.2543 4.9178 36.6178 216.5700 -9.9900 -9.9900   -9.9900
20137002 2000.164176 31.5710 64.2840  178  176.6901 19.2526 4.9177 36.6176 217.7800 -9.9900 -9.9900   -9.9900
20137002 2000.164176 31.5710 64.2840  180  178.6745 19.2471 4.9171 36.6166 217.2900 -9.9900 -9.9900   -9.9900
20137002 2000.164176 31.5710 64.2840  182  180.6589 19.2461 4.9170 36.6163 215.8900 -9.9900 -9.9900   -9.9900
20137002 2000.164176 31.5710 64.2840  184  182.6433 19.2441 4.9168 36.6157 214.0100 -9.9900 -9.9900   -9.9900
20137002 2000.164176 31.5710 64.2840  186  184.6276 19.2396 4.9163 36.6148 214.1400 -9.9900 -9.9900   -9.9900
20137002 2000.164176 31.5710 64.2840  188  186.6120 19.2392 4.9163 36.6145 214.1400 -9.9900 -9.9900   -9.9900
20137002 2000.164176 31.5710 64.2840  190  188.5963 19.2379 4.9163 36.6142 213.5200 -9.9900 -9.9900   -9.9900
20137002 2000.164176 31.5710 64.2840  192  190.5806 19.2381 4.9164 36.6142 213.1700 -9.9900 -9.9900   -9.9900
20137002 2000.164176 31.5710 64.2840  194  192.5649 19.2360 4.9162 36.6137 213.0900 -9.9900 -9.9900   -9.9900
20137002 2000.164176 31.5710 64.2840  196  194.5491 19.2343 4.9160 36.6133 212.7300 -9.9900 -9.9900   -9.9900
20137002 2000.164176 31.5710 64.2840  198  196.5334 19.2340 4.9161 36.6130 212.7500 -9.9900 -9.9900   -9.9900
20137002 2000.164176 31.5710 64.2840  200  198.5176 19.2335 4.9161 36.6129 213.0200 -9.9900 -9.9900   -9.9900
20137002 2000.164176 31.5710 64.2840  202  200.5018 19.2299 4.9157 36.6120 212.9000 -9.9900 -9.9900   -9.9900
20137002 2000.164176 31.5710 64.2840  204  202.4860 19.2195 4.9144 36.6096 211.9800 -9.9900 -9.9900   -9.9900
20137002 2000.164176 31.5710 64.2840  206  204.4702 19.2112 4.9134 36.6080 210.6300 -9.9900 -9.9900   -9.9900
20137002 2000.164176 31.5710 64.2840  208  206.4543 19.2103 4.9134 36.6079 211.1400 -9.9900 -9.9900   -9.9900
20137002 2000.164176 31.5710 64.2840  210  208.4384 19.2091 4.9134 36.6079 211.2900 -9.9900 -9.9900   -9.9900
20137002 2000.164176 31.5710 64.2840  212  210.4225 19.2037 4.9128 36.6073 210.4300 -9.9900 -9.9900   -9.9900
20137002 2000.164176 31.5710 64.2840  214  212.4066 19.1673 4.9085 36.6020 208.7100 -9.9900 -9.9900   -9.9900
20137002 2000.164176 31.5710 64.2840  216  214.3907 19.1307 4.9041 36.5965 207.3800 -9.9900 -9.9900   -9.9900
20137002 2000.164176 31.5710 64.2840  218  216.3748 19.1161 4.9025 36.5958 206.8300 -9.9900 -9.9900   -9.9900
20137002 2000.164176 31.5710 64.2840  220  218.3588 19.1145 4.9024 36.5956 205.9700 -9.9900 -9.9900   -9.9900
20137002 2000.164176 31.5710 64.2840  222  220.3428 19.1094 4.9019 36.5950 206.0100 -9.9900 -9.9900   -9.9900
20137002 2000.164176 31.5710 64.2840  224  222.3268 19.1033 4.9013 36.5942 206.1500 -9.9900 -9.9900   -9.9900
20137002 2000.164176 31.5710 64.2840  226  224.3108 19.0979 4.9007 36.5933 206.6200 -9.9900 -9.9900   -9.9900
20137002 2000.164176 31.5710 64.2840  228  226.2947 19.0848 4.8993 36.5925 205.6400 -9.9900 -9.9900   -9.9900
20137002 2000.164176 31.5710 64.2840  230  228.2787 19.0748 4.8983 36.5926 205.1700 -9.9900 -9.9900   -9.9900
20137002 2000.164176 31.5710 64.2840  232  230.2626 19.0627 4.8971 36.5923 205.6000 -9.9900 -9.9900   -9.9900
20137002 2000.164176 31.5710 64.2840  234  232.2465 19.0556 4.8965 36.5922 206.2300 -9.9900 -9.9900   -9.9900
20137002 2000.164176 31.5710 64.2840  236  234.2304 19.0535 4.8964 36.5924 205.6200 -9.9900 -9.9900   -9.9900
20137002 2000.164176 31.5710 64.2840  238  236.2142 19.0380 4.8947 36.5918 204.6600 -9.9900 -9.9900   -9.9900
20137002 2000.164176 31.5710 64.2840  240  238.1981 19.0300 4.8938 36.5905 203.8100 -9.9900 -9.9900   -9.9900
20137002 2000.164176 31.5710 64.2840  242  240.1819 19.0129 4.8919 36.5881 203.5500 -9.9900 -9.9900   -9.9900
20137002 2000.164176 31.5710 64.2840  244  242.1657 18.9912 4.8895 36.5864 204.2400 -9.9900 -9.9900   -9.9900
20137002 2000.164176 31.5710 64.2840  246  244.1495 18.9832 4.8888 36.5871 204.0800 -9.9900 -9.9900   -9.9900
20137002 2000.164176 31.5710 64.2840  248  246.1332 18.9559 4.8857 36.5842 202.5500 -9.9900 -9.9900   -9.9900
20137002 2000.164176 31.5710 64.2840  250  248.1170 18.9269 4.8823 36.5803 201.5200 -9.9900 -9.9900   -9.9900
20137002 2000.164176 31.5710 64.2840  252  250.1007 18.9048 4.8797 36.5776 200.3600 -9.9900 -9.9900   -9.9900
20137002 2000.164176 31.5710 64.2840  254  252.0844 18.8729 4.8761 36.5743 197.9900 -9.9900 -9.9900   -9.9900
20137002 2000.164176 31.5710 64.2840  256  254.0681 18.8279 4.8710 36.5701 197.2000 -9.9900 -9.9900   -9.9900
20137002 2000.164176 31.5710 64.2840  258  256.0518 18.8041 4.8684 36.5685 196.9100 -9.9900 -9.9900   -9.9900
20137002 2000.164176 31.5710 64.2840  260  258.0354 18.7806 4.8658 36.5671 196.6000 -9.9900 -9.9900   -9.9900
20137002 2000.164176 31.5710 64.2840  262  260.0191 18.7661 4.8643 36.5663 196.1300 -9.9900 -9.9900   -9.9900
20137002 2000.164176 31.5710 64.2840  264  262.0027 18.7452 4.8621 36.5653 195.7800 -9.9900 -9.9900   -9.9900
20137002 2000.164176 31.5710 64.2840  266  263.9863 18.7329 4.8608 36.5650 195.8000 -9.9900 -9.9900   -9.9900
20137002 2000.164176 31.5710 64.2840  268  265.9698 18.7203 4.8596 36.5648 194.8400 -9.9900 -9.9900   -9.9900
20137002 2000.164176 31.5710 64.2840  270  267.9534 18.7068 4.8582 36.5645 193.8000 -9.9900 -9.9900   -9.9900
20137002 2000.164176 31.5710 64.2840  272  269.9369 18.6983 4.8574 36.5642 193.1900 -9.9900 -9.9900   -9.9900
20137002 2000.164176 31.5710 64.2840  274  271.9204 18.6877 4.8563 36.5639 192.8400 -9.9900 -9.9900   -9.9900
20137002 2000.164176 31.5710 64.2840  276  273.9039 18.6807 4.8557 36.5639 192.8400 -9.9900 -9.9900   -9.9900
20137002 2000.164176 31.5710 64.2840  278  275.8874 18.6764 4.8553 36.5637 192.7500 -9.9900 -9.9900   -9.9900
20137002 2000.164176 31.5710 64.2840  280  277.8709 18.6672 4.8544 36.5633 192.3100 -9.9900 -9.9900   -9.9900
20137002 2000.164176 31.5710 64.2840  282  279.8543 18.6451 4.8521 36.5623 192.2500 -9.9900 -9.9900   -9.9900
20137002 2000.164176 31.5710 64.2840  284  281.8377 18.6149 4.8488 36.5605 191.4600 -9.9900 -9.9900   -9.9900
20137002 2000.164176 31.5710 64.2840  286  283.8211 18.6045 4.8477 36.5601 191.1800 -9.9900 -9.9900   -9.9900
20137002 2000.164176 31.5710 64.2840  288  285.8045 18.6053 4.8479 36.5602 190.9800 -9.9900 -9.9900   -9.9900
20137002 2000.164176 31.5710 64.2840  290  287.7879 18.6005 4.8475 36.5600 190.1900 -9.9900 -9.9900   -9.9900
20137002 2000.164176 31.5710 64.2840  292  289.7712 18.5924 4.8467 36.5595 190.6700 -9.9900 -9.9900   -9.9900
20137002 2000.164176 31.5710 64.2840  294  291.7546 18.5724 4.8446 36.5593 191.0600 -9.9900 -9.9900   -9.9900
20137002 2000.164176 31.5710 64.2840  296  293.7379 18.5461 4.8419 36.5584 189.9900 -9.9900 -9.9900   -9.9900
20137002 2000.164176 31.5710 64.2840  298  295.7211 18.5126 4.8382 36.5566 190.0100 -9.9900 -9.9900   -9.9900
20137002 2000.164176 31.5710 64.2840  300  297.7044 18.4982 4.8367 36.5555 189.8600 -9.9900 -9.9900   -9.9900
20137002 2000.164176 31.5710 64.2840  302  299.6877 18.4901 4.8359 36.5551 189.7900 -9.9900 -9.9900   -9.9900
20137002 2000.164176 31.5710 64.2840  304  301.6709 18.4816 4.8351 36.5548 190.1600 -9.9900 -9.9900   -9.9900
20137002 2000.164176 31.5710 64.2840  306  303.6541 18.4741 4.8344 36.5547 190.4000 -9.9900 -9.9900   -9.9900
20137002 2000.164176 31.5710 64.2840  308  305.6373 18.4584 4.8327 36.5541 190.2200 -9.9900 -9.9900   -9.9900
20137002 2000.164176 31.5710 64.2840  310  307.6205 18.4547 4.8324 36.5542 191.0100 -9.9900 -9.9900   -9.9900
20137002 2000.164176 31.5710 64.2840  312  309.6036 18.4535 4.8324 36.5545 191.3000 -9.9900 -9.9900   -9.9900
20137002 2000.164176 31.5710 64.2840  314  311.5868 18.4515 4.8324 36.5549 190.7700 -9.9900 -9.9900   -9.9900
20137002 2000.164176 31.5710 64.2840  316  313.5699 18.4485 4.8322 36.5550 190.3800 -9.9900 -9.9900   -9.9900
20137002 2000.164176 31.5710 64.2840  318  315.5530 18.4438 4.8318 36.5553 190.4200 -9.9900 -9.9900   -9.9900
20137002 2000.164176 31.5710 64.2840  320  317.5360 18.4332 4.8309 36.5561 191.2000 -9.9900 -9.9900   -9.9900
20137002 2000.164176 31.5710 64.2840  322  319.5191 18.4245 4.8301 36.5564 191.2400 -9.9900 -9.9900   -9.9900
20137002 2000.164176 31.5710 64.2840  324  321.5021 18.4110 4.8286 36.5548 191.3800 -9.9900 -9.9900   -9.9900
20137002 2000.164176 31.5710 64.2840  326  323.4852 18.3862 4.8259 36.5529 191.1600 -9.9900 -9.9900   -9.9900
20137002 2000.164176 31.5710 64.2840  328  325.4682 18.3681 4.8239 36.5520 191.2000 -9.9900 -9.9900   -9.9900
20137002 2000.164176 31.5710 64.2840  330  327.4511 18.3622 4.8236 36.5532 191.7300 -9.9900 -9.9900   -9.9900
20137002 2000.164176 31.5710 64.2840  332  329.4341 18.3572 4.8233 36.5544 191.8900 -9.9900 -9.9900   -9.9900
20137002 2000.164176 31.5710 64.2840  334  331.4170 18.3503 4.8227 36.5553 191.9700 -9.9900 -9.9900   -9.9900
20137002 2000.164176 31.5710 64.2840  336  333.4000 18.3429 4.8221 36.5552 191.7100 -9.9900 -9.9900   -9.9900
20137002 2000.164176 31.5710 64.2840  338  335.3829 18.3439 4.8222 36.5549 191.3200 -9.9900 -9.9900   -9.9900
20137002 2000.164176 31.5710 64.2840  340  337.3658 18.3229 4.8198 36.5526 191.1100 -9.9900 -9.9900   -9.9900
20137002 2000.164176 31.5710 64.2840  342  339.3486 18.2878 4.8157 36.5476 190.9000 -9.9900 -9.9900   -9.9900
20137002 2000.164176 31.5710 64.2840  344  341.3315 18.2708 4.8136 36.5442 190.8800 -9.9900 -9.9900   -9.9900
20137002 2000.164176 31.5710 64.2840  346  343.3143 18.2563 4.8119 36.5419 189.6900 -9.9900 -9.9900   -9.9900
20137002 2000.164176 31.5710 64.2840  348  345.2971 18.2288 4.8087 36.5382 188.6200 -9.9900 -9.9900   -9.9900
20137002 2000.164176 31.5710 64.2840  350  347.2799 18.2196 4.8077 36.5375 189.0300 -9.9900 -9.9900   -9.9900
20137002 2000.164176 31.5710 64.2840  352  349.2627 18.2126 4.8071 36.5371 189.0600 -9.9900 -9.9900   -9.9900
20137002 2000.164176 31.5710 64.2840  354  351.2454 18.2078 4.8066 36.5368 189.6700 -9.9900 -9.9900   -9.9900
20137002 2000.164176 31.5710 64.2840  356  353.2282 18.2058 4.8065 36.5369 189.9900 -9.9900 -9.9900   -9.9900
20137002 2000.164176 31.5710 64.2840  358  355.2109 18.1835 4.8040 36.5345 190.3600 -9.9900 -9.9900   -9.9900
20137002 2000.164176 31.5710 64.2840  360  357.1936 18.1766 4.8032 36.5335 190.1200 -9.9900 -9.9900   -9.9900
20137002 2000.164176 31.5710 64.2840  362  359.1762 18.1695 4.8025 36.5328 190.7600 -9.9900 -9.9900   -9.9900
20137002 2000.164176 31.5710 64.2840  364  361.1589 18.1532 4.8007 36.5311 191.9800 -9.9900 -9.9900   -9.9900
20137002 2000.164176 31.5710 64.2840  366  363.1415 18.1271 4.7977 36.5283 192.1700 -9.9900 -9.9900   -9.9900
20137002 2000.164176 31.5710 64.2840  368  365.1242 18.1139 4.7963 36.5270 191.6100 -9.9900 -9.9900   -9.9900
20137002 2000.164176 31.5710 64.2840  370  367.1068 18.1127 4.7962 36.5268 190.9300 -9.9900 -9.9900   -9.9900
20137002 2000.164176 31.5710 64.2840  372  369.0893 18.1093 4.7959 36.5263 189.6100 -9.9900 -9.9900   -9.9900
20137002 2000.164176 31.5710 64.2840  374  371.0719 18.1010 4.7951 36.5259 188.5700 -9.9900 -9.9900   -9.9900
20137002 2000.164176 31.5710 64.2840  376  373.0544 18.1001 4.7951 36.5262 188.9400 -9.9900 -9.9900   -9.9900
20137002 2000.164176 31.5710 64.2840  378  375.0370 18.0934 4.7944 36.5250 190.0000 -9.9900 -9.9900   -9.9900
20137002 2000.164176 31.5710 64.2840  380  377.0195 18.0845 4.7934 36.5235 190.3100 -9.9900 -9.9900   -9.9900
20137002 2000.164176 31.5710 64.2840  382  379.0020 18.0778 4.7926 36.5225 190.3000 -9.9900 -9.9900   -9.9900
20137002 2000.164176 31.5710 64.2840  384  380.9844 18.0678 4.7915 36.5211 190.2100 -9.9900 -9.9900   -9.9900
20137002 2000.164176 31.5710 64.2840  386  382.9669 18.0582 4.7905 36.5198 189.6100 -9.9900 -9.9900   -9.9900
20137002 2000.164176 31.5710 64.2840  388  384.9493 18.0409 4.7885 36.5174 189.8600 -9.9900 -9.9900   -9.9900
20137002 2000.164176 31.5710 64.2840  390  386.9317 18.0312 4.7874 36.5160 190.3600 -9.9900 -9.9900   -9.9900
20137002 2000.164176 31.5710 64.2840  392  388.9141 18.0262 4.7869 36.5154 190.5800 -9.9900 -9.9900   -9.9900
20137002 2000.164176 31.5710 64.2840  394  390.8965 18.0137 4.7855 36.5137 190.9500 -9.9900 -9.9900   -9.9900
20137002 2000.164176 31.5710 64.2840  396  392.8788 18.0108 4.7852 36.5132 191.4800 -9.9900 -9.9900   -9.9900
20137002 2000.164176 31.5710 64.2840  398  394.8611 18.0059 4.7847 36.5126 191.8800 -9.9900 -9.9900   -9.9900
20137002 2000.164176 31.5710 64.2840  400  396.8435 17.9978 4.7838 36.5114 191.6000 -9.9900 -9.9900   -9.9900
20137002 2000.164176 31.5710 64.2840  402  398.8258 17.9924 4.7832 36.5105 191.5000 -9.9900 -9.9900   -9.9900
20137002 2000.164176 31.5710 64.2840  404  400.8080 17.9845 4.7824 36.5094 191.5800 -9.9900 -9.9900   -9.9900
20137002 2000.164176 31.5710 64.2840  406  402.7903 17.9739 4.7812 36.5081 191.3700 -9.9900 -9.9900   -9.9900
20137002 2000.164176 31.5710 64.2840  408  404.7725 17.9656 4.7803 36.5068 191.1500 -9.9900 -9.9900   -9.9900
20137002 2000.164176 31.5710 64.2840  410  406.7547 17.9598 4.7797 36.5060 191.2600 -9.9900 -9.9900   -9.9900
20137002 2000.164176 31.5710 64.2840  412  408.7369 17.9474 4.7783 36.5041 190.9500 -9.9900 -9.9900   -9.9900
20137002 2000.164176 31.5710 64.2840  414  410.7191 17.9264 4.7758 36.5010 190.9500 -9.9900 -9.9900   -9.9900
20137002 2000.164176 31.5710 64.2840  416  412.7013 17.8989 4.7725 36.4969 191.2100 -9.9900 -9.9900   -9.9900
20137002 2000.164176 31.5710 64.2840  418  414.6834 17.8832 4.7707 36.4939 191.2300 -9.9900 -9.9900   -9.9900
20137002 2000.164176 31.5710 64.2840  420  416.6655 17.8694 4.7690 36.4913 191.0100 -9.9900 -9.9900   -9.9900
20137002 2000.164176 31.5710 64.2840  422  418.6477 17.8530 4.7671 36.4889 190.6700 -9.9900 -9.9900   -9.9900
20137002 2000.164176 31.5710 64.2840  424  420.6297 17.8364 4.7651 36.4859 190.3000 -9.9900 -9.9900   -9.9900
20137002 2000.164176 31.5710 64.2840  426  422.6118 17.8233 4.7636 36.4834 189.7000 -9.9900 -9.9900   -9.9900
20137002 2000.164176 31.5710 64.2840  428  424.5939 17.8169 4.7628 36.4821 189.6100 -9.9900 -9.9900   -9.9900
20137002 2000.164176 31.5710 64.2840  430  426.5759 17.7992 4.7607 36.4789 189.6700 -9.9900 -9.9900   -9.9900
20137002 2000.164176 31.5710 64.2840  432  428.5579 17.7673 4.7569 36.4738 190.0200 -9.9900 -9.9900   -9.9900
20137002 2000.164176 31.5710 64.2840  434  430.5399 17.7477 4.7545 36.4700 190.0900 -9.9900 -9.9900   -9.9900
20137002 2000.164176 31.5710 64.2840  436  432.5218 17.7345 4.7530 36.4681 189.1500 -9.9900 -9.9900   -9.9900
20137002 2000.164176 31.5710 64.2840  438  434.5038 17.7262 4.7520 36.4663 189.1100 -9.9900 -9.9900   -9.9900
20137002 2000.164176 31.5710 64.2840  440  436.4857 17.7008 4.7490 36.4619 189.2300 -9.9900 -9.9900   -9.9900
20137002 2000.164176 31.5710 64.2840  442  438.4676 17.6939 4.7482 36.4607 188.9500 -9.9900 -9.9900   -9.9900
20137002 2000.164176 31.5710 64.2840  444  440.4495 17.6866 4.7474 36.4593 188.1100 -9.9900 -9.9900   -9.9900
20137002 2000.164176 31.5710 64.2840  446  442.4314 17.6686 4.7453 36.4563 187.8300 -9.9900 -9.9900   -9.9900
20137002 2000.164176 31.5710 64.2840  448  444.4133 17.6586 4.7441 36.4547 187.8000 -9.9900 -9.9900   -9.9900
20137002 2000.164176 31.5710 64.2840  450  446.3951 17.6495 4.7431 36.4530 187.7800 -9.9900 -9.9900   -9.9900
20137002 2000.164176 31.5710 64.2840  452  448.3769 17.6416 4.7422 36.4516 188.0900 -9.9900 -9.9900   -9.9900
20137002 2000.164176 31.5710 64.2840  454  450.3587 17.6313 4.7410 36.4497 188.2600 -9.9900 -9.9900   -9.9900
20137002 2000.164176 31.5710 64.2840  456  452.3405 17.6183 4.7394 36.4471 187.9600 -9.9900 -9.9900   -9.9900
20137002 2000.164176 31.5710 64.2840  458  454.3223 17.6115 4.7386 36.4456 187.5000 -9.9900 -9.9900   -9.9900
20137002 2000.164176 31.5710 64.2840  460  456.3040 17.6022 4.7376 36.4440 187.2100 -9.9900 -9.9900   -9.9900
20137002 2000.164176 31.5710 64.2840  462  458.2857 17.5905 4.7362 36.4418 187.0200 -9.9900 -9.9900   -9.9900
20137002 2000.164176 31.5710 64.2840  464  460.2674 17.5762 4.7345 36.4390 186.9200 -9.9900 -9.9900   -9.9900
20137002 2000.164176 31.5710 64.2840  466  462.2491 17.5625 4.7329 36.4366 186.4700 -9.9900 -9.9900   -9.9900
20137002 2000.164176 31.5710 64.2840  468  464.2308 17.5444 4.7307 36.4332 186.1500 -9.9900 -9.9900   -9.9900
20137002 2000.164176 31.5710 64.2840  470  466.2124 17.5361 4.7298 36.4318 186.2100 -9.9900 -9.9900   -9.9900
20137002 2000.164176 31.5710 64.2840  472  468.1941 17.5272 4.7288 36.4304 186.2200 -9.9900 -9.9900   -9.9900
20137002 2000.164176 31.5710 64.2840  474  470.1757 17.5074 4.7264 36.4271 186.3200 -9.9900 -9.9900   -9.9900
20137002 2000.164176 31.5710 64.2840  476  472.1573 17.4792 4.7230 36.4221 186.6900 -9.9900 -9.9900   -9.9900
20137002 2000.164176 31.5710 64.2840  478  474.1388 17.4577 4.7204 36.4181 186.6000 -9.9900 -9.9900   -9.9900
20137002 2000.164176 31.5710 64.2840  480  476.1204 17.4357 4.7178 36.4143 186.0600 -9.9900 -9.9900   -9.9900
20137002 2000.164176 31.5710 64.2840  482  478.1019 17.4129 4.7150 36.4101 185.5900 -9.9900 -9.9900   -9.9900
20137002 2000.164176 31.5710 64.2840  484  480.0834 17.3940 4.7128 36.4065 185.1500 -9.9900 -9.9900   -9.9900
20137002 2000.164176 31.5710 64.2840  486  482.0649 17.3885 4.7122 36.4056 184.1200 -9.9900 -9.9900   -9.9900
20137002 2000.164176 31.5710 64.2840  488  484.0464 17.3818 4.7114 36.4042 184.0200 -9.9900 -9.9900   -9.9900
20137002 2000.164176 31.5710 64.2840  490  486.0279 17.3735 4.7105 36.4028 184.1000 -9.9900 -9.9900   -9.9900
20137002 2000.164176 31.5710 64.2840  492  488.0093 17.3610 4.7091 36.4010 183.1500 -9.9900 -9.9900   -9.9900
20137002 2000.164176 31.5710 64.2840  494  489.9907 17.3065 4.7025 36.3920 182.7400 -9.9900 -9.9900   -9.9900
20137002 2000.164176 31.5710 64.2840  496  491.9721 17.2723 4.6983 36.3858 183.1800 -9.9900 -9.9900   -9.9900
20137002 2000.164176 31.5710 64.2840  498  493.9535 17.2592 4.6968 36.3830 183.4100 -9.9900 -9.9900   -9.9900
20137002 2000.164176 31.5710 64.2840  500  495.9349 17.2517 4.6959 36.3817 183.2000 -9.9900 -9.9900   -9.9900
20137002 2000.164176 31.5710 64.2840  502  497.9162 17.2160 4.6916 36.3754 182.8500 -9.9900 -9.9900   -9.9900
20137002 2000.164176 31.5710 64.2840  504  499.8975 17.1874 4.6881 36.3694 182.3000 -9.9900 -9.9900   -9.9900
20137002 2000.164176 31.5710 64.2840  506  501.8788 17.1589 4.6846 36.3644 181.5200 -9.9900 -9.9900   -9.9900
20137002 2000.164176 31.5710 64.2840  508  503.8601 17.1176 4.6798 36.3582 180.8100 -9.9900 -9.9900   -9.9900
