20053001 1993.150171 32.1690 64.4750   10    9.9300 19.7085 4.9622 36.6519 226.0510 0.4680 0.4050   -9.9900
20053001 1993.150171 32.1690 64.4750   12   11.9159 19.6989 4.9612 36.6507 225.3390 0.4660 0.4040   -9.9900
20053001 1993.150171 32.1690 64.4750   14   13.9018 19.7019 4.9615 36.6501 225.0670 0.4670 0.4040   -9.9900
20053001 1993.150171 32.1690 64.4750   16   15.8877 19.6985 4.9611 36.6486 225.0580 0.4670 0.4050   -9.9900
20053001 1993.150171 32.1690 64.4750   18   17.8736 19.6971 4.9609 36.6478 224.8730 0.4670 0.4080   -9.9900
20053001 1993.150171 32.1690 64.4750   20   19.8594 19.6958 4.9609 36.6478 224.6490 0.4650 0.4130   -9.9900
20053001 1993.150171 32.1690 64.4750   22   21.8453 19.6902 4.9602 36.6465 224.6160 0.4660 0.4180   -9.9900
20053001 1993.150171 32.1690 64.4750   24   23.8311 19.6949 4.9609 36.6473 224.5500 0.4640 0.4210   -9.9900
20053001 1993.150171 32.1690 64.4750   26   25.8169 19.6873 4.9600 36.6462 224.5530 0.4640 0.4250   -9.9900
20053001 1993.150171 32.1690 64.4750   28   27.8027 19.6878 4.9602 36.6464 224.2410 0.4620 0.4320   -9.9900
20053001 1993.150171 32.1690 64.4750   30   29.7884 19.6950 4.9611 36.6470 224.1320 0.4640 0.4280   -9.9900
20053001 1993.150171 32.1690 64.4750   32   31.7742 19.6902 4.9607 36.6467 223.9130 0.4620 0.4250   -9.9900
20053001 1993.150171 32.1690 64.4750   34   33.7599 19.6952 4.9614 36.6473 223.6690 0.4620 0.4180   -9.9900
20053001 1993.150171 32.1690 64.4750   36   35.7456 19.6849 4.9602 36.6462 223.6500 0.4590 0.4240   -9.9900
20053001 1993.150171 32.1690 64.4750   38   37.7313 19.6868 4.9606 36.6467 223.4320 0.4580 0.4310   -9.9900
20053001 1993.150171 32.1690 64.4750   40   39.7169 19.6825 4.9602 36.6463 223.1670 0.4550 0.4350   -9.9900
20053001 1993.150171 32.1690 64.4750   42   41.7026 19.6830 4.9603 36.6461 223.2000 0.4570 0.4420   -9.9900
20053001 1993.150171 32.1690 64.4750   44   43.6882 19.6829 4.9604 36.6461 223.0370 0.4550 0.4390   -9.9900
20053001 1993.150171 32.1690 64.4750   46   45.6738 19.6829 4.9605 36.6461 222.7050 0.4550 0.4470   -9.9900
20053001 1993.150171 32.1690 64.4750   48   47.6594 19.6824 4.9605 36.6463 222.4420 0.4540 0.4470   -9.9900
20053001 1993.150171 32.1690 64.4750   50   49.6450 19.6824 4.9606 36.6463 222.3070 0.4540 0.4460   -9.9900
20053001 1993.150171 32.1690 64.4750   52   51.6305 19.6830 4.9608 36.6463 222.6700 0.4540 0.4490   -9.9900
20053001 1993.150171 32.1690 64.4750   54   53.6161 19.6828 4.9608 36.6462 222.6900 0.4540 0.4510   -9.9900
20053001 1993.150171 32.1690 64.4750   56   55.6016 19.6826 4.9609 36.6463 222.4080 0.4530 0.4570   -9.9900
20053001 1993.150171 32.1690 64.4750   58   57.5871 19.6826 4.9610 36.6464 222.2510 0.4520 0.4540   -9.9900
20053001 1993.150171 32.1690 64.4750   60   59.5725 19.6830 4.9611 36.6463 222.2090 0.4520 0.4570   -9.9900
20053001 1993.150171 32.1690 64.4750   62   61.5580 19.6831 4.9613 36.6465 222.2620 0.4530 0.4560   -9.9900
20053001 1993.150171 32.1690 64.4750   64   63.5434 19.6825 4.9612 36.6461 222.2730 0.4530 0.4530   -9.9900
20053001 1993.150171 32.1690 64.4750   66   65.5288 19.6760 4.9606 36.6459 222.2960 0.4530 0.4540   -9.9900
20053001 1993.150171 32.1690 64.4750   68   67.5142 19.6770 4.9608 36.6460 222.3060 0.4530 0.4570   -9.9900
20053001 1993.150171 32.1690 64.4750   70   69.4996 19.6787 4.9611 36.6458 222.2740 0.4540 0.4600   -9.9900
20053001 1993.150171 32.1690 64.4750   72   71.4850 19.6797 4.9613 36.6460 222.0610 0.4540 0.4490   -9.9900
20053001 1993.150171 32.1690 64.4750   74   73.4703 19.6783 4.9612 36.6460 222.1680 0.4540 0.4490   -9.9900
20053001 1993.150171 32.1690 64.4750   76   75.4556 19.6773 4.9612 36.6458 221.9300 0.4550 0.4510   -9.9900
20053001 1993.150171 32.1690 64.4750   78   77.4409 19.6743 4.9610 36.6456 222.0910 0.4530 0.4500   -9.9900
20053001 1993.150171 32.1690 64.4750   80   79.4262 19.6741 4.9610 36.6454 221.8280 0.4530 0.4420   -9.9900
20053001 1993.150171 32.1690 64.4750   82   81.4114 19.6728 4.9610 36.6456 221.6100 0.4460 0.4420   -9.9900
20053001 1993.150171 32.1690 64.4750   84   83.3967 19.6734 4.9612 36.6460 221.0600 0.4430 0.4460   -9.9900
20053001 1993.150171 32.1690 64.4750   86   85.3819 19.6735 4.9613 36.6462 221.0700 0.4420 0.4430   -9.9900
20053001 1993.150171 32.1690 64.4750   88   87.3671 19.6736 4.9614 36.6463 221.2740 0.4420 0.4430   -9.9900
20053001 1993.150171 32.1690 64.4750   90   89.3523 19.6731 4.9615 36.6464 221.0720 0.4400 0.4410   -9.9900
20053001 1993.150171 32.1690 64.4750   92   91.3375 19.6723 4.9615 36.6467 221.0690 0.4390 0.4430   -9.9900
20053001 1993.150171 32.1690 64.4750   94   93.3226 19.6712 4.9615 36.6470 220.8180 0.4380 0.4360   -9.9900
20053001 1993.150171 32.1690 64.4750   96   95.3077 19.6674 4.9612 36.6473 220.7930 0.4360 0.4320   -9.9900
20053001 1993.150171 32.1690 64.4750   98   97.2928 19.6622 4.9609 36.6481 221.1550 0.4350 0.4390   -9.9900
20053001 1993.150171 32.1690 64.4750  100   99.2779 19.6607 4.9608 36.6481 221.2820 0.4350 0.4400   -9.9900
20053001 1993.150171 32.1690 64.4750  102  101.2630 19.6567 4.9603 36.6470 221.1400 0.4350 0.4400   -9.9900
20053001 1993.150171 32.1690 64.4750  104  103.2480 19.6426 4.9586 36.6445 220.8430 0.4300 0.4300   -9.9900
20053001 1993.150171 32.1690 64.4750  106  105.2331 19.6417 4.9586 36.6444 220.9110 0.4290 0.4250   -9.9900
20053001 1993.150171 32.1690 64.4750  108  107.2181 19.6375 4.9582 36.6436 220.9800 0.4270 0.4220   -9.9900
20053001 1993.150171 32.1690 64.4750  110  109.2031 19.6306 4.9575 36.6432 220.8750 0.4250 0.4180   -9.9900
20053001 1993.150171 32.1690 64.4750  112  111.1880 19.6148 4.9555 36.6395 220.8380 0.4210 0.4080   -9.9900
20053001 1993.150171 32.1690 64.4750  114  113.1730 19.6082 4.9547 36.6381 220.7280 0.4190 0.4010   -9.9900
20053001 1993.150171 32.1690 64.4750  116  115.1579 19.5992 4.9536 36.6361 220.6640 0.4170 0.3970   -9.9900
20053001 1993.150171 32.1690 64.4750  118  117.1428 19.5874 4.9522 36.6337 220.3280 0.4150 0.3870   -9.9900
20053001 1993.150171 32.1690 64.4750  120  119.1277 19.5738 4.9506 36.6323 219.9100 0.4120 0.3760   -9.9900
20053001 1993.150171 32.1690 64.4750  122  121.1126 19.5578 4.9490 36.6319 219.0010 0.4080 0.3690   -9.9900
20053001 1993.150171 32.1690 64.4750  124  123.0975 19.5561 4.9491 36.6337 217.9780 0.4070 0.3630   -9.9900
20053001 1993.150171 32.1690 64.4750  126  125.0823 19.5524 4.9491 36.6358 217.0930 0.4070 0.3560   -9.9900
20053001 1993.150171 32.1690 64.4750  128  127.0671 19.5424 4.9483 36.6370 216.3230 0.4060 0.3550   -9.9900
20053001 1993.150171 32.1690 64.4750  130  129.0519 19.5255 4.9463 36.6350 215.5960 0.4050 0.3470   -9.9900
20053001 1993.150171 32.1690 64.4750  132  131.0367 19.4859 4.9419 36.6323 214.1100 0.4020 0.3380   -9.9900
20053001 1993.150171 32.1690 64.4750  134  133.0215 19.4401 4.9373 36.6333 212.6030 0.3980 0.3300   -9.9900
20053001 1993.150171 32.1690 64.4750  136  135.0062 19.3970 4.9332 36.6361 210.4330 0.3970 0.3210   -9.9900
20053001 1993.150171 32.1690 64.4750  138  136.9909 19.3860 4.9320 36.6353 208.6110 0.3970 0.3180   -9.9900
20053001 1993.150171 32.1690 64.4750  140  138.9756 19.3783 4.9313 36.6351 207.6330 0.3970 0.3150   -9.9900
20053001 1993.150171 32.1690 64.4750  142  140.9603 19.3754 4.9310 36.6346 207.4490 0.3970 0.3170   -9.9900
20053002 1993.150696 31.7400 64.1800   14   13.9023 19.7324 4.9656 36.6573 230.0210 0.4440 0.4100   -9.9900
20053002 1993.150696 31.7400 64.1800   16   15.8883 19.7329 4.9658 36.6574 229.6150 0.4440 0.4100   -9.9900
20053002 1993.150696 31.7400 64.1800   18   17.8742 19.7332 4.9659 36.6573 229.4530 0.4440 0.4080   -9.9900
20053002 1993.150696 31.7400 64.1800   20   19.8601 19.7342 4.9662 36.6581 229.1070 0.4450 0.4110   -9.9900
20053002 1993.150696 31.7400 64.1800   22   21.8461 19.7334 4.9662 36.6581 228.7900 0.4450 0.4160   -9.9900
20053002 1993.150696 31.7400 64.1800   24   23.8319 19.7343 4.9663 36.6580 228.7850 0.4440 0.4180   -9.9900
20053002 1993.150696 31.7400 64.1800   26   25.8178 19.7358 4.9667 36.6592 228.6330 0.4460 0.4230   -9.9900
20053002 1993.150696 31.7400 64.1800   28   27.8037 19.7350 4.9667 36.6589 228.2460 0.4460 0.4240   -9.9900
20053002 1993.150696 31.7400 64.1800   30   29.7895 19.7346 4.9667 36.6588 228.1290 0.4460 0.4240   -9.9900
20053002 1993.150696 31.7400 64.1800   32   31.7753 19.7368 4.9671 36.6591 228.1230 0.4460 0.4290   -9.9900
20053002 1993.150696 31.7400 64.1800   34   33.7611 19.7387 4.9674 36.6594 227.8020 0.4460 0.4290   -9.9900
20053002 1993.150696 31.7400 64.1800   36   35.7469 19.7380 4.9674 36.6592 227.6660 0.4460 0.4260   -9.9900
20053002 1993.150696 31.7400 64.1800   38   37.7326 19.7348 4.9671 36.6583 227.6020 0.4460 0.4220   -9.9900
20053002 1993.150696 31.7400 64.1800   40   39.7184 19.7039 4.9629 36.6504 227.3960 0.4390 0.4220   -9.9900
20053002 1993.150696 31.7400 64.1800   42   41.7041 19.7083 4.9636 36.6514 227.0300 0.4370 0.4170   -9.9900
20053002 1993.150696 31.7400 64.1800   44   43.6898 19.7067 4.9635 36.6508 226.8750 0.4370 0.4190   -9.9900
20053002 1993.150696 31.7400 64.1800   46   45.6754 19.7058 4.9633 36.6499 226.6810 0.4370 0.4190   -9.9900
20053002 1993.150696 31.7400 64.1800   48   47.6611 19.6985 4.9626 36.6490 226.4880 0.4330 0.4150   -9.9900
20053002 1993.150696 31.7400 64.1800   50   49.6467 19.7041 4.9634 36.6502 226.4240 0.4360 0.4090   -9.9900
20053002 1993.150696 31.7400 64.1800   52   51.6324 19.7115 4.9645 36.6519 226.2660 0.4390 0.4180   -9.9900
20053002 1993.150696 31.7400 64.1800   54   53.6180 19.7149 4.9650 36.6529 226.0730 0.4400 0.4200   -9.9900
20053002 1993.150696 31.7400 64.1800   56   55.6035 19.7152 4.9651 36.6526 226.3570 0.4390 0.4190   -9.9900
20053002 1993.150696 31.7400 64.1800   58   57.5891 19.7094 4.9645 36.6515 226.0930 0.4380 0.4220   -9.9900
20053002 1993.150696 31.7400 64.1800   60   59.5746 19.7056 4.9640 36.6504 225.7670 0.4360 0.4210   -9.9900
20053002 1993.150696 31.7400 64.1800   62   61.5602 19.7321 4.9677 36.6569 225.5540 0.4420 0.4220   -9.9900
20053002 1993.150696 31.7400 64.1800   64   63.5457 19.7359 4.9683 36.6578 225.6710 0.4450 0.4310   -9.9900
20053002 1993.150696 31.7400 64.1800   66   65.5312 19.7378 4.9686 36.6583 225.8000 0.4440 0.4300   -9.9900
20053002 1993.150696 31.7400 64.1800   68   67.5166 19.7385 4.9688 36.6582 225.7710 0.4450 0.4280   -9.9900
20053002 1993.150696 31.7400 64.1800   70   69.5021 19.7268 4.9673 36.6554 225.7260 0.4420 0.4290   -9.9900
20053002 1993.150696 31.7400 64.1800   72   71.4875 19.7366 4.9688 36.6580 225.3850 0.4440 0.4280   -9.9900
20053002 1993.150696 31.7400 64.1800   74   73.4729 19.7310 4.9680 36.6563 225.1310 0.4440 0.4260   -9.9900
20053002 1993.150696 31.7400 64.1800   76   75.4583 19.7116 4.9655 36.6511 225.3620 0.4370 0.4250   -9.9900
20053002 1993.150696 31.7400 64.1800   78   77.4437 19.6674 4.9592 36.6373 224.9510 0.4220 0.4120   -9.9900
20053002 1993.150696 31.7400 64.1800   80   79.4290 19.6654 4.9591 36.6376 224.8290 0.4210 0.4050   -9.9900
20053002 1993.150696 31.7400 64.1800   82   81.4143 19.6695 4.9598 36.6384 224.8210 0.4230 0.4020   -9.9900
20053002 1993.150696 31.7400 64.1800   84   83.3997 19.6675 4.9596 36.6379 224.8340 0.4210 0.4050   -9.9900
20053002 1993.150696 31.7400 64.1800   86   85.3849 19.6648 4.9593 36.6371 224.8390 0.4210 0.4000   -9.9900
20053002 1993.150696 31.7400 64.1800   88   87.3702 19.6641 4.9593 36.6371 224.6040 0.4200 0.3960   -9.9900
20053002 1993.150696 31.7400 64.1800   90   89.3555 19.6625 4.9592 36.6366 224.6280 0.4210 0.3950   -9.9900
20053002 1993.150696 31.7400 64.1800   92   91.3407 19.6548 4.9583 36.6358 224.5130 0.4200 0.3940   -9.9900
20053002 1993.150696 31.7400 64.1800   94   93.3259 19.6524 4.9581 36.6354 224.5120 0.4190 0.3930   -9.9900
20053002 1993.150696 31.7400 64.1800   96   95.3111 19.6404 4.9568 36.6339 224.5260 0.4190 0.3940   -9.9900
20053002 1993.150696 31.7400 64.1800   98   97.2963 19.6362 4.9564 36.6333 224.1510 0.4180 0.3920   -9.9900
20053002 1993.150696 31.7400 64.1800  100   99.2815 19.6290 4.9556 36.6325 224.3070 0.4180 0.3880   -9.9900
20053002 1993.150696 31.7400 64.1800  102  101.2666 19.6221 4.9548 36.6316 224.2610 0.4180 0.3840   -9.9900
20053002 1993.150696 31.7400 64.1800  104  103.2517 19.6126 4.9538 36.6306 224.1350 0.4180 0.3840   -9.9900
20053002 1993.150696 31.7400 64.1800  106  105.2368 19.6121 4.9538 36.6305 224.2930 0.4180 0.3880   -9.9900
20053002 1993.150696 31.7400 64.1800  108  107.2219 19.6107 4.9538 36.6309 224.2970 0.4180 0.3940   -9.9900
20053002 1993.150696 31.7400 64.1800  110  109.2070 19.6091 4.9537 36.6309 224.3320 0.4180 0.3970   -9.9900
20053002 1993.150696 31.7400 64.1800  112  111.1920 19.6084 4.9538 36.6312 224.3520 0.4190 0.3940   -9.9900
20053002 1993.150696 31.7400 64.1800  114  113.1770 19.6042 4.9535 36.6320 224.3800 0.4190 0.3900   -9.9900
20053002 1993.150696 31.7400 64.1800  116  115.1620 19.5939 4.9524 36.6308 224.3280 0.4190 0.3840   -9.9900
20053002 1993.150696 31.7400 64.1800  118  117.1470 19.5886 4.9518 36.6297 224.0800 0.4180 0.3850   -9.9900
20053002 1993.150696 31.7400 64.1800  120  119.1320 19.5858 4.9515 36.6291 223.9850 0.4200 0.3910   -9.9900
20053002 1993.150696 31.7400 64.1800  122  121.1169 19.5700 4.9496 36.6265 224.0750 0.4160 0.3870   -9.9900
20053003 1993.151636 31.7110 64.1660   14   13.9023 19.5788 4.9467 36.6350 228.1100 0.4420 0.4220   -9.9900
20053003 1993.151636 31.7110 64.1660   16   15.8883 19.5784 4.9467 36.6347 228.0560 0.4420 0.4200   -9.9900
20053003 1993.151636 31.7110 64.1660   18   17.8743 19.5789 4.9469 36.6347 228.1080 0.4440 0.4180   -9.9900
20053003 1993.151636 31.7110 64.1660   20   19.8602 19.5799 4.9471 36.6346 228.1200 0.4420 0.4110   -9.9900
20053003 1993.151636 31.7110 64.1660   22   21.8461 19.5820 4.9474 36.6347 228.0410 0.4410 0.4110   -9.9900
20053003 1993.151636 31.7110 64.1660   24   23.8320 19.5831 4.9476 36.6350 227.7940 0.4420 0.4080   -9.9900
20053003 1993.151636 31.7110 64.1660   26   25.8179 19.5840 4.9478 36.6348 227.6980 0.4410 0.4110   -9.9900
20053003 1993.151636 31.7110 64.1660   28   27.8037 19.5832 4.9478 36.6348 227.7100 0.4420 0.4180   -9.9900
20053003 1993.151636 31.7110 64.1660   30   29.7896 19.5821 4.9477 36.6347 227.3250 0.4420 0.4120   -9.9900
20053003 1993.151636 31.7110 64.1660   32   31.7754 19.5828 4.9479 36.6348 227.3130 0.4410 0.4100   -9.9900
20053003 1993.151636 31.7110 64.1660   34   33.7612 19.5841 4.9481 36.6347 227.5030 0.4420 0.4110   -9.9900
20053003 1993.151636 31.7110 64.1660   36   35.7470 19.5828 4.9480 36.6343 227.1220 0.4390 0.4110   -9.9900
20053003 1993.151636 31.7110 64.1660   38   37.7327 19.5835 4.9482 36.6343 226.9760 0.4390 0.4120   -9.9900
20053003 1993.151636 31.7110 64.1660   40   39.7185 19.5843 4.9484 36.6344 226.9440 0.4400 0.4060   -9.9900
20053003 1993.151636 31.7110 64.1660   42   41.7042 19.5854 4.9486 36.6345 227.0510 0.4400 0.4060   -9.9900
20053003 1993.151636 31.7110 64.1660   44   43.6899 19.5857 4.9488 36.6347 226.7600 0.4410 0.4060   -9.9900
20053003 1993.151636 31.7110 64.1660   46   45.6756 19.5855 4.9488 36.6345 226.6910 0.4400 0.4030   -9.9900
20053003 1993.151636 31.7110 64.1660   48   47.6612 19.5792 4.9481 36.6334 226.5430 0.4370 0.4050   -9.9900
20053003 1993.151636 31.7110 64.1660   50   49.6469 19.5758 4.9477 36.6326 226.5990 0.4350 0.4030   -9.9900
20053003 1993.151636 31.7110 64.1660   52   51.6325 19.5759 4.9478 36.6322 226.3530 0.4340 0.3990   -9.9900
20053003 1993.151636 31.7110 64.1660   54   53.6181 19.5745 4.9476 36.6315 226.1780 0.4340 0.3980   -9.9900
20053003 1993.151636 31.7110 64.1660   56   55.6037 19.5762 4.9481 36.6327 226.1830 0.4340 0.4050   -9.9900
20053003 1993.151636 31.7110 64.1660   58   57.5892 19.5787 4.9485 36.6332 226.1980 0.4350 0.4030   -9.9900
20053003 1993.151636 31.7110 64.1660   60   59.5748 19.5790 4.9486 36.6333 226.0190 0.4370 0.3980   -9.9900
20053003 1993.151636 31.7110 64.1660   62   61.5603 19.5788 4.9486 36.6327 226.1400 0.4350 0.3980   -9.9900
20053003 1993.151636 31.7110 64.1660   64   63.5458 19.5786 4.9487 36.6327 225.9860 0.4350 0.3970   -9.9900
20053003 1993.151636 31.7110 64.1660   66   65.5313 19.5786 4.9488 36.6328 225.8110 0.4350 0.3970   -9.9900
20053003 1993.151636 31.7110 64.1660   68   67.5168 19.5791 4.9489 36.6326 225.9910 0.4340 0.3970   -9.9900
20053003 1993.151636 31.7110 64.1660   70   69.5022 19.5792 4.9490 36.6327 225.8100 0.4350 0.4010   -9.9900
20053003 1993.151636 31.7110 64.1660   72   71.4877 19.5804 4.9492 36.6328 225.5470 0.4360 0.3990   -9.9900
20053003 1993.151636 31.7110 64.1660   74   73.4731 19.5801 4.9494 36.6335 225.7380 0.4370 0.3980   -9.9900
20053003 1993.151636 31.7110 64.1660   76   75.4585 19.5798 4.9494 36.6332 225.8100 0.4350 0.3970   -9.9900
20053003 1993.151636 31.7110 64.1660   78   77.4438 19.5836 4.9500 36.6339 225.8290 0.4350 0.3980   -9.9900
20053003 1993.151636 31.7110 64.1660   80   79.4292 19.5831 4.9500 36.6335 225.3270 0.4350 0.4030   -9.9900
20053003 1993.151636 31.7110 64.1660   82   81.4145 19.5840 4.9501 36.6332 225.3740 0.4360 0.4010   -9.9900
20053003 1993.151636 31.7110 64.1660   84   83.3999 19.5811 4.9498 36.6323 225.3490 0.4350 0.4020   -9.9900
20053003 1993.151636 31.7110 64.1660   86   85.3852 19.5794 4.9497 36.6322 225.2810 0.4350 0.4030   -9.9900
20053003 1993.151636 31.7110 64.1660   88   87.3704 19.5774 4.9495 36.6314 224.9680 0.4350 0.4000   -9.9900
20053003 1993.151636 31.7110 64.1660   90   89.3557 19.5797 4.9499 36.6325 224.9430 0.4350 0.3970   -9.9900
20053003 1993.151636 31.7110 64.1660   92   91.3409 19.5863 4.9509 36.6341 224.7710 0.4350 0.3990   -9.9900
20053003 1993.151636 31.7110 64.1660   94   93.3261 19.5839 4.9506 36.6330 224.7820 0.4350 0.3990   -9.9900
20053003 1993.151636 31.7110 64.1660   96   95.3113 19.5837 4.9507 36.6328 224.8050 0.4340 0.3970   -9.9900
20053003 1993.151636 31.7110 64.1660   98   97.2965 19.5788 4.9501 36.6314 224.8460 0.4330 0.3990   -9.9900
20053003 1993.151636 31.7110 64.1660  100   99.2817 19.5758 4.9498 36.6309 224.8830 0.4320 0.3950   -9.9900
20053003 1993.151636 31.7110 64.1660  102  101.2668 19.5771 4.9501 36.6315 224.7400 0.4320 0.3950   -9.9900
20053003 1993.151636 31.7110 64.1660  104  103.2520 19.5795 4.9506 36.6325 224.8820 0.4330 0.3910   -9.9900
20053003 1993.151636 31.7110 64.1660  106  105.2371 19.5820 4.9510 36.6329 224.5550 0.4350 0.3970   -9.9900
20053003 1993.151636 31.7110 64.1660  108  107.2221 19.5840 4.9513 36.6334 224.8970 0.4360 0.4070   -9.9900
20053003 1993.151636 31.7110 64.1660  110  109.2072 19.5800 4.9508 36.6322 224.5680 0.4340 0.3990   -9.9900
20053003 1993.151636 31.7110 64.1660  112  111.1923 19.5839 4.9515 36.6334 224.5340 0.4350 0.3960   -9.9900
20053003 1993.151636 31.7110 64.1660  114  113.1773 19.5811 4.9511 36.6321 224.4550 0.4360 0.4030   -9.9900
20053003 1993.151636 31.7110 64.1660  116  115.1623 19.5793 4.9510 36.6316 224.1920 0.4350 0.4020   -9.9900
20053003 1993.151636 31.7110 64.1660  118  117.1473 19.5789 4.9510 36.6316 224.6180 0.4340 0.4000   -9.9900
20053003 1993.151636 31.7110 64.1660  120  119.1323 19.5793 4.9512 36.6320 224.6640 0.4330 0.4000   -9.9900
20053003 1993.151636 31.7110 64.1660  122  121.1172 19.5831 4.9518 36.6327 224.6660 0.4340 0.4020   -9.9900
20053003 1993.151636 31.7110 64.1660  124  123.1021 19.5823 4.9517 36.6319 224.2790 0.4340 0.3990   -9.9900
20053003 1993.151636 31.7110 64.1660  126  125.0870 19.5749 4.9508 36.6306 223.7010 0.4320 0.3920   -9.9900
20053003 1993.151636 31.7110 64.1660  128  127.0719 19.5615 4.9492 36.6282 223.4670 0.4300 0.3910   -9.9900
20053003 1993.151636 31.7110 64.1660  130  129.0568 19.5597 4.9491 36.6278 223.2000 0.4270 0.3850   -9.9900
20053003 1993.151636 31.7110 64.1660  132  131.0417 19.5558 4.9487 36.6273 223.1300 0.4260 0.3830   -9.9900
20053003 1993.151636 31.7110 64.1660  134  133.0265 19.5638 4.9497 36.6283 223.1640 0.4290 0.3860   -9.9900
20053003 1993.151636 31.7110 64.1660  136  135.0113 19.5618 4.9496 36.6283 223.2220 0.4280 0.3850   -9.9900
20053003 1993.151636 31.7110 64.1660  138  136.9961 19.5585 4.9492 36.6273 223.1770 0.4280 0.3840   -9.9900
20053003 1993.151636 31.7110 64.1660  140  138.9809 19.5556 4.9490 36.6270 223.0990 0.4270 0.3840   -9.9900
20053003 1993.151636 31.7110 64.1660  142  140.9657 19.5521 4.9486 36.6263 222.7940 0.4250 0.3790   -9.9900
20053003 1993.151636 31.7110 64.1660  144  142.9504 19.5517 4.9487 36.6261 222.8620 0.4250 0.3780   -9.9900
20053003 1993.151636 31.7110 64.1660  146  144.9351 19.5507 4.9486 36.6259 222.5920 0.4250 0.3740   -9.9900
20053003 1993.151636 31.7110 64.1660  148  146.9198 19.5462 4.9481 36.6247 222.0920 0.4240 0.3740   -9.9900
20053003 1993.151636 31.7110 64.1660  150  148.9045 19.5399 4.9474 36.6234 221.9550 0.4210 0.3700   -9.9900
20053003 1993.151636 31.7110 64.1660  152  150.8892 19.5336 4.9466 36.6222 221.7540 0.4190 0.3720   -9.9900
20053003 1993.151636 31.7110 64.1660  154  152.8738 19.5295 4.9462 36.6216 221.6560 0.4180 0.3630   -9.9900
20053003 1993.151636 31.7110 64.1660  156  154.8584 19.5301 4.9464 36.6215 221.5740 0.4180 0.3600   -9.9900
20053003 1993.151636 31.7110 64.1660  158  156.8430 19.5323 4.9467 36.6217 221.3750 0.4180 0.3620   -9.9900
20053003 1993.151636 31.7110 64.1660  160  158.8276 19.5291 4.9464 36.6209 221.1940 0.4180 0.3650   -9.9900
20053003 1993.151636 31.7110 64.1660  162  160.8122 19.4977 4.9426 36.6163 220.5900 0.4160 0.3640   -9.9900
20053003 1993.151636 31.7110 64.1660  164  162.7967 19.4254 4.9348 36.6142 218.9240 0.4080 0.3510   -9.9900
20053003 1993.151636 31.7110 64.1660  166  164.7813 19.3921 4.9314 36.6138 217.3160 0.4060 0.3380   -9.9900
20053003 1993.151636 31.7110 64.1660  168  166.7658 19.3572 4.9280 36.6157 215.8730 0.4030 0.3310   -9.9900
20053003 1993.151636 31.7110 64.1660  170  168.7503 19.3275 4.9250 36.6160 213.7600 0.4020 0.3250   -9.9900
20053003 1993.151636 31.7110 64.1660  172  170.7347 19.3103 4.9234 36.6172 212.7030 0.4010 0.3220   -9.9900
20053003 1993.151636 31.7110 64.1660  174  172.7192 19.2900 4.9216 36.6186 211.5450 0.4010 0.3200   -9.9900
20053003 1993.151636 31.7110 64.1660  176  174.7036 19.2824 4.9210 36.6203 211.0570 0.4010 0.3200   -9.9900
20053003 1993.151636 31.7110 64.1660  178  176.6880 19.2797 4.9209 36.6204 210.1290 0.4010 0.3220   -9.9900
20053003 1993.151636 31.7110 64.1660  180  178.6724 19.2721 4.9202 36.6212 209.2030 0.4010 0.3190   -9.9900
20053003 1993.151636 31.7110 64.1660  182  180.6568 19.2213 4.9151 36.6221 207.7480 0.4010 0.3200   -9.9900
20053003 1993.151636 31.7110 64.1660  184  182.6411 19.1654 4.9095 36.6233 207.0720 0.4010 0.3160   -9.9900
20053003 1993.151636 31.7110 64.1660  186  184.6255 19.1572 4.9086 36.6229 206.0490 0.4010 0.3120   -9.9900
20053003 1993.151636 31.7110 64.1660  188  186.6098 19.1358 4.9068 36.6257 204.7940 0.4010 0.3200   -9.9900
20053003 1993.151636 31.7110 64.1660  190  188.5941 19.1059 4.9037 36.6248 204.0190 0.4000 0.3200   -9.9900
20053003 1993.151636 31.7110 64.1660  192  190.5784 19.0801 4.9009 36.6236 203.4730 0.4000 0.3210   -9.9900
20053003 1993.151636 31.7110 64.1660  194  192.5626 19.0188 4.8942 36.6207 203.1040 0.3990 0.3210   -9.9900
20053003 1993.151636 31.7110 64.1660  196  194.5469 18.9768 4.8896 36.6181 202.9200 0.3990 0.3190   -9.9900
20053003 1993.151636 31.7110 64.1660  198  196.5311 18.9400 4.8855 36.6152 203.0910 0.3990 0.3230   -9.9900
20053003 1993.151636 31.7110 64.1660  200  198.5153 18.9122 4.8825 36.6139 203.2020 0.3990 0.3210   -9.9900
20053003 1993.151636 31.7110 64.1660  202  200.4995 18.9072 4.8820 36.6132 203.0100 0.3990 0.3220   -9.9900
20053003 1993.151636 31.7110 64.1660  204  202.4836 18.9065 4.8820 36.6131 202.8350 0.3990 0.3210   -9.9900
20053003 1993.151636 31.7110 64.1660  206  204.4678 18.8850 4.8794 36.6097 202.8820 0.3990 0.3170   -9.9900
20053003 1993.151636 31.7110 64.1660  208  206.4519 18.8464 4.8753 36.6082 203.0730 0.3990 0.3210   -9.9900
20053003 1993.151636 31.7110 64.1660  210  208.4360 18.8245 4.8729 36.6072 203.2270 0.3980 0.3200   -9.9900
20053003 1993.151636 31.7110 64.1660  212  210.4201 18.7994 4.8701 36.6047 203.4640 0.3980 0.3190   -9.9900
20053003 1993.151636 31.7110 64.1660  214  212.4042 18.7550 4.8653 36.6031 203.8010 0.3960 0.3200   -9.9900
20053003 1993.151636 31.7110 64.1660  216  214.3882 18.7519 4.8651 36.6028 203.6290 0.3960 0.3170   -9.9900
20053003 1993.151636 31.7110 64.1660  218  216.3723 18.7388 4.8637 36.6021 203.9770 0.3960 0.3160   -9.9900
20053003 1993.151636 31.7110 64.1660  220  218.3563 18.7152 4.8612 36.6009 204.3750 0.3960 0.3190   -9.9900
20053003 1993.151636 31.7110 64.1660  222  220.3403 18.7025 4.8599 36.6007 204.4540 0.3960 0.3190   -9.9900
20053003 1993.151636 31.7110 64.1660  224  222.3242 18.6956 4.8592 36.6003 204.5220 0.3960 0.3240   -9.9900
20053003 1993.151636 31.7110 64.1660  226  224.3082 18.6940 4.8590 36.5990 204.5650 0.3960 0.3230   -9.9900
20053003 1993.151636 31.7110 64.1660  228  226.2921 18.6667 4.8562 36.5986 204.7330 0.3960 0.3210   -9.9900
20053003 1993.151636 31.7110 64.1660  230  228.2760 18.6618 4.8557 36.5978 204.8610 0.3960 0.3190   -9.9900
20053003 1993.151636 31.7110 64.1660  232  230.2599 18.6493 4.8545 36.5980 205.1200 0.3960 0.3180   -9.9900
20053003 1993.151636 31.7110 64.1660  234  232.2438 18.6427 4.8538 36.5978 205.0820 0.3960 0.3190   -9.9900
20053003 1993.151636 31.7110 64.1660  236  234.2277 18.6362 4.8532 36.5975 205.2770 0.3960 0.3210   -9.9900
20053003 1993.151636 31.7110 64.1660  238  236.2115 18.6261 4.8522 36.5972 205.5120 0.3960 0.3210   -9.9900
20053003 1993.151636 31.7110 64.1660  240  238.1953 18.6125 4.8507 36.5959 205.7190 0.3950 0.3170   -9.9900
20053003 1993.151636 31.7110 64.1660  242  240.1791 18.6017 4.8496 36.5949 205.7960 0.3950 0.3130   -9.9900
20053003 1993.151636 31.7110 64.1660  244  242.1629 18.5800 4.8471 36.5923 205.7740 0.3950 0.3130   -9.9900
20053003 1993.151636 31.7110 64.1660  246  244.1467 18.5562 4.8444 36.5902 205.7320 0.3940 0.3160   -9.9900
20053003 1993.151636 31.7110 64.1660  248  246.1304 18.5431 4.8430 36.5890 205.4810 0.3940 0.3190   -9.9900
20053003 1993.151636 31.7110 64.1660  250  248.1141 18.5376 4.8425 36.5886 205.6250 0.3940 0.3180   -9.9900
20053003 1993.151636 31.7110 64.1660  252  250.0978 18.5318 4.8419 36.5878 205.5400 0.3940 0.3160   -9.9900
20053004 1993.151865 31.7210 64.2410   13   12.9093 19.6212 4.9527 36.6478 224.0720 0.4530 0.3890   -9.9900
20053004 1993.151865 31.7210 64.2410   15   14.8953 19.6239 4.9530 36.6477 223.7490 0.4530 0.3850   -9.9900
20053004 1993.151865 31.7210 64.2410   17   16.8813 19.6255 4.9533 36.6475 223.8310 0.4530 0.3900   -9.9900
20053004 1993.151865 31.7210 64.2410   19   18.8672 19.6247 4.9533 36.6476 223.4900 0.4530 0.3930   -9.9900
20053004 1993.151865 31.7210 64.2410   21   20.8531 19.6281 4.9537 36.6473 223.3850 0.4520 0.3950   -9.9900
20053004 1993.151865 31.7210 64.2410   23   22.8390 19.6295 4.9539 36.6471 223.4390 0.4510 0.4010   -9.9900
20053004 1993.151865 31.7210 64.2410   25   24.8249 19.6295 4.9540 36.6473 223.0140 0.4510 0.4110   -9.9900
20053004 1993.151865 31.7210 64.2410   27   26.8108 19.6300 4.9542 36.6471 222.8580 0.4510 0.4110   -9.9900
20053004 1993.151865 31.7210 64.2410   29   28.7966 19.6303 4.9543 36.6472 222.8850 0.4520 0.4200   -9.9900
20053004 1993.151865 31.7210 64.2410   31   30.7824 19.6301 4.9543 36.6471 222.8440 0.4510 0.4150   -9.9900
20053004 1993.151865 31.7210 64.2410   33   32.7683 19.6310 4.9545 36.6472 222.7320 0.4510 0.4240   -9.9900
20053004 1993.151865 31.7210 64.2410   35   34.7540 19.6304 4.9545 36.6470 222.5960 0.4510 0.4240   -9.9900
20053004 1993.151865 31.7210 64.2410   37   36.7398 19.6310 4.9547 36.6474 222.2980 0.4560 0.4200   -9.9900
20053004 1993.151865 31.7210 64.2410   39   38.7256 19.6313 4.9549 36.6474 222.2830 0.4530 0.4220   -9.9900
20053004 1993.151865 31.7210 64.2410   41   40.7113 19.6323 4.9551 36.6475 222.2520 0.4530 0.4200   -9.9900
20053004 1993.151865 31.7210 64.2410   43   42.6970 19.6344 4.9554 36.6474 222.2260 0.4530 0.4250   -9.9900
20053004 1993.151865 31.7210 64.2410   45   44.6827 19.6351 4.9555 36.6473 222.2160 0.4530 0.4220   -9.9900
20053004 1993.151865 31.7210 64.2410   47   46.6684 19.6356 4.9557 36.6472 222.1890 0.4540 0.4200   -9.9900
20053004 1993.151865 31.7210 64.2410   49   48.6540 19.6355 4.9558 36.6474 221.9010 0.4530 0.4210   -9.9900
20053004 1993.151865 31.7210 64.2410   51   50.6396 19.6360 4.9559 36.6474 221.7510 0.4520 0.4260   -9.9900
20053004 1993.151865 31.7210 64.2410   53   52.6252 19.6364 4.9560 36.6474 221.6760 0.4530 0.4260   -9.9900
20053004 1993.151865 31.7210 64.2410   55   54.6108 19.6356 4.9560 36.6473 221.6910 0.4530 0.4220   -9.9900
20053004 1993.151865 31.7210 64.2410   57   56.5964 19.6347 4.9561 36.6476 221.8690 0.4530 0.4190   -9.9900
20053004 1993.151865 31.7210 64.2410   59   58.5820 19.6360 4.9563 36.6475 221.9660 0.4520 0.4200   -9.9900
20053004 1993.151865 31.7210 64.2410   61   60.5675 19.6361 4.9564 36.6477 222.0130 0.4530 0.4230   -9.9900
20053004 1993.151865 31.7210 64.2410   63   62.5530 19.6368 4.9566 36.6476 221.6480 0.4530 0.4250   -9.9900
20053004 1993.151865 31.7210 64.2410   65   64.5385 19.6370 4.9566 36.6473 221.2330 0.4530 0.4230   -9.9900
20053004 1993.151865 31.7210 64.2410   67   66.5240 19.6321 4.9561 36.6462 221.4090 0.4510 0.4220   -9.9900
20053004 1993.151865 31.7210 64.2410   69   68.5095 19.6295 4.9558 36.6458 221.5690 0.4510 0.4230   -9.9900
20053004 1993.151865 31.7210 64.2410   71   70.4949 19.6277 4.9557 36.6456 221.4990 0.4510 0.4260   -9.9900
20053004 1993.151865 31.7210 64.2410   73   72.4803 19.6245 4.9554 36.6452 221.4750 0.4500 0.4230   -9.9900
20053004 1993.151865 31.7210 64.2410   75   74.4657 19.6089 4.9536 36.6432 221.4960 0.4490 0.4200   -9.9900
20053004 1993.151865 31.7210 64.2410   77   76.4511 19.6125 4.9542 36.6439 221.2320 0.4490 0.4240   -9.9900
20053004 1993.151865 31.7210 64.2410   79   78.4365 19.6188 4.9550 36.6445 221.2130 0.4500 0.4270   -9.9900
20053004 1993.151865 31.7210 64.2410   81   80.4218 19.5895 4.9514 36.6397 221.3160 0.4510 0.4250   -9.9900
20053004 1993.151865 31.7210 64.2410   83   82.4071 19.5772 4.9501 36.6384 221.3700 0.4460 0.4210   -9.9900
20053004 1993.151865 31.7210 64.2410   85   84.3924 19.5773 4.9502 36.6385 221.3690 0.4470 0.4210   -9.9900
20053004 1993.151865 31.7210 64.2410   87   86.3777 19.5761 4.9501 36.6380 221.3720 0.4470 0.4180   -9.9900
20053004 1993.151865 31.7210 64.2410   89   88.3630 19.5783 4.9505 36.6384 221.1560 0.4480 0.4160   -9.9900
20053004 1993.151865 31.7210 64.2410   91   90.3482 19.5803 4.9508 36.6385 220.8560 0.4480 0.4190   -9.9900
20053004 1993.151865 31.7210 64.2410   93   92.3335 19.5806 4.9509 36.6385 220.9030 0.4470 0.4160   -9.9900
20053004 1993.151865 31.7210 64.2410   95   94.3187 19.5786 4.9507 36.6383 220.9760 0.4470 0.4200   -9.9900
20053004 1993.151865 31.7210 64.2410   97   96.3039 19.5848 4.9516 36.6391 220.8070 0.4480 0.4240   -9.9900
20053004 1993.151865 31.7210 64.2410   99   98.2890 19.5805 4.9512 36.6385 220.4460 0.4490 0.4190   -9.9900
20053004 1993.151865 31.7210 64.2410  101  100.2742 19.5718 4.9501 36.6368 220.7950 0.4470 0.4160   -9.9900
20053004 1993.151865 31.7210 64.2410  103  102.2593 19.5702 4.9500 36.6368 220.8790 0.4470 0.4160   -9.9900
20053004 1993.151865 31.7210 64.2410  105  104.2444 19.5729 4.9504 36.6369 220.8360 0.4470 0.4190   -9.9900
20053004 1993.151865 31.7210 64.2410  107  106.2295 19.5672 4.9498 36.6359 220.6660 0.4460 0.4180   -9.9900
20053004 1993.151865 31.7210 64.2410  109  108.2146 19.5629 4.9494 36.6352 220.5130 0.4460 0.4190   -9.9900
20053004 1993.151865 31.7210 64.2410  111  110.1996 19.5494 4.9477 36.6327 220.6370 0.4450 0.4160   -9.9900
20053004 1993.151865 31.7210 64.2410  113  112.1847 19.5476 4.9476 36.6324 220.3620 0.4450 0.4130   -9.9900
20053004 1993.151865 31.7210 64.2410  115  114.1697 19.5461 4.9474 36.6314 220.2620 0.4450 0.4090   -9.9900
20053004 1993.151865 31.7210 64.2410  117  116.1547 19.5311 4.9456 36.6287 220.2160 0.4430 0.4170   -9.9900
20053004 1993.151865 31.7210 64.2410  119  118.1397 19.5224 4.9446 36.6278 220.2510 0.4430 0.4120   -9.9900
20053004 1993.151865 31.7210 64.2410  121  120.1246 19.5271 4.9454 36.6290 220.3590 0.4430 0.4100   -9.9900
20053004 1993.151865 31.7210 64.2410  123  122.1096 19.5328 4.9461 36.6291 220.3840 0.4450 0.4130   -9.9900
20053004 1993.151865 31.7210 64.2410  125  124.0945 19.5324 4.9462 36.6294 220.2700 0.4440 0.4090   -9.9900
20053004 1993.151865 31.7210 64.2410  127  126.0794 19.5349 4.9466 36.6297 220.2850 0.4440 0.4090   -9.9900
20053004 1993.151865 31.7210 64.2410  129  128.0643 19.5334 4.9464 36.6292 220.2640 0.4440 0.4090   -9.9900
20053004 1993.151865 31.7210 64.2410  131  130.0491 19.5336 4.9466 36.6294 220.4260 0.4440 0.4080   -9.9900
20053004 1993.151865 31.7210 64.2410  133  132.0340 19.5195 4.9448 36.6264 220.3970 0.4430 0.4050   -9.9900
20053004 1993.151865 31.7210 64.2410  135  134.0188 19.5136 4.9441 36.6246 220.0100 0.4400 0.4050   -9.9900
20053004 1993.151865 31.7210 64.2410  137  136.0036 19.5030 4.9427 36.6219 219.7440 0.4360 0.3970   -9.9900
20053004 1993.151865 31.7210 64.2410  139  137.9884 19.4762 4.9390 36.6142 219.0830 0.4280 0.3900   -9.9900
20053004 1993.151865 31.7210 64.2410  141  139.9732 19.4692 4.9383 36.6135 219.0530 0.4250 0.3820   -9.9900
20053004 1993.151865 31.7210 64.2410  143  141.9579 19.4684 4.9383 36.6130 218.7600 0.4260 0.3750   -9.9900
20053004 1993.151865 31.7210 64.2410  145  143.9426 19.4561 4.9367 36.6102 218.3080 0.4220 0.3690   -9.9900
20053004 1993.151865 31.7210 64.2410  147  145.9273 19.4278 4.9332 36.6048 217.4820 0.4150 0.3550   -9.9900
20053004 1993.151865 31.7210 64.2410  149  147.9120 19.4114 4.9314 36.6034 216.8620 0.4130 0.3470   -9.9900
20053004 1993.151865 31.7210 64.2410  151  149.8967 19.3996 4.9302 36.6031 216.0860 0.4090 0.3380   -9.9900
20053004 1993.151865 31.7210 64.2410  153  151.8814 19.3896 4.9292 36.6026 215.4650 0.4090 0.3380   -9.9900
20053004 1993.151865 31.7210 64.2410  155  153.8660 19.3816 4.9283 36.6020 215.3240 0.4090 0.3320   -9.9900
20053004 1993.151865 31.7210 64.2410  157  155.8506 19.3790 4.9282 36.6020 215.0690 0.4090 0.3310   -9.9900
20053004 1993.151865 31.7210 64.2410  159  157.8352 19.3734 4.9277 36.6022 214.9290 0.4080 0.3300   -9.9900
20053004 1993.151865 31.7210 64.2410  161  159.8198 19.3664 4.9271 36.6024 214.6770 0.4080 0.3320   -9.9900
20053004 1993.151865 31.7210 64.2410  163  161.8043 19.3544 4.9258 36.6017 214.3000 0.4090 0.3270   -9.9900
20053004 1993.151865 31.7210 64.2410  165  163.7889 19.3466 4.9250 36.6012 214.1890 0.4080 0.3300   -9.9900
20053004 1993.151865 31.7210 64.2410  167  165.7734 19.3418 4.9245 36.6005 214.3720 0.4080 0.3290   -9.9900
20053004 1993.151865 31.7210 64.2410  169  167.7579 19.3385 4.9242 36.6001 214.5610 0.4090 0.3260   -9.9900
20053004 1993.151865 31.7210 64.2410  171  169.7424 19.3347 4.9238 36.5994 214.2710 0.4080 0.3260   -9.9900
20053004 1993.151865 31.7210 64.2410  173  171.7268 19.3225 4.9226 36.5989 214.0930 0.4080 0.3280   -9.9900
20053004 1993.151865 31.7210 64.2410  175  173.7113 19.3067 4.9216 36.6040 213.3250 0.4080 0.3250   -9.9900
20053004 1993.151865 31.7210 64.2410  177  175.6957 19.3048 4.9217 36.6056 212.1130 0.4080 0.3280   -9.9900
20053004 1993.151865 31.7210 64.2410  179  177.6801 19.2989 4.9213 36.6072 211.1110 0.4080 0.3320   -9.9900
20053004 1993.151865 31.7210 64.2410  181  179.6645 19.2704 4.9187 36.6094 210.6340 0.4070 0.3310   -9.9900
20053004 1993.151865 31.7210 64.2410  183  181.6488 19.2636 4.9180 36.6089 209.9730 0.4070 0.3300   -9.9900
20053004 1993.151865 31.7210 64.2410  185  183.6332 19.2422 4.9159 36.6095 209.6190 0.4070 0.3340   -9.9900
20053004 1993.151865 31.7210 64.2410  187  185.6175 19.2127 4.9132 36.6116 209.0080 0.4060 0.3320   -9.9900
20053004 1993.151865 31.7210 64.2410  189  187.6018 19.2020 4.9122 36.6122 208.0400 0.4070 0.3260   -9.9900
20053004 1993.151865 31.7210 64.2410  191  189.5861 19.1914 4.9111 36.6118 207.3300 0.4060 0.3270   -9.9900
20053004 1993.151865 31.7210 64.2410  193  191.5704 19.1766 4.9097 36.6119 206.6150 0.4060 0.3290   -9.9900
20053004 1993.151865 31.7210 64.2410  195  193.5546 19.1595 4.9080 36.6122 206.6090 0.4060 0.3240   -9.9900
20053004 1993.151865 31.7210 64.2410  197  195.5388 19.1429 4.9062 36.6106 206.3630 0.4060 0.3240   -9.9900
20053004 1993.151865 31.7210 64.2410  199  197.5230 19.1045 4.9020 36.6090 206.1370 0.4050 0.3210   -9.9900
20053004 1993.151865 31.7210 64.2410  201  199.5072 19.0989 4.9015 36.6088 206.0530 0.4050 0.3220   -9.9900
20053004 1993.151865 31.7210 64.2410  203  201.4914 19.0898 4.9005 36.6079 205.7390 0.4040 0.3230   -9.9900
20053004 1993.151865 31.7210 64.2410  205  203.4756 19.0799 4.8995 36.6073 206.0800 0.4060 0.3220   -9.9900
20053004 1993.151865 31.7210 64.2410  207  205.4597 19.0707 4.8986 36.6071 206.0170 0.4050 0.3230   -9.9900
20053004 1993.151865 31.7210 64.2410  209  207.4438 19.0540 4.8970 36.6073 205.4560 0.4060 0.3220   -9.9900
20053004 1993.151865 31.7210 64.2410  211  209.4279 19.0261 4.8942 36.6079 204.8120 0.4050 0.3200   -9.9900
20053004 1993.151865 31.7210 64.2410  213  211.4120 18.9847 4.8901 36.6092 204.2340 0.4060 0.3230   -9.9900
20053004 1993.151865 31.7210 64.2410  215  213.3960 18.9286 4.8842 36.6080 203.5490 0.4050 0.3260   -9.9900
20053004 1993.151865 31.7210 64.2410  217  215.3801 18.8825 4.8794 36.6078 203.1620 0.4040 0.3240   -9.9900
20053004 1993.151865 31.7210 64.2410  219  217.3641 18.8589 4.8769 36.6068 202.4280 0.4030 0.3190   -9.9900
20053004 1993.151865 31.7210 64.2410  221  219.3481 18.8502 4.8760 36.6059 202.2510 0.4030 0.3190   -9.9900
20053004 1993.151865 31.7210 64.2410  223  221.3321 18.8337 4.8743 36.6060 201.7470 0.4030 0.3200   -9.9900
20053004 1993.151865 31.7210 64.2410  225  223.3160 18.8195 4.8729 36.6053 201.1560 0.4030 0.3220   -9.9900
20053004 1993.151865 31.7210 64.2410  227  225.3000 18.8072 4.8717 36.6055 200.9300 0.4030 0.3230   -9.9900
20053004 1993.151865 31.7210 64.2410  229  227.2839 18.7939 4.8704 36.6054 200.7640 0.4030 0.3220   -9.9900
20053004 1993.151865 31.7210 64.2410  231  229.2678 18.7832 4.8693 36.6052 200.7420 0.4030 0.3260   -9.9900
20053004 1993.151865 31.7210 64.2410  233  231.2517 18.7717 4.8681 36.6045 200.5330 0.4030 0.3270   -9.9900
20053004 1993.151865 31.7210 64.2410  235  233.2355 18.7375 4.8644 36.6030 200.7220 0.4030 0.3240   -9.9900
20053004 1993.151865 31.7210 64.2410  237  235.2194 18.7005 4.8604 36.6012 201.0880 0.4020 0.3230   -9.9900
20053004 1993.151865 31.7210 64.2410  239  237.2032 18.6879 4.8591 36.6005 201.5910 0.4010 0.3190   -9.9900
20053004 1993.151865 31.7210 64.2410  241  239.1870 18.6741 4.8576 36.5995 201.4810 0.4010 0.3170   -9.9900
20053004 1993.151865 31.7210 64.2410  243  241.1708 18.6625 4.8564 36.5984 201.5770 0.4010 0.3220   -9.9900
20053004 1993.151865 31.7210 64.2410  245  243.1546 18.6427 4.8543 36.5971 201.6170 0.4010 0.3220   -9.9900
20053004 1993.151865 31.7210 64.2410  247  245.1383 18.6374 4.8537 36.5964 201.9900 0.4020 0.3210   -9.9900
20053004 1993.151865 31.7210 64.2410  249  247.1221 18.6339 4.8534 36.5962 202.0440 0.4010 0.3270   -9.9900
20053004 1993.151865 31.7210 64.2410  251  249.1058 18.6167 4.8515 36.5945 201.7320 0.4010 0.3240   -9.9900
20053004 1993.151865 31.7210 64.2410  253  251.0895 18.5205 4.8408 36.5880 202.1830 0.4010 0.3200   -9.9900
20053005 1993.152125 31.6820 64.2040   13   12.9094 19.5782 4.9463 36.6322 232.4140 0.4510 0.3770   -9.9900
20053005 1993.152125 31.6820 64.2040   15   14.8954 19.5787 4.9465 36.6326 230.2670 0.4510 0.3850   -9.9900
20053005 1993.152125 31.6820 64.2040   17   16.8813 19.5800 4.9467 36.6326 229.6410 0.4520 0.3890   -9.9900
20053005 1993.152125 31.6820 64.2040   19   18.8673 19.5804 4.9468 36.6326 229.2090 0.4520 0.3970   -9.9900
20053005 1993.152125 31.6820 64.2040   21   20.8532 19.5808 4.9470 36.6327 228.5410 0.4520 0.4030   -9.9900
20053005 1993.152125 31.6820 64.2040   23   22.8391 19.5811 4.9471 36.6327 228.2190 0.4510 0.3990   -9.9900
20053005 1993.152125 31.6820 64.2040   25   24.8250 19.5799 4.9470 36.6322 227.8490 0.4500 0.4010   -9.9900
20053005 1993.152125 31.6820 64.2040   27   26.8109 19.5803 4.9472 36.6325 227.6960 0.4490 0.4000   -9.9900
20053005 1993.152125 31.6820 64.2040   29   28.7967 19.5812 4.9474 36.6330 227.1750 0.4500 0.3980   -9.9900
20053005 1993.152125 31.6820 64.2040   31   30.7825 19.5825 4.9476 36.6328 226.9130 0.4510 0.4040   -9.9900
20053005 1993.152125 31.6820 64.2040   33   32.7684 19.5827 4.9477 36.6327 226.5550 0.4510 0.4080   -9.9900
20053005 1993.152125 31.6820 64.2040   35   34.7542 19.5831 4.9479 36.6329 226.3860 0.4510 0.4100   -9.9900
20053005 1993.152125 31.6820 64.2040   37   36.7399 19.5834 4.9480 36.6327 226.3520 0.4510 0.4140   -9.9900
20053005 1993.152125 31.6820 64.2040   39   38.7257 19.5827 4.9480 36.6327 226.0480 0.4500 0.4100   -9.9900
20053005 1993.152125 31.6820 64.2040   41   40.7114 19.5827 4.9481 36.6326 225.8750 0.4490 0.4080   -9.9900
20053005 1993.152125 31.6820 64.2040   43   42.6971 19.5826 4.9481 36.6325 225.8630 0.4490 0.4130   -9.9900
20053005 1993.152125 31.6820 64.2040   45   44.6828 19.5828 4.9482 36.6325 225.5550 0.4480 0.4150   -9.9900
20053005 1993.152125 31.6820 64.2040   47   46.6685 19.5826 4.9483 36.6323 225.2730 0.4480 0.4150   -9.9900
20053005 1993.152125 31.6820 64.2040   49   48.6542 19.5819 4.9483 36.6319 224.9060 0.4450 0.4160   -9.9900
20053005 1993.152125 31.6820 64.2040   51   50.6398 19.5833 4.9485 36.6320 224.8380 0.4420 0.4150   -9.9900
20053005 1993.152125 31.6820 64.2040   53   52.6254 19.5829 4.9485 36.6320 224.4780 0.4420 0.4120   -9.9900
20053005 1993.152125 31.6820 64.2040   55   54.6110 19.5833 4.9487 36.6319 224.3560 0.4430 0.4150   -9.9900
20053005 1993.152125 31.6820 64.2040   57   56.5966 19.5828 4.9487 36.6318 224.2440 0.4430 0.4200   -9.9900
20053005 1993.152125 31.6820 64.2040   59   58.5822 19.5842 4.9490 36.6321 223.9240 0.4420 0.4140   -9.9900
20053005 1993.152125 31.6820 64.2040   61   60.5677 19.5853 4.9492 36.6321 223.8390 0.4430 0.4130   -9.9900
20053005 1993.152125 31.6820 64.2040   63   62.5532 19.5854 4.9493 36.6321 223.8220 0.4430 0.4080   -9.9900
20053005 1993.152125 31.6820 64.2040   65   64.5387 19.5855 4.9494 36.6319 223.6530 0.4420 0.4080   -9.9900
20053005 1993.152125 31.6820 64.2040   67   66.5242 19.5857 4.9495 36.6321 223.1460 0.4420 0.4090   -9.9900
20053005 1993.152125 31.6820 64.2040   69   68.5097 19.5858 4.9496 36.6322 223.0760 0.4420 0.4090   -9.9900
20053005 1993.152125 31.6820 64.2040   71   70.4951 19.5860 4.9497 36.6324 223.0620 0.4430 0.4080   -9.9900
20053005 1993.152125 31.6820 64.2040   73   72.4806 19.5874 4.9500 36.6323 222.8110 0.4440 0.4110   -9.9900
20053005 1993.152125 31.6820 64.2040   75   74.4660 19.5871 4.9500 36.6323 222.7850 0.4420 0.4110   -9.9900
20053005 1993.152125 31.6820 64.2040   77   76.4513 19.5876 4.9502 36.6323 222.7490 0.4410 0.4070   -9.9900
20053005 1993.152125 31.6820 64.2040   79   78.4367 19.5874 4.9502 36.6324 222.5420 0.4410 0.4040   -9.9900
20053005 1993.152125 31.6820 64.2040   81   80.4221 19.5872 4.9503 36.6320 222.5090 0.4400 0.4060   -9.9900
20053005 1993.152125 31.6820 64.2040   83   82.4074 19.5871 4.9503 36.6319 222.2710 0.4400 0.4070   -9.9900
20053005 1993.152125 31.6820 64.2040   85   84.3927 19.5876 4.9505 36.6319 222.1630 0.4400 0.4100   -9.9900
20053005 1993.152125 31.6820 64.2040   87   86.3780 19.5873 4.9505 36.6318 222.2570 0.4400 0.4060   -9.9900
20053005 1993.152125 31.6820 64.2040   89   88.3633 19.5881 4.9507 36.6319 222.2560 0.4390 0.4080   -9.9900
20053005 1993.152125 31.6820 64.2040   91   90.3485 19.5882 4.9508 36.6321 222.0370 0.4400 0.4080   -9.9900
20053005 1993.152125 31.6820 64.2040   93   92.3338 19.5889 4.9510 36.6318 221.7610 0.4400 0.4030   -9.9900
20053005 1993.152125 31.6820 64.2040   95   94.3190 19.5892 4.9511 36.6319 221.7540 0.4410 0.4060   -9.9900
20053005 1993.152125 31.6820 64.2040   97   96.3042 19.5878 4.9510 36.6318 221.7600 0.4400 0.4080   -9.9900
20053005 1993.152125 31.6820 64.2040   99   98.2893 19.5867 4.9510 36.6317 221.7680 0.4400 0.4060   -9.9900
20053005 1993.152125 31.6820 64.2040  101  100.2745 19.5860 4.9509 36.6311 221.7620 0.4400 0.3990   -9.9900
20053005 1993.152125 31.6820 64.2040  103  102.2596 19.5873 4.9511 36.6310 221.6800 0.4400 0.4000   -9.9900
20053005 1993.152125 31.6820 64.2040  105  104.2448 19.5871 4.9512 36.6310 221.6460 0.4390 0.3980   -9.9900
20053005 1993.152125 31.6820 64.2040  107  106.2299 19.5876 4.9514 36.6310 221.7450 0.4390 0.4020   -9.9900
20053005 1993.152125 31.6820 64.2040  109  108.2149 19.5867 4.9513 36.6309 221.4380 0.4380 0.4010   -9.9900
20053005 1993.152125 31.6820 64.2040  111  110.2000 19.5859 4.9513 36.6309 220.9090 0.4380 0.4030   -9.9900
20053005 1993.152125 31.6820 64.2040  113  112.1850 19.5865 4.9515 36.6310 221.1270 0.4380 0.4060   -9.9900
20053005 1993.152125 31.6820 64.2040  115  114.1701 19.5859 4.9515 36.6309 221.3030 0.4380 0.4020   -9.9900
20053005 1993.152125 31.6820 64.2040  117  116.1551 19.5892 4.9522 36.6327 221.1910 0.4430 0.4020   -9.9900
20053005 1993.152125 31.6820 64.2040  119  118.1401 19.5910 4.9525 36.6334 221.5240 0.4430 0.4060   -9.9900
20053005 1993.152125 31.6820 64.2040  121  120.1250 19.5904 4.9525 36.6326 221.8130 0.4430 0.4060   -9.9900
20053005 1993.152125 31.6820 64.2040  123  122.1100 19.5896 4.9524 36.6323 221.7250 0.4420 0.4040   -9.9900
20053005 1993.152125 31.6820 64.2040  125  124.0949 19.5908 4.9527 36.6325 221.8480 0.4430 0.3990   -9.9900
20053005 1993.152125 31.6820 64.2040  127  126.0798 19.5929 4.9531 36.6334 221.8560 0.4440 0.4050   -9.9900
20053005 1993.152125 31.6820 64.2040  129  128.0647 19.5937 4.9533 36.6336 221.8800 0.4450 0.4150   -9.9900
20053005 1993.152125 31.6820 64.2040  131  130.0496 19.5933 4.9533 36.6334 221.8820 0.4440 0.4170   -9.9900
20053005 1993.152125 31.6820 64.2040  133  132.0344 19.5935 4.9535 36.6336 221.6920 0.4450 0.4200   -9.9900
20053005 1993.152125 31.6820 64.2040  135  134.0192 19.5957 4.9538 36.6338 221.7530 0.4460 0.4280   -9.9900
20053005 1993.152125 31.6820 64.2040  137  136.0040 19.5963 4.9540 36.6337 221.6710 0.4460 0.4280   -9.9900
20053005 1993.152125 31.6820 64.2040  139  137.9888 19.5968 4.9541 36.6341 221.6300 0.4450 0.4330   -9.9900
20053005 1993.152125 31.6820 64.2040  141  139.9736 19.5971 4.9543 36.6343 221.6540 0.4450 0.4230   -9.9900
20053005 1993.152125 31.6820 64.2040  143  141.9584 19.5972 4.9544 36.6341 221.5350 0.4460 0.4180   -9.9900
20053005 1993.152125 31.6820 64.2040  145  143.9431 19.5974 4.9545 36.6343 221.5140 0.4460 0.4200   -9.9900
20053005 1993.152125 31.6820 64.2040  147  145.9278 19.5970 4.9545 36.6342 221.5670 0.4460 0.4200   -9.9900
20053005 1993.152125 31.6820 64.2040  149  147.9125 19.5962 4.9545 36.6339 221.5970 0.4450 0.4170   -9.9900
20053005 1993.152125 31.6820 64.2040  151  149.8972 19.5978 4.9548 36.6340 221.3620 0.4450 0.4180   -9.9900
20053005 1993.152125 31.6820 64.2040  153  151.8818 19.5988 4.9550 36.6341 221.1120 0.4460 0.4210   -9.9900
20053005 1993.152125 31.6820 64.2040  155  153.8665 19.5996 4.9551 36.6340 221.1230 0.4460 0.4210   -9.9900
20053005 1993.152125 31.6820 64.2040  157  155.8511 19.5970 4.9550 36.6340 221.3120 0.4460 0.4160   -9.9900
20053005 1993.152125 31.6820 64.2040  159  157.8357 19.5903 4.9542 36.6329 221.1820 0.4440 0.4160   -9.9900
20053005 1993.152125 31.6820 64.2040  161  159.8203 19.5583 4.9501 36.6264 220.8880 0.4380 0.4050   -9.9900
20053005 1993.152125 31.6820 64.2040  163  161.8048 19.5180 4.9450 36.6185 220.0500 0.4310 0.3800   -9.9900
20053005 1993.152125 31.6820 64.2040  165  163.7894 19.4948 4.9420 36.6128 219.2730 0.4220 0.3770   -9.9900
20053005 1993.152125 31.6820 64.2040  167  165.7739 19.4094 4.9321 36.6044 218.1690 0.4150 0.3620   -9.9900
20053005 1993.152125 31.6820 64.2040  169  167.7584 19.3794 4.9288 36.6023 216.9360 0.4080 0.3420   -9.9900
20053005 1993.152125 31.6820 64.2040  171  169.7429 19.3485 4.9261 36.6066 215.2600 0.4060 0.3270   -9.9900
20053005 1993.152125 31.6820 64.2040  173  171.7274 19.3480 4.9264 36.6088 214.0730 0.4070 0.3240   -9.9900
20053005 1993.152125 31.6820 64.2040  175  173.7118 19.3358 4.9257 36.6125 212.8820 0.4060 0.3210   -9.9900
20053005 1993.152125 31.6820 64.2040  177  175.6962 19.3282 4.9251 36.6139 211.8210 0.4060 0.3210   -9.9900
20053005 1993.152125 31.6820 64.2040  179  177.6806 19.3188 4.9243 36.6143 210.7460 0.4050 0.3230   -9.9900
20053005 1993.152125 31.6820 64.2040  181  179.6650 19.3165 4.9242 36.6147 210.3860 0.4050 0.3240   -9.9900
20053005 1993.152125 31.6820 64.2040  183  181.6494 19.3101 4.9238 36.6160 209.8910 0.4050 0.3280   -9.9900
20053005 1993.152125 31.6820 64.2040  185  183.6338 19.2937 4.9224 36.6180 209.2020 0.4050 0.3300   -9.9900
20053005 1993.152125 31.6820 64.2040  187  185.6181 19.2571 4.9189 36.6209 207.6930 0.4050 0.3280   -9.9900
20053005 1993.152125 31.6820 64.2040  189  187.6024 19.2288 4.9165 36.6246 206.5200 0.4050 0.3270   -9.9900
20053005 1993.152125 31.6820 64.2040  191  189.5867 19.2005 4.9134 36.6231 204.8550 0.4050 0.3210   -9.9900
20053005 1993.152125 31.6820 64.2040  193  191.5710 19.0928 4.9024 36.6248 203.1860 0.4050 0.3200   -9.9900
20053005 1993.152125 31.6820 64.2040  195  193.5552 19.0492 4.8976 36.6221 202.5630 0.4040 0.3240   -9.9900
20053005 1993.152125 31.6820 64.2040  197  195.5395 19.0080 4.8932 36.6206 201.3280 0.4040 0.3210   -9.9900
20053005 1993.152125 31.6820 64.2040  199  197.5237 18.9870 4.8909 36.6192 201.0260 0.4030 0.3240   -9.9900
20053005 1993.152125 31.6820 64.2040  201  199.5079 18.9759 4.8897 36.6181 200.9640 0.4030 0.3240   -9.9900
20053005 1993.152125 31.6820 64.2040  203  201.4920 18.9250 4.8840 36.6144 200.4000 0.4030 0.3200   -9.9900
20053005 1993.152125 31.6820 64.2040  205  203.4762 18.9019 4.8815 36.6128 200.8840 0.4030 0.3210   -9.9900
20053005 1993.152125 31.6820 64.2040  207  205.4603 18.8909 4.8803 36.6116 200.7950 0.4030 0.3260   -9.9900
20053005 1993.152125 31.6820 64.2040  209  207.4445 18.8718 4.8782 36.6103 200.5210 0.4030 0.3240   -9.9900
20053005 1993.152125 31.6820 64.2040  211  209.4286 18.8359 4.8742 36.6075 200.8930 0.4030 0.3250   -9.9900
20053005 1993.152125 31.6820 64.2040  213  211.4127 18.8226 4.8727 36.6060 201.3430 0.4030 0.3210   -9.9900
20053005 1993.152125 31.6820 64.2040  215  213.3967 18.8037 4.8707 36.6051 201.4210 0.4030 0.3190   -9.9900
20053005 1993.152125 31.6820 64.2040  217  215.3808 18.7946 4.8698 36.6042 201.3680 0.4020 0.3210   -9.9900
20053005 1993.152125 31.6820 64.2040  219  217.3648 18.7757 4.8678 36.6036 201.6170 0.4020 0.3230   -9.9900
20053005 1993.152125 31.6820 64.2040  221  219.3488 18.7703 4.8673 36.6032 201.4650 0.4020 0.3240   -9.9900
20053005 1993.152125 31.6820 64.2040  223  221.3328 18.7603 4.8662 36.6025 201.7160 0.4010 0.3200   -9.9900
20053005 1993.152125 31.6820 64.2040  225  223.3167 18.7449 4.8646 36.6020 201.8460 0.4010 0.3200   -9.9900
20053005 1993.152125 31.6820 64.2040  227  225.3007 18.7349 4.8636 36.6015 201.8470 0.4010 0.3210   -9.9900
20053005 1993.152125 31.6820 64.2040  229  227.2846 18.7108 4.8611 36.6005 202.0190 0.4010 0.3220   -9.9900
20053005 1993.152125 31.6820 64.2040  231  229.2685 18.6861 4.8585 36.5996 202.5500 0.4010 0.3220   -9.9900
20053005 1993.152125 31.6820 64.2040  233  231.2524 18.6710 4.8569 36.5988 202.7970 0.4010 0.3210   -9.9900
20053005 1993.152125 31.6820 64.2040  235  233.2363 18.6585 4.8557 36.5988 202.9430 0.4010 0.3180   -9.9900
20053005 1993.152125 31.6820 64.2040  237  235.2201 18.6579 4.8557 36.5987 202.9470 0.4010 0.3150   -9.9900
20053005 1993.152125 31.6820 64.2040  239  237.2040 18.6534 4.8552 36.5980 202.9780 0.4010 0.3150   -9.9900
20053005 1993.152125 31.6820 64.2040  241  239.1878 18.6394 4.8538 36.5973 203.1060 0.4010 0.3190   -9.9900
20053005 1993.152125 31.6820 64.2040  243  241.1716 18.6201 4.8517 36.5964 203.7250 0.4010 0.3200   -9.9900
20053005 1993.152125 31.6820 64.2040  245  243.1554 18.6159 4.8513 36.5961 203.3420 0.4010 0.3210   -9.9900
20053005 1993.152125 31.6820 64.2040  247  245.1391 18.6019 4.8498 36.5946 203.3330 0.4010 0.3240   -9.9900
20053005 1993.152125 31.6820 64.2040  249  247.1229 18.5751 4.8468 36.5925 203.3780 0.4010 0.3220   -9.9900
20053005 1993.152125 31.6820 64.2040  251  249.1066 18.5692 4.8462 36.5919 203.3250 0.4010 0.3220   -9.9900
20053005 1993.152125 31.6820 64.2040  253  251.0903 18.5662 4.8459 36.5914 203.2350 0.4010 0.3240   -9.9900
20053005 1993.152125 31.6820 64.2040  255  253.0740 18.5642 4.8458 36.5914 203.3940 0.4010 0.3170   -9.9900
20053006 1993.153459 32.1770 64.5150   11   10.9229 19.5353 4.9429 36.6424 230.0080 0.4480 0.4160   -9.9900
20053006 1993.153459 32.1770 64.5150   13   12.9088 19.5232 4.9417 36.6425 227.6880 0.4460 0.4230   -9.9900
20053006 1993.153459 32.1770 64.5150   15   14.8947 19.5266 4.9421 36.6424 227.0240 0.4460 0.4220   -9.9900
20053006 1993.153459 32.1770 64.5150   17   16.8806 19.5283 4.9424 36.6421 226.6500 0.4440 0.4190   -9.9900
20053006 1993.153459 32.1770 64.5150   19   18.8665 19.5288 4.9425 36.6422 226.4820 0.4460 0.4180   -9.9900
20053006 1993.153459 32.1770 64.5150   21   20.8523 19.5318 4.9430 36.6426 226.0930 0.4460 0.4180   -9.9900
