20054001 1993.242399 31.7950 64.2030    7    6.9512 20.2893 5.0314 36.7167 230.2260 0.4410 0.3820   -9.9900
20054001 1993.242399 31.7950 64.2030    9    8.9373 20.2883 5.0298 36.7038 225.1070 0.4390 0.3780   -9.9900
20054001 1993.242399 31.7950 64.2030   11   10.9233 20.2847 5.0295 36.7036 224.2130 0.4390 0.3740   -9.9900
20054001 1993.242399 31.7950 64.2030   13   12.9093 20.2812 5.0293 36.7039 223.9420 0.4400 0.3740   -9.9900
20054001 1993.242399 31.7950 64.2030   15   14.8952 20.2746 5.0287 36.7045 224.0940 0.4400 0.3730   -9.9900
20054001 1993.242399 31.7950 64.2030   17   16.8812 20.2704 5.0284 36.7045 224.1540 0.4400 0.3720   -9.9900
20054001 1993.242399 31.7950 64.2030   19   18.8671 20.2487 5.0264 36.7061 224.2190 0.4410 0.3750   -9.9900
20054001 1993.242399 31.7950 64.2030   21   20.8530 20.1662 5.0185 36.7125 224.7430 0.4410 0.3740   -9.9900
20054001 1993.242399 31.7950 64.2030   23   22.8389 20.1189 5.0141 36.7171 224.7030 0.4400 0.3700   -9.9900
20054001 1993.242399 31.7950 64.2030   25   24.8248 20.0636 5.0087 36.7203 224.8000 0.4420 0.3740   -9.9900
20054001 1993.242399 31.7950 64.2030   27   26.8106 20.0536 5.0077 36.7199 224.8400 0.4430 0.3760   -9.9900
20054001 1993.242399 31.7950 64.2030   29   28.7964 20.0492 5.0076 36.7222 224.9570 0.4430 0.3700   -9.9900
20054001 1993.242399 31.7950 64.2030   31   30.7823 20.0442 5.0073 36.7230 225.2830 0.4430 0.3740   -9.9900
20054001 1993.242399 31.7950 64.2030   33   32.7681 20.0396 5.0069 36.7230 225.3770 0.4430 0.3780   -9.9900
20054001 1993.242399 31.7950 64.2030   35   34.7538 20.0318 5.0059 36.7213 225.2060 0.4430 0.3790   -9.9900
20054001 1993.242399 31.7950 64.2030   37   36.7396 20.0291 5.0057 36.7208 224.7050 0.4440 0.3810   -9.9900
20054001 1993.242399 31.7950 64.2030   39   38.7253 20.0234 5.0051 36.7201 224.6770 0.4450 0.3800   -9.9900
20054001 1993.242399 31.7950 64.2030   41   40.7110 20.0189 5.0047 36.7198 224.6660 0.4450 0.3780   -9.9900
20054001 1993.242399 31.7950 64.2030   43   42.6967 20.0149 5.0043 36.7195 225.3700 0.4450 0.3840   -9.9900
20054001 1993.242399 31.7950 64.2030   45   44.6824 20.0137 5.0042 36.7192 225.1900 0.4450 0.3870   -9.9900
20054001 1993.242399 31.7950 64.2030   47   46.6681 20.0086 5.0037 36.7185 225.1570 0.4460 0.3870   -9.9900
20054001 1993.242399 31.7950 64.2030   49   48.6537 19.9988 5.0026 36.7176 224.8150 0.4450 0.3880   -9.9900
20054001 1993.242399 31.7950 64.2030   51   50.6393 19.9896 5.0016 36.7167 225.4610 0.4460 0.3910   -9.9900
20054001 1993.242399 31.7950 64.2030   53   52.6249 19.9804 5.0006 36.7157 223.9830 0.4470 0.3960   -9.9900
20054001 1993.242399 31.7950 64.2030   55   54.6105 19.9721 4.9997 36.7142 224.3780 0.4470 0.3950   -9.9900
20054001 1993.242399 31.7950 64.2030   57   56.5961 19.9598 4.9982 36.7117 224.9960 0.4460 0.3990   -9.9900
20054001 1993.242399 31.7950 64.2030   59   58.5816 19.9514 4.9972 36.7104 225.2330 0.4450 0.4020   -9.9900
20054001 1993.242399 31.7950 64.2030   61   60.5671 19.9423 4.9962 36.7096 226.0630 0.4460 0.4040   -9.9900
20054001 1993.242399 31.7950 64.2030   63   62.5526 19.9380 4.9958 36.7093 225.7190 0.4450 0.4040   -9.9900
20054001 1993.242399 31.7950 64.2030   65   64.5381 19.9362 4.9958 36.7096 225.9500 0.4440 0.4070   -9.9900
20054001 1993.242399 31.7950 64.2030   67   66.5236 19.9302 4.9952 36.7095 225.9920 0.4440 0.4050   -9.9900
20054001 1993.242399 31.7950 64.2030   69   68.5090 19.9166 4.9937 36.7081 226.0890 0.4440 0.4120   -9.9900
20054001 1993.242399 31.7950 64.2030   71   70.4945 19.9088 4.9929 36.7075 226.0990 0.4440 0.4130   -9.9900
20054001 1993.242399 31.7950 64.2030   73   72.4799 19.9022 4.9922 36.7070 225.3360 0.4400 0.4120   -9.9900
20054001 1993.242399 31.7950 64.2030   75   74.4653 19.8979 4.9918 36.7067 225.6220 0.4400 0.4120   -9.9900
20054001 1993.242399 31.7950 64.2030   77   76.4506 19.8953 4.9916 36.7065 225.2550 0.4390 0.4210   -9.9900
20054001 1993.242399 31.7950 64.2030   79   78.4360 19.8872 4.9907 36.7056 224.8260 0.4400 0.4190   -9.9900
20054001 1993.242399 31.7950 64.2030   81   80.4213 19.8659 4.9883 36.7036 224.7780 0.4430 0.4260   -9.9900
20054001 1993.242399 31.7950 64.2030   83   82.4066 19.8234 4.9834 36.6989 224.5500 0.4470 0.4350   -9.9900
20054001 1993.242399 31.7950 64.2030   85   84.3919 19.7891 4.9796 36.6972 223.6460 0.4500 0.4480   -9.9900
20054001 1993.242399 31.7950 64.2030   87   86.3772 19.7666 4.9772 36.6961 223.4540 0.4520 0.4530   -9.9900
20054001 1993.242399 31.7950 64.2030   89   88.3624 19.7436 4.9747 36.6948 223.4540 0.4500 0.4570   -9.9900
20054001 1993.242399 31.7950 64.2030   91   90.3477 19.7186 4.9718 36.6922 223.7680 0.4470 0.4520   -9.9900
20054001 1993.242399 31.7950 64.2030   93   92.3329 19.6943 4.9689 36.6882 223.6160 0.4450 0.4520   -9.9900
20054001 1993.242399 31.7950 64.2030   95   94.3181 19.6756 4.9673 36.6907 223.3500 0.4440 0.4450   -9.9900
20054001 1993.242399 31.7950 64.2030   97   96.3033 19.6599 4.9656 36.6897 223.0480 0.4460 0.4470   -9.9900
20054001 1993.242399 31.7950 64.2030   99   98.2884 19.6598 4.9658 36.6907 222.7120 0.4480 0.4560   -9.9900
20054001 1993.242399 31.7950 64.2030  101  100.2736 19.6496 4.9647 36.6897 222.2470 0.4480 0.4590   -9.9900
20054001 1993.242399 31.7950 64.2030  103  102.2587 19.6351 4.9629 36.6868 222.7170 0.4490 0.4650   -9.9900
20054001 1993.242399 31.7950 64.2030  105  104.2438 19.6242 4.9615 36.6842 221.8690 0.4490 0.4640   -9.9900
20054001 1993.242399 31.7950 64.2030  107  106.2289 19.6110 4.9599 36.6812 221.9990 0.4480 0.4650   -9.9900
20054001 1993.242399 31.7950 64.2030  109  108.2139 19.5988 4.9584 36.6793 221.6880 0.4460 0.4640   -9.9900
20054001 1993.242399 31.7950 64.2030  111  110.1990 19.5958 4.9583 36.6801 221.1200 0.4460 0.4670   -9.9900
20054001 1993.242399 31.7950 64.2030  113  112.1840 19.5536 4.9532 36.6738 219.8760 0.4440 0.4630   -9.9900
20054001 1993.242399 31.7950 64.2030  115  114.1690 19.4595 4.9416 36.6592 214.7900 0.4400 0.4780   -9.9900
20054001 1993.242399 31.7950 64.2030  117  116.1540 19.3385 4.9270 36.6427 211.0710 0.4370 0.4820   -9.9900
20054001 1993.242399 31.7950 64.2030  119  118.1390 19.2829 4.9204 36.6362 209.2490 0.4340 0.4830   -9.9900
20054001 1993.242399 31.7950 64.2030  121  120.1239 19.2609 4.9181 36.6352 207.8050 0.4330 0.4790   -9.9900
20054001 1993.242399 31.7950 64.2030  123  122.1088 19.2016 4.9111 36.6279 207.0020 0.4320 0.4810   -9.9900
20054001 1993.242399 31.7950 64.2030  125  124.0937 19.1390 4.9043 36.6254 204.9610 0.4280 0.4780   -9.9900
20054001 1993.242399 31.7950 64.2030  127  126.0786 19.0974 4.8997 36.6231 203.7960 0.4270 0.4700   -9.9900
20054001 1993.242399 31.7950 64.2030  129  128.0635 19.0684 4.8966 36.6215 203.6470 0.4250 0.4620   -9.9900
20054001 1993.242399 31.7950 64.2030  131  130.0483 19.0472 4.8944 36.6212 202.0730 0.4230 0.4570   -9.9900
20054001 1993.242399 31.7950 64.2030  133  132.0332 19.0066 4.8899 36.6186 201.3090 0.4200 0.4550   -9.9900
20054001 1993.242399 31.7950 64.2030  135  134.0180 18.9632 4.8850 36.6147 201.1960 0.4180 0.4450   -9.9900
20054001 1993.242399 31.7950 64.2030  137  136.0028 18.9351 4.8820 36.6135 200.4190 0.4160 0.4380   -9.9900
20054001 1993.242399 31.7950 64.2030  139  137.9876 18.9136 4.8797 36.6126 200.4340 0.4140 0.4330   -9.9900
20054001 1993.242399 31.7950 64.2030  141  139.9723 18.8939 4.8774 36.6093 201.5880 0.4140 0.4290   -9.9900
20054001 1993.242399 31.7950 64.2030  143  141.9570 18.8627 4.8737 36.6053 201.0570 0.4120 0.4210   -9.9900
20054001 1993.242399 31.7950 64.2030  145  143.9418 18.8164 4.8683 36.6002 201.0640 0.4110 0.4160   -9.9900
20054001 1993.242399 31.7950 64.2030  147  145.9265 18.7817 4.8643 36.5963 201.1530 0.4100 0.4120   -9.9900
20054001 1993.242399 31.7950 64.2030  149  147.9111 18.7516 4.8613 36.5965 201.3470 0.4080 0.4080   -9.9900
20054001 1993.242399 31.7950 64.2030  151  149.8958 18.7418 4.8603 36.5965 200.9410 0.4080 0.4060   -9.9900
20054001 1993.242399 31.7950 64.2030  153  151.8804 18.7340 4.8596 36.5965 200.1000 0.4080 0.4070   -9.9900
20054001 1993.242399 31.7950 64.2030  155  153.8650 18.6989 4.8559 36.5958 200.0270 0.4050 0.4050   -9.9900
20054001 1993.242399 31.7950 64.2030  157  155.8496 18.6832 4.8543 36.5950 199.0600 0.4030 0.4010   -9.9900
20054001 1993.242399 31.7950 64.2030  159  157.8342 18.6651 4.8525 36.5948 198.6270 0.4030 0.3950   -9.9900
20054001 1993.242399 31.7950 64.2030  161  159.8188 18.6342 4.8492 36.5937 198.0030 0.4020 0.3920   -9.9900
20054001 1993.242399 31.7950 64.2030  163  161.8033 18.6211 4.8479 36.5933 197.5910 0.4010 0.3910   -9.9900
20054001 1993.242399 31.7950 64.2030  165  163.7879 18.6090 4.8466 36.5929 197.2630 0.4010 0.3890   -9.9900
20054001 1993.242399 31.7950 64.2030  167  165.7724 18.5943 4.8451 36.5923 196.4310 0.4010 0.3870   -9.9900
20054001 1993.242399 31.7950 64.2030  169  167.7569 18.5822 4.8439 36.5918 196.4380 0.3990 0.3840   -9.9900
20054001 1993.242399 31.7950 64.2030  171  169.7413 18.5738 4.8430 36.5912 197.5560 0.3990 0.3820   -9.9900
20054001 1993.242399 31.7950 64.2030  173  171.7258 18.5642 4.8420 36.5906 196.9900 0.3990 0.3810   -9.9900
20054001 1993.242399 31.7950 64.2030  175  173.7102 18.5470 4.8402 36.5895 197.0390 0.3990 0.3830   -9.9900
20054001 1993.242399 31.7950 64.2030  177  175.6946 18.5367 4.8391 36.5884 197.7130 0.3980 0.3850   -9.9900
20054001 1993.242399 31.7950 64.2030  179  177.6790 18.5285 4.8383 36.5879 197.2340 0.3980 0.3820   -9.9900
20054001 1993.242399 31.7950 64.2030  181  179.6634 18.5231 4.8377 36.5874 196.2570 0.3970 0.3840   -9.9900
20054001 1993.242399 31.7950 64.2030  183  181.6477 18.5180 4.8372 36.5870 195.8220 0.3970 0.3830   -9.9900
20054001 1993.242399 31.7950 64.2030  185  183.6320 18.5058 4.8359 36.5854 195.8200 0.3970 0.3800   -9.9900
20054001 1993.242399 31.7950 64.2030  187  185.6164 18.4967 4.8349 36.5844 196.7290 0.3970 0.3780   -9.9900
20054001 1993.242399 31.7950 64.2030  189  187.6007 18.4925 4.8345 36.5839 196.8620 0.3970 0.3810   -9.9900
20054001 1993.242399 31.7950 64.2030  191  189.5849 18.4838 4.8336 36.5832 195.8800 0.3970 0.3830   -9.9900
20054001 1993.242399 31.7950 64.2030  193  191.5692 18.4688 4.8319 36.5814 196.3280 0.3960 0.3820   -9.9900
20054001 1993.242399 31.7950 64.2030  195  193.5534 18.4573 4.8306 36.5800 196.4210 0.3950 0.3800   -9.9900
20054001 1993.242399 31.7950 64.2030  197  195.5376 18.4516 4.8300 36.5795 195.7180 0.3950 0.3800   -9.9900
20054001 1993.242399 31.7950 64.2030  199  197.5218 18.4524 4.8303 36.5802 195.4870 0.3940 0.3800   -9.9900
20054001 1993.242399 31.7950 64.2030  201  199.5060 18.4393 4.8290 36.5797 195.7610 0.3940 0.3830   -9.9900
20054001 1993.242399 31.7950 64.2030  203  201.4902 18.4270 4.8276 36.5782 195.7910 0.3940 0.3790   -9.9900
20054001 1993.242399 31.7950 64.2030  205  203.4743 18.4230 4.8272 36.5780 195.4960 0.3940 0.3800   -9.9900
20054001 1993.242399 31.7950 64.2030  207  205.4584 18.4198 4.8270 36.5783 194.4500 0.3940 0.3800   -9.9900
20054001 1993.242399 31.7950 64.2030  209  207.4425 18.4052 4.8254 36.5765 193.8550 0.3940 0.3810   -9.9900
20054001 1993.242399 31.7950 64.2030  211  209.4266 18.4027 4.8254 36.5785 192.1940 0.3940 0.3810   -9.9900
20054001 1993.242399 31.7950 64.2030  213  211.4107 18.4009 4.8256 36.5803 190.7450 0.3940 0.3800   -9.9900
20054001 1993.242399 31.7950 64.2030  215  213.3947 18.3784 4.8228 36.5761 191.4260 0.3930 0.3820   -9.9900
20054001 1993.242399 31.7950 64.2030  217  215.3788 18.3540 4.8198 36.5717 192.3050 0.3930 0.3870   -9.9900
20054001 1993.242399 31.7950 64.2030  219  217.3628 18.3399 4.8183 36.5704 191.7190 0.3920 0.3860   -9.9900
20054001 1993.242399 31.7950 64.2030  221  219.3467 18.3268 4.8168 36.5682 192.6280 0.3920 0.3810   -9.9900
20054001 1993.242399 31.7950 64.2030  223  221.3307 18.3134 4.8152 36.5659 193.5550 0.3920 0.3790   -9.9900
20054001 1993.242399 31.7950 64.2030  225  223.3147 18.2973 4.8132 36.5628 194.2440 0.3920 0.3790   -9.9900
20054001 1993.242399 31.7950 64.2030  227  225.2986 18.2783 4.8109 36.5593 195.7000 0.3920 0.3820   -9.9900
20054001 1993.242399 31.7950 64.2030  229  227.2825 18.2601 4.8087 36.5558 196.2190 0.3920 0.3850   -9.9900
20054001 1993.242399 31.7950 64.2030  231  229.2664 18.2492 4.8074 36.5538 196.4810 0.3920 0.3830   -9.9900
20054001 1993.242399 31.7950 64.2030  233  231.2503 18.2393 4.8063 36.5522 197.5840 0.3920 0.3840   -9.9900
20054001 1993.242399 31.7950 64.2030  235  233.2341 18.2285 4.8051 36.5510 197.9040 0.3920 0.3820   -9.9900
20054001 1993.242399 31.7950 64.2030  237  235.2180 18.2187 4.8040 36.5497 198.0560 0.3920 0.3870   -9.9900
20054001 1993.242399 31.7950 64.2030  239  237.2018 18.2099 4.8031 36.5488 198.2900 0.3920 0.3880   -9.9900
20054001 1993.242399 31.7950 64.2030  241  239.1856 18.2052 4.8027 36.5487 199.6270 0.3920 0.3810   -9.9900
20054001 1993.242399 31.7950 64.2030  243  241.1693 18.1992 4.8020 36.5478 199.1410 0.3920 0.3840   -9.9900
20054001 1993.242399 31.7950 64.2030  245  243.1531 18.1925 4.8013 36.5470 199.8980 0.3920 0.3820   -9.9900
20054001 1993.242399 31.7950 64.2030  247  245.1368 18.1879 4.8009 36.5465 199.7080 0.3900 0.3810   -9.9900
20054001 1993.242399 31.7950 64.2030  249  247.1206 18.1789 4.7999 36.5450 201.3680 0.3910 0.3830   -9.9900
20054001 1993.242399 31.7950 64.2030  251  249.1043 18.1707 4.7990 36.5439 201.1990 0.3900 0.3850   -9.9900
20054001 1993.242399 31.7950 64.2030  253  251.0879 18.1625 4.7981 36.5428 200.8250 0.3900 0.3840   -9.9900
20054001 1993.242399 31.7950 64.2030  255  253.0716 18.1626 4.7982 36.5430 200.1220 0.3900 0.3890   -9.9900
20054001 1993.242399 31.7950 64.2030  257  255.0552 18.1587 4.7978 36.5423 199.4060 0.3910 0.3860   -9.9900
20054001 1993.242399 31.7950 64.2030  259  257.0389 18.1527 4.7972 36.5416 200.1210 0.3900 0.3870   -9.9900
20054001 1993.242399 31.7950 64.2030  261  259.0225 18.1417 4.7959 36.5398 200.5750 0.3900 0.3860   -9.9900
20054001 1993.242399 31.7950 64.2030  263  261.0060 18.1345 4.7951 36.5388 200.6420 0.3900 0.3900   -9.9900
20054001 1993.242399 31.7950 64.2030  265  262.9896 18.1299 4.7947 36.5385 200.6880 0.3900 0.3880   -9.9900
20054001 1993.242399 31.7950 64.2030  267  264.9732 18.1261 4.7944 36.5384 200.3540 0.3900 0.3890   -9.9900
20054001 1993.242399 31.7950 64.2030  269  266.9567 18.1127 4.7929 36.5368 201.1760 0.3900 0.3920   -9.9900
20054001 1993.242399 31.7950 64.2030  271  268.9402 18.0991 4.7913 36.5347 201.3310 0.3900 0.3920   -9.9900
20054001 1993.242399 31.7950 64.2030  273  270.9237 18.0923 4.7906 36.5334 200.2450 0.3900 0.3890   -9.9900
20054001 1993.242399 31.7950 64.2030  275  272.9072 18.0861 4.7899 36.5327 199.4140 0.3900 0.3900   -9.9900
20054001 1993.242399 31.7950 64.2030  277  274.8906 18.0830 4.7897 36.5325 200.0510 0.3900 0.3900   -9.9900
20054001 1993.242399 31.7950 64.2030  279  276.8740 18.0765 4.7890 36.5317 200.4740 0.3900 0.3920   -9.9900
20054001 1993.242399 31.7950 64.2030  281  278.8575 18.0727 4.7886 36.5313 200.1310 0.3900 0.3950   -9.9900
20054001 1993.242399 31.7950 64.2030  283  280.8408 18.0604 4.7873 36.5303 200.9480 0.3900 0.3920   -9.9900
20054001 1993.242399 31.7950 64.2030  285  282.8242 18.0515 4.7863 36.5288 201.1730 0.3900 0.3890   -9.9900
20054001 1993.242399 31.7950 64.2030  287  284.8076 18.0483 4.7860 36.5282 200.8020 0.3890 0.3920   -9.9900
20054001 1993.242399 31.7950 64.2030  289  286.7909 18.0433 4.7855 36.5279 200.7760 0.3900 0.3910   -9.9900
20054001 1993.242399 31.7950 64.2030  291  288.7742 18.0374 4.7849 36.5273 200.6370 0.3890 0.3920   -9.9900
20054001 1993.242399 31.7950 64.2030  293  290.7575 18.0331 4.7845 36.5263 200.7580 0.3880 0.3940   -9.9900
20054001 1993.242399 31.7950 64.2030  295  292.7408 18.0220 4.7832 36.5249 200.6940 0.3880 0.3960   -9.9900
20054001 1993.242399 31.7950 64.2030  297  294.7241 18.0089 4.7817 36.5230 200.2440 0.3880 0.3940   -9.9900
20054001 1993.242399 31.7950 64.2030  299  296.7073 18.0032 4.7811 36.5221 200.4440 0.3880 0.3930   -9.9900
20054001 1993.242399 31.7950 64.2030  301  298.6905 17.9951 4.7802 36.5208 200.2880 0.3880 0.3930   -9.9900
20054001 1993.242399 31.7950 64.2030  303  300.6737 17.9908 4.7798 36.5202 200.6920 0.3880 0.3970   -9.9900
20054001 1993.242399 31.7950 64.2030  305  302.6569 17.9827 4.7789 36.5191 200.1590 0.3880 0.3960   -9.9900
20054001 1993.242399 31.7950 64.2030  307  304.6401 17.9752 4.7781 36.5178 199.8980 0.3880 0.3910   -9.9900
20054001 1993.242399 31.7950 64.2030  309  306.6232 17.9731 4.7779 36.5175 200.0940 0.3880 0.3940   -9.9900
20054001 1993.242399 31.7950 64.2030  311  308.6063 17.9653 4.7771 36.5165 200.1150 0.3880 0.3960   -9.9900
20054001 1993.242399 31.7950 64.2030  313  310.5895 17.9588 4.7764 36.5154 200.3470 0.3880 0.3950   -9.9900
20054001 1993.242399 31.7950 64.2030  315  312.5725 17.9555 4.7761 36.5150 200.2280 0.3880 0.4000   -9.9900
20054001 1993.242399 31.7950 64.2030  317  314.5556 17.9419 4.7745 36.5129 199.7780 0.3880 0.4010   -9.9900
20054001 1993.242399 31.7950 64.2030  319  316.5387 17.9321 4.7734 36.5115 199.2020 0.3880 0.3970   -9.9900
20054001 1993.242399 31.7950 64.2030  321  318.5217 17.9277 4.7730 36.5109 198.9250 0.3880 0.4010   -9.9900
20054001 1993.242399 31.7950 64.2030  323  320.5047 17.9152 4.7715 36.5089 198.5160 0.3880 0.4000   -9.9900
20054001 1993.242399 31.7950 64.2030  325  322.4877 17.8909 4.7686 36.5049 198.5400 0.3880 0.4030   -9.9900
20054001 1993.242399 31.7950 64.2030  327  324.4707 17.8764 4.7669 36.5023 198.0400 0.3880 0.4040   -9.9900
20054001 1993.242399 31.7950 64.2030  329  326.4536 17.8708 4.7663 36.5013 198.1550 0.3880 0.4050   -9.9900
20054001 1993.242399 31.7950 64.2030  331  328.4366 17.8602 4.7651 36.4997 197.6530 0.3880 0.4010   -9.9900
20054001 1993.242399 31.7950 64.2030  333  330.4195 17.8453 4.7633 36.4969 197.3400 0.3880 0.4030   -9.9900
20054001 1993.242399 31.7950 64.2030  335  332.4024 17.8193 4.7601 36.4922 197.0220 0.3880 0.4020   -9.9900
20054001 1993.242399 31.7950 64.2030  337  334.3852 17.7989 4.7577 36.4883 196.2230 0.3880 0.3990   -9.9900
20054001 1993.242399 31.7950 64.2030  339  336.3681 17.7779 4.7551 36.4847 196.4150 0.3880 0.4010   -9.9900
20054001 1993.242399 31.7950 64.2030  341  338.3509 17.7633 4.7534 36.4817 196.2340 0.3880 0.4040   -9.9900
20054001 1993.242399 31.7950 64.2030  343  340.3338 17.7573 4.7527 36.4809 196.0130 0.3880 0.4060   -9.9900
20054001 1993.242399 31.7950 64.2030  345  342.3166 17.7587 4.7530 36.4808 195.6950 0.3880 0.4070   -9.9900
20054001 1993.242399 31.7950 64.2030  347  344.2994 17.7532 4.7524 36.4800 194.6540 0.3880 0.4090   -9.9900
20054001 1993.242399 31.7950 64.2030  349  346.2821 17.7453 4.7514 36.4781 194.3910 0.3880 0.4060   -9.9900
20054001 1993.242399 31.7950 64.2030  351  348.2649 17.7361 4.7504 36.4764 195.1130 0.3880 0.4100   -9.9900
20054001 1993.242399 31.7950 64.2030  353  350.2476 17.7169 4.7481 36.4729 194.6630 0.3880 0.4080   -9.9900
20054001 1993.242399 31.7950 64.2030  355  352.2303 17.6971 4.7457 36.4691 195.0230 0.3880 0.4060   -9.9900
20054001 1993.242399 31.7950 64.2030  357  354.2130 17.6782 4.7435 36.4662 194.5840 0.3880 0.4080   -9.9900
20054001 1993.242399 31.7950 64.2030  359  356.1956 17.6673 4.7422 36.4641 194.3190 0.3880 0.4090   -9.9900
20054001 1993.242399 31.7950 64.2030  361  358.1783 17.6569 4.7409 36.4619 193.7400 0.3880 0.4110   -9.9900
20054001 1993.242399 31.7950 64.2030  363  360.1609 17.6434 4.7394 36.4597 192.9310 0.3880 0.4090   -9.9900
20054001 1993.242399 31.7950 64.2030  365  362.1435 17.6413 4.7392 36.4590 193.5630 0.3880 0.4100   -9.9900
20054001 1993.242399 31.7950 64.2030  367  364.1261 17.6403 4.7391 36.4589 193.5840 0.3880 0.4090   -9.9900
20054001 1993.242399 31.7950 64.2030  369  366.1087 17.6335 4.7384 36.4577 192.4960 0.3880 0.4090   -9.9900
20054001 1993.242399 31.7950 64.2030  371  368.0913 17.6146 4.7361 36.4546 192.5790 0.3880 0.4090   -9.9900
20054001 1993.242399 31.7950 64.2030  373  370.0738 17.5908 4.7332 36.4501 193.0870 0.3880 0.4100   -9.9900
20054001 1993.242399 31.7950 64.2030  375  372.0563 17.5792 4.7319 36.4478 192.6300 0.3880 0.4080   -9.9900
20054001 1993.242399 31.7950 64.2030  377  374.0388 17.5655 4.7303 36.4455 192.5150 0.3880 0.4110   -9.9900
20054001 1993.242399 31.7950 64.2030  379  376.0213 17.5517 4.7286 36.4425 192.2690 0.3880 0.4130   -9.9900
20054001 1993.242399 31.7950 64.2030  381  378.0037 17.5402 4.7272 36.4404 191.7400 0.3880 0.4080   -9.9900
20054001 1993.242399 31.7950 64.2030  383  379.9862 17.5176 4.7245 36.4362 191.2880 0.3880 0.4070   -9.9900
20054001 1993.242399 31.7950 64.2030  385  381.9686 17.5044 4.7229 36.4335 191.1570 0.3880 0.4060   -9.9900
20054001 1993.242399 31.7950 64.2030  387  383.9510 17.4818 4.7202 36.4295 190.8710 0.3880 0.4100   -9.9900
20054001 1993.242399 31.7950 64.2030  389  385.9334 17.4694 4.7188 36.4274 190.9410 0.3880 0.4100   -9.9900
20054001 1993.242399 31.7950 64.2030  391  387.9157 17.4529 4.7168 36.4244 191.0440 0.3880 0.4080   -9.9900
20054001 1993.242399 31.7950 64.2030  393  389.8981 17.4312 4.7142 36.4207 190.9660 0.3880 0.4110   -9.9900
20054001 1993.242399 31.7950 64.2030  395  391.8804 17.4156 4.7124 36.4177 189.5930 0.3880 0.4130   -9.9900
20054001 1993.242399 31.7950 64.2030  397  393.8627 17.3920 4.7094 36.4129 189.7100 0.3870 0.4140   -9.9900
20054001 1993.242399 31.7950 64.2030  399  395.8450 17.3758 4.7075 36.4099 189.3050 0.3880 0.4120   -9.9900
20054001 1993.242399 31.7950 64.2030  401  397.8273 17.3553 4.7051 36.4065 189.3840 0.3870 0.4120   -9.9900
20054001 1993.242399 31.7950 64.2030  403  399.8095 17.3247 4.7014 36.4012 189.4380 0.3870 0.4130   -9.9900
20054001 1993.242399 31.7950 64.2030  405  401.7917 17.3004 4.6985 36.3966 189.7660 0.3870 0.4150   -9.9900
20054001 1993.242399 31.7950 64.2030  407  403.7740 17.2771 4.6957 36.3927 188.9200 0.3870 0.4150   -9.9900
20054001 1993.242399 31.7950 64.2030  409  405.7561 17.2508 4.6925 36.3878 187.7900 0.3880 0.4150   -9.9900
20054001 1993.242399 31.7950 64.2030  411  407.7383 17.2161 4.6883 36.3812 188.1870 0.3880 0.4150   -9.9900
20054001 1993.242399 31.7950 64.2030  413  409.7205 17.1981 4.6861 36.3774 187.5390 0.3880 0.4180   -9.9900
20054001 1993.242399 31.7950 64.2030  415  411.7026 17.1776 4.6837 36.3742 187.7830 0.3880 0.4190   -9.9900
20054001 1993.242399 31.7950 64.2030  417  413.6847 17.1533 4.6808 36.3699 187.2150 0.3880 0.4210   -9.9900
20054001 1993.242399 31.7950 64.2030  419  415.6668 17.1331 4.6784 36.3664 187.2120 0.3880 0.4190   -9.9900
20054001 1993.242399 31.7950 64.2030  421  417.6489 17.1199 4.6768 36.3642 186.9270 0.3880 0.4170   -9.9900
20054001 1993.242399 31.7950 64.2030  423  419.6309 17.0882 4.6730 36.3586 186.9800 0.3880 0.4240   -9.9900
20054001 1993.242399 31.7950 64.2030  425  421.6130 17.0543 4.6689 36.3527 186.4250 0.3880 0.4240   -9.9900
20054001 1993.242399 31.7950 64.2030  427  423.5950 17.0172 4.6645 36.3464 185.8110 0.3880 0.4230   -9.9900
20054001 1993.242399 31.7950 64.2030  429  425.5770 16.9853 4.6605 36.3399 185.2970 0.3880 0.4220   -9.9900
20054001 1993.242399 31.7950 64.2030  431  427.5590 16.9740 4.6593 36.3384 185.3030 0.3880 0.4210   -9.9900
20054001 1993.242399 31.7950 64.2030  433  429.5410 16.9580 4.6575 36.3360 185.5400 0.3880 0.4190   -9.9900
20054001 1993.242399 31.7950 64.2030  435  431.5229 16.9373 4.6550 36.3320 185.1860 0.3880 0.4180   -9.9900
20054001 1993.242399 31.7950 64.2030  437  433.5048 16.9306 4.6542 36.3302 184.7200 0.3880 0.4210   -9.9900
20054001 1993.242399 31.7950 64.2030  439  435.4867 16.9234 4.6534 36.3291 184.9800 0.3880 0.4250   -9.9900
20054001 1993.242399 31.7950 64.2030  441  437.4686 16.9104 4.6519 36.3270 185.0330 0.3880 0.4250   -9.9900
20054001 1993.242399 31.7950 64.2030  443  439.4505 16.8611 4.6460 36.3191 185.5010 0.3880 0.4210   -9.9900
20054001 1993.242399 31.7950 64.2030  445  441.4323 16.8455 4.6442 36.3162 184.5590 0.3880 0.4240   -9.9900
20054001 1993.242399 31.7950 64.2030  447  443.4142 16.8262 4.6419 36.3127 183.8200 0.3880 0.4280   -9.9900
20054001 1993.242399 31.7950 64.2030  449  445.3960 16.8130 4.6403 36.3100 183.3610 0.3880 0.4280   -9.9900
20054001 1993.242399 31.7950 64.2030  451  447.3778 16.8003 4.6389 36.3079 183.6510 0.3880 0.4290   -9.9900
20054001 1993.242399 31.7950 64.2030  453  449.3595 16.7737 4.6357 36.3030 183.5010 0.3880 0.4260   -9.9900
20054001 1993.242399 31.7950 64.2030  455  451.3413 16.7648 4.6347 36.3019 183.0540 0.3880 0.4250   -9.9900
20054001 1993.242399 31.7950 64.2030  457  453.3230 16.7407 4.6319 36.2979 183.7880 0.3880 0.4270   -9.9900
20054001 1993.242399 31.7950 64.2030  459  455.3047 16.7064 4.6277 36.2918 183.2050 0.3880 0.4270   -9.9900
20054001 1993.242399 31.7950 64.2030  461  457.2864 16.6931 4.6262 36.2896 182.5750 0.3890 0.4270   -9.9900
20054001 1993.242399 31.7950 64.2030  463  459.2681 16.6609 4.6224 36.2845 183.5260 0.3880 0.4250   -9.9900
20054001 1993.242399 31.7950 64.2030  465  461.2498 16.6406 4.6199 36.2802 184.4500 0.3880 0.4270   -9.9900
20054001 1993.242399 31.7950 64.2030  467  463.2314 16.6471 4.6209 36.2817 183.8060 0.3880 0.4280   -9.9900
20054001 1993.242399 31.7950 64.2030  469  465.2130 16.5899 4.6139 36.2714 183.3240 0.3880 0.4310   -9.9900
20054001 1993.242399 31.7950 64.2030  471  467.1946 16.5619 4.6106 36.2663 183.3130 0.3880 0.4310   -9.9900
20054001 1993.242399 31.7950 64.2030  473  469.1762 16.5225 4.6059 36.2602 183.2590 0.3880 0.4350   -9.9900
20054001 1993.242399 31.7950 64.2030  475  471.1578 16.5098 4.6045 36.2583 182.2710 0.3880 0.4360   -9.9900
20054001 1993.242399 31.7950 64.2030  477  473.1393 16.4391 4.5959 36.2458 182.2210 0.3880 0.4360   -9.9900
20054001 1993.242399 31.7950 64.2030  479  475.1208 16.4114 4.5926 36.2404 180.5530 0.3880 0.4300   -9.9900
20054001 1993.242399 31.7950 64.2030  481  477.1024 16.3754 4.5882 36.2337 180.3050 0.3880 0.4340   -9.9900
20054001 1993.242399 31.7950 64.2030  483  479.0838 16.3619 4.5867 36.2316 180.2990 0.3880 0.4390   -9.9900
20054001 1993.242399 31.7950 64.2030  485  481.0653 16.3400 4.5842 36.2283 179.4310 0.3880 0.4370   -9.9900
20054001 1993.242399 31.7950 64.2030  487  483.0468 16.2761 4.5765 36.2170 179.8300 0.3880 0.4330   -9.9900
20054001 1993.242399 31.7950 64.2030  489  485.0282 16.2442 4.5727 36.2114 179.8260 0.3880 0.4370   -9.9900
20054001 1993.242399 31.7950 64.2030  491  487.0096 16.2094 4.5687 36.2066 179.7340 0.3880 0.4380   -9.9900
20054001 1993.242399 31.7950 64.2030  493  488.9910 16.1750 4.5645 36.2003 179.5440 0.3880 0.4380   -9.9900
20054001 1993.242399 31.7950 64.2030  495  490.9724 16.1403 4.5603 36.1935 178.5860 0.3880 0.4390   -9.9900
20054001 1993.242399 31.7950 64.2030  497  492.9537 16.1095 4.5567 36.1880 178.4490 0.3880 0.4380   -9.9900
20054001 1993.242399 31.7950 64.2030  499  494.9351 16.0921 4.5547 36.1855 179.3780 0.3880 0.4400   -9.9900
20054001 1993.242399 31.7950 64.2030  501  496.9164 16.0737 4.5525 36.1822 178.5680 0.3880 0.4400   -9.9900
20054001 1993.242399 31.7950 64.2030  503  498.8977 16.0498 4.5497 36.1778 177.5640 0.3880 0.4410   -9.9900
20054001 1993.242399 31.7950 64.2030  505  500.8789 16.0431 4.5490 36.1772 177.5520 0.3880 0.4440   -9.9900
20054001 1993.242399 31.7950 64.2030  507  502.8602 16.0364 4.5483 36.1762 176.1820 0.3880 0.4450   -9.9900
20054001 1993.242399 31.7950 64.2030  509  504.8414 16.0025 4.5443 36.1706 176.8210 0.3880 0.4450   -9.9900
20054002 1993.242842 31.7870 64.2050    8    7.9443 20.2987 5.0311 36.7054 227.8630 0.4370 0.3730   -9.9900
20054002 1993.242842 31.7870 64.2050   10    9.9303 20.3023 5.0316 36.7054 228.4480 0.4360 0.3690   -9.9900
20054002 1993.242842 31.7870 64.2050   12   11.9163 20.3026 5.0317 36.7052 228.4810 0.4370 0.3640   -9.9900
20054002 1993.242842 31.7870 64.2050   14   13.9022 20.3018 5.0316 36.7051 228.0770 0.4380 0.3670   -9.9900
20054002 1993.242842 31.7870 64.2050   16   15.8882 20.3029 5.0319 36.7053 228.5700 0.4380 0.3640   -9.9900
20054002 1993.242842 31.7870 64.2050   18   17.8741 20.3046 5.0321 36.7051 228.4790 0.4380 0.3640   -9.9900
20054002 1993.242842 31.7870 64.2050   20   19.8601 20.2955 5.0313 36.7052 229.2790 0.4390 0.3630   -9.9900
20054002 1993.242842 31.7870 64.2050   22   21.8460 20.2803 5.0298 36.7056 229.0970 0.4400 0.3670   -9.9900
20054002 1993.242842 31.7870 64.2050   24   23.8318 20.2552 5.0273 36.7060 228.8320 0.4410 0.3690   -9.9900
20054002 1993.242842 31.7870 64.2050   26   25.8177 20.1392 5.0151 36.7062 230.3810 0.4440 0.3710   -9.9900
20054002 1993.242842 31.7870 64.2050   28   27.8036 20.0442 5.0052 36.7066 231.1110 0.4440 0.3740   -9.9900
20054002 1993.242842 31.7870 64.2050   30   29.7894 20.0271 5.0035 36.7072 230.8530 0.4430 0.3720   -9.9900
20054002 1993.242842 31.7870 64.2050   32   31.7752 19.9885 4.9992 36.7046 231.4340 0.4440 0.3680   -9.9900
20054002 1993.242842 31.7870 64.2050   34   33.7610 19.9519 4.9949 36.7002 230.9350 0.4450 0.3720   -9.9900
20054002 1993.242842 31.7870 64.2050   36   35.7467 19.9311 4.9924 36.6973 232.0240 0.4470 0.3730   -9.9900
20054002 1993.242842 31.7870 64.2050   38   37.7325 19.9103 4.9902 36.6964 231.8280 0.4480 0.3770   -9.9900
20054002 1993.242842 31.7870 64.2050   40   39.7182 19.8804 4.9869 36.6945 231.7840 0.4490 0.3780   -9.9900
20054002 1993.242842 31.7870 64.2050   42   41.7039 19.8716 4.9860 36.6941 232.2040 0.4480 0.3780   -9.9900
20054002 1993.242842 31.7870 64.2050   44   43.6896 19.8580 4.9846 36.6937 232.3490 0.4470 0.3780   -9.9900
20054002 1993.242842 31.7870 64.2050   46   45.6753 19.8428 4.9831 36.6940 232.7410 0.4470 0.3860   -9.9900
20054002 1993.242842 31.7870 64.2050   48   47.6609 19.8381 4.9828 36.6945 232.6340 0.4470 0.3850   -9.9900
20054002 1993.242842 31.7870 64.2050   50   49.6466 19.8300 4.9821 36.6952 232.0860 0.4450 0.3850   -9.9900
20054002 1993.242842 31.7870 64.2050   52   51.6322 19.8254 4.9818 36.6955 232.0720 0.4450 0.3880   -9.9900
20054002 1993.242842 31.7870 64.2050   54   53.6178 19.8151 4.9807 36.6952 232.1500 0.4450 0.3970   -9.9900
20054002 1993.242842 31.7870 64.2050   56   55.6033 19.7963 4.9787 36.6943 231.9750 0.4450 0.3980   -9.9900
20054002 1993.242842 31.7870 64.2050   58   57.5889 19.7701 4.9761 36.6947 231.7340 0.4470 0.4000   -9.9900
20054002 1993.242842 31.7870 64.2050   60   59.5744 19.7386 4.9731 36.6969 232.4980 0.4470 0.4090   -9.9900
20054002 1993.242842 31.7870 64.2050   62   61.5599 19.7289 4.9720 36.6954 232.1910 0.4480 0.4230   -9.9900
20054002 1993.242842 31.7870 64.2050   64   63.5454 19.7205 4.9711 36.6950 231.9260 0.4510 0.4320   -9.9900
20054002 1993.242842 31.7870 64.2050   66   65.5309 19.7151 4.9706 36.6943 231.0450 0.4510 0.4320   -9.9900
20054002 1993.242842 31.7870 64.2050   68   67.5164 19.7096 4.9701 36.6941 231.7370 0.4510 0.4340   -9.9900
20054002 1993.242842 31.7870 64.2050   70   69.5018 19.6989 4.9689 36.6931 231.6140 0.4490 0.4330   -9.9900
20054002 1993.242842 31.7870 64.2050   72   71.4872 19.6933 4.9684 36.6927 231.8410 0.4480 0.4380   -9.9900
20054002 1993.242842 31.7870 64.2050   74   73.4726 19.6805 4.9669 36.6911 232.8460 0.4490 0.4400   -9.9900
20054002 1993.242842 31.7870 64.2050   76   75.4580 19.6399 4.9616 36.6817 231.6440 0.4520 0.4440   -9.9900
20054002 1993.242842 31.7870 64.2050   78   77.4434 19.6107 4.9578 36.6752 231.7200 0.4520 0.4480   -9.9900
20054002 1993.242842 31.7870 64.2050   80   79.4287 19.5949 4.9561 36.6743 232.3210 0.4520 0.4510   -9.9900
20054002 1993.242842 31.7870 64.2050   82   81.4140 19.5958 4.9567 36.6774 232.3550 0.4510 0.4490   -9.9900
20054002 1993.242842 31.7870 64.2050   84   83.3993 19.5931 4.9566 36.6786 231.5300 0.4500 0.4530   -9.9900
20054002 1993.242842 31.7870 64.2050   86   85.3846 19.5769 4.9549 36.6776 231.4520 0.4510 0.4640   -9.9900
20054002 1993.242842 31.7870 64.2050   88   87.3699 19.5719 4.9544 36.6769 231.5660 0.4520 0.4650   -9.9900
20054002 1993.242842 31.7870 64.2050   90   89.3551 19.5606 4.9531 36.6758 231.6900 0.4510 0.4700   -9.9900
20054002 1993.242842 31.7870 64.2050   92   91.3404 19.5564 4.9527 36.6755 231.3490 0.4510 0.4720   -9.9900
20054002 1993.242842 31.7870 64.2050   94   93.3256 19.5505 4.9522 36.6755 230.8610 0.4490 0.4740   -9.9900
20054002 1993.242842 31.7870 64.2050   96   95.3107 19.5301 4.9498 36.6729 230.3540 0.4470 0.4720   -9.9900
20054002 1993.242842 31.7870 64.2050   98   97.2959 19.5166 4.9484 36.6721 229.3450 0.4480 0.4730   -9.9900
20054002 1993.242842 31.7870 64.2050  100   99.2811 19.5092 4.9475 36.6706 229.2480 0.4480 0.4890   -9.9900
20054002 1993.242842 31.7870 64.2050  102  101.2662 19.5005 4.9465 36.6691 229.5630 0.4470 0.4900   -9.9900
20054002 1993.242842 31.7870 64.2050  104  103.2513 19.4884 4.9451 36.6669 228.4620 0.4450 0.4930   -9.9900
20054002 1993.242842 31.7870 64.2050  106  105.2364 19.4751 4.9434 36.6642 228.1500 0.4440 0.4910   -9.9900
20054002 1993.242842 31.7870 64.2050  108  107.2215 19.4602 4.9416 36.6610 227.9910 0.4400 0.4890   -9.9900
20054002 1993.242842 31.7870 64.2050  110  109.2065 19.4398 4.9389 36.6557 227.7230 0.4400 0.4860   -9.9900
20054002 1993.242842 31.7870 64.2050  112  111.1916 19.4294 4.9376 36.6535 228.0660 0.4380 0.4840   -9.9900
20054002 1993.242842 31.7870 64.2050  114  113.1766 19.4266 4.9376 36.6553 227.2470 0.4360 0.4830   -9.9900
20054002 1993.242842 31.7870 64.2050  116  115.1616 19.3907 4.9331 36.6483 226.5380 0.4330 0.4720   -9.9900
20054002 1993.242842 31.7870 64.2050  118  117.1465 19.3301 4.9258 36.6397 224.8650 0.4270 0.4650   -9.9900
20054002 1993.242842 31.7870 64.2050  120  119.1315 19.3021 4.9223 36.6348 221.9270 0.4250 0.4680   -9.9900
20054002 1993.242842 31.7870 64.2050  122  121.1164 19.2677 4.9189 36.6357 218.8670 0.4250 0.4690   -9.9900
20054002 1993.242842 31.7870 64.2050  124  123.1014 19.2355 4.9155 36.6349 215.2030 0.4240 0.4720   -9.9900
20054002 1993.242842 31.7870 64.2050  126  125.0863 19.1878 4.9101 36.6311 213.9760 0.4220 0.4740   -9.9900
20054002 1993.242842 31.7870 64.2050  128  127.0711 19.1666 4.9077 36.6288 212.2600 0.4210 0.4730   -9.9900
20054002 1993.242842 31.7870 64.2050  130  129.0560 19.1674 4.9079 36.6291 211.7610 0.4210 0.4740   -9.9900
20054002 1993.242842 31.7870 64.2050  132  131.0408 19.1472 4.9057 36.6278 211.0890 0.4200 0.4740   -9.9900
20054002 1993.242842 31.7870 64.2050  134  133.0257 19.1121 4.9018 36.6245 208.6450 0.4190 0.4690   -9.9900
20054002 1993.242842 31.7870 64.2050  136  135.0105 19.0837 4.8987 36.6230 208.9900 0.4170 0.4650   -9.9900
20054002 1993.242842 31.7870 64.2050  138  136.9953 19.0679 4.8970 36.6220 208.7760 0.4160 0.4650   -9.9900
20054002 1993.242842 31.7870 64.2050  140  138.9800 19.0377 4.8937 36.6201 207.1850 0.4150 0.4580   -9.9900
20054002 1993.242842 31.7870 64.2050  142  140.9648 18.9639 4.8852 36.6135 206.6310 0.4120 0.4530   -9.9900
20054002 1993.242842 31.7870 64.2050  144  142.9495 18.9174 4.8800 36.6097 205.8610 0.4090 0.4460   -9.9900
20054002 1993.242842 31.7870 64.2050  146  144.9342 18.8870 4.8768 36.6087 205.9490 0.4060 0.4350   -9.9900
20054002 1993.242842 31.7870 64.2050  148  146.9189 18.8712 4.8752 36.6087 205.2670 0.4050 0.4260   -9.9900
20054002 1993.242842 31.7870 64.2050  150  148.9036 18.8671 4.8749 36.6091 205.0800 0.4050 0.4280   -9.9900
20054002 1993.242842 31.7870 64.2050  152  150.8882 18.8573 4.8742 36.6110 205.4140 0.4050 0.4200   -9.9900
20054002 1993.242842 31.7870 64.2050  154  152.8728 18.8474 4.8733 36.6115 205.2000 0.4030 0.4180   -9.9900
20054002 1993.242842 31.7870 64.2050  156  154.8575 18.8340 4.8720 36.6113 203.6200 0.4030 0.4140   -9.9900
20054002 1993.242842 31.7870 64.2050  158  156.8420 18.7990 4.8680 36.6076 204.2500 0.4020 0.4140   -9.9900
20054002 1993.242842 31.7870 64.2050  160  158.8266 18.7716 4.8649 36.6052 204.3940 0.4010 0.4060   -9.9900
20054002 1993.242842 31.7870 64.2050  162  160.8112 18.7561 4.8634 36.6053 204.8060 0.4000 0.4050   -9.9900
20054002 1993.242842 31.7870 64.2050  164  162.7957 18.7421 4.8617 36.6025 203.8300 0.3990 0.4030   -9.9900
20054002 1993.242842 31.7870 64.2050  166  164.7802 18.7325 4.8607 36.6019 203.7130 0.3990 0.4010   -9.9900
20054002 1993.242842 31.7870 64.2050  168  166.7647 18.7155 4.8589 36.6008 204.2740 0.3980 0.4000   -9.9900
20054002 1993.242842 31.7870 64.2050  170  168.7492 18.7002 4.8571 36.5990 204.2850 0.3970 0.3990   -9.9900
20054002 1993.242842 31.7870 64.2050  172  170.7337 18.6674 4.8535 36.5964 203.6690 0.3970 0.3980   -9.9900
20054002 1993.242842 31.7870 64.2050  174  172.7181 18.6279 4.8488 36.5912 203.5710 0.3970 0.3960   -9.9900
20054002 1993.242842 31.7870 64.2050  176  174.7025 18.6034 4.8460 36.5883 203.9310 0.3970 0.3930   -9.9900
20054002 1993.242842 31.7870 64.2050  178  176.6869 18.5895 4.8448 36.5892 203.1230 0.3940 0.3950   -9.9900
20054002 1993.242842 31.7870 64.2050  180  178.6713 18.5816 4.8441 36.5896 203.9160 0.3940 0.3910   -9.9900
20054002 1993.242842 31.7870 64.2050  182  180.6557 18.5679 4.8426 36.5888 203.3210 0.3930 0.3870   -9.9900
20054002 1993.242842 31.7870 64.2050  184  182.6400 18.5596 4.8418 36.5883 202.8770 0.3930 0.3870   -9.9900
20054002 1993.242842 31.7870 64.2050  186  184.6243 18.5517 4.8410 36.5881 202.8850 0.3920 0.3900   -9.9900
20054002 1993.242842 31.7870 64.2050  188  186.6086 18.5397 4.8399 36.5881 203.5000 0.3920 0.3890   -9.9900
20054002 1993.242842 31.7870 64.2050  190  188.5929 18.5300 4.8389 36.5878 203.6900 0.3920 0.3870   -9.9900
20054002 1993.242842 31.7870 64.2050  192  190.5772 18.5277 4.8387 36.5876 203.5990 0.3920 0.3880   -9.9900
20054002 1993.242842 31.7870 64.2050  194  192.5614 18.5198 4.8379 36.5872 203.2850 0.3920 0.3890   -9.9900
20054002 1993.242842 31.7870 64.2050  196  194.5457 18.4976 4.8354 36.5845 202.3080 0.3920 0.3890   -9.9900
20054002 1993.242842 31.7870 64.2050  198  196.5299 18.4793 4.8333 36.5824 200.9340 0.3910 0.3860   -9.9900
20054002 1993.242842 31.7870 64.2050  200  198.5141 18.4597 4.8312 36.5806 200.5480 0.3910 0.3840   -9.9900
20054002 1993.242842 31.7870 64.2050  202  200.4982 18.4510 4.8301 36.5790 201.0610 0.3900 0.3890   -9.9900
20054002 1993.242842 31.7870 64.2050  204  202.4824 18.4369 4.8286 36.5773 200.8140 0.3900 0.3880   -9.9900
20054002 1993.242842 31.7870 64.2050  206  204.4665 18.4185 4.8264 36.5746 200.5470 0.3910 0.3880   -9.9900
20054002 1993.242842 31.7870 64.2050  208  206.4506 18.4093 4.8254 36.5734 201.4250 0.3900 0.3870   -9.9900
20054002 1993.242842 31.7870 64.2050  210  208.4347 18.3937 4.8236 36.5712 201.4390 0.3900 0.3870   -9.9900
20054002 1993.242842 31.7870 64.2050  212  210.4188 18.3790 4.8221 36.5704 201.0180 0.3900 0.3870   -9.9900
20054002 1993.242842 31.7870 64.2050  214  212.4028 18.3659 4.8206 36.5689 200.9560 0.3900 0.3850   -9.9900
20054002 1993.242842 31.7870 64.2050  216  214.3869 18.3418 4.8178 36.5660 200.6270 0.3900 0.3860   -9.9900
20054002 1993.242842 31.7870 64.2050  218  216.3709 18.3286 4.8163 36.5639 200.6280 0.3900 0.3870   -9.9900
20054002 1993.242842 31.7870 64.2050  220  218.3549 18.3100 4.8142 36.5618 200.6650 0.3900 0.3840   -9.9900
20054002 1993.242842 31.7870 64.2050  222  220.3389 18.3004 4.8132 36.5607 201.1180 0.3900 0.3870   -9.9900
20054002 1993.242842 31.7870 64.2050  224  222.3228 18.2910 4.8122 36.5597 200.9300 0.3900 0.3870   -9.9900
20054002 1993.242842 31.7870 64.2050  226  224.3068 18.2724 4.8101 36.5580 200.7270 0.3890 0.3870   -9.9900
20054002 1993.242842 31.7870 64.2050  228  226.2907 18.2603 4.8087 36.5563 201.6840 0.3890 0.3860   -9.9900
20054002 1993.242842 31.7870 64.2050  230  228.2746 18.2431 4.8068 36.5540 203.0210 0.3880 0.3870   -9.9900
20054002 1993.242842 31.7870 64.2050  232  230.2585 18.2366 4.8061 36.5531 202.5670 0.3890 0.3890   -9.9900
20054002 1993.242842 31.7870 64.2050  234  232.2423 18.2293 4.8053 36.5527 202.3400 0.3900 0.3890   -9.9900
20054002 1993.242842 31.7870 64.2050  236  234.2262 18.2219 4.8045 36.5514 203.1010 0.3880 0.3880   -9.9900
20054002 1993.242842 31.7870 64.2050  238  236.2100 18.2128 4.8035 36.5504 203.2830 0.3900 0.3890   -9.9900
20054002 1993.242842 31.7870 64.2050  240  238.1938 18.1990 4.8019 36.5481 203.2010 0.3880 0.3890   -9.9900
20054002 1993.242842 31.7870 64.2050  242  240.1776 18.1964 4.8017 36.5478 202.9120 0.3880 0.3900   -9.9900
20054002 1993.242842 31.7870 64.2050  244  242.1614 18.1935 4.8014 36.5474 203.1400 0.3890 0.3910   -9.9900
20054002 1993.242842 31.7870 64.2050  246  244.1451 18.1852 4.8005 36.5462 202.9630 0.3890 0.3920   -9.9900
20054002 1993.242842 31.7870 64.2050  248  246.1289 18.1779 4.7997 36.5449 202.8190 0.3890 0.3920   -9.9900
20054002 1993.242842 31.7870 64.2050  250  248.1126 18.1772 4.7997 36.5449 203.3050 0.3900 0.3940   -9.9900
20054002 1993.242842 31.7870 64.2050  252  250.0963 18.1735 4.7994 36.5445 202.8580 0.3880 0.3910   -9.9900
20054002 1993.242842 31.7870 64.2050  254  252.0799 18.1582 4.7977 36.5430 203.0130 0.3880 0.3900   -9.9900
20054002 1993.242842 31.7870 64.2050  256  254.0636 18.1525 4.7971 36.5418 202.8490 0.3880 0.3940   -9.9900
20054002 1993.242842 31.7870 64.2050  258  256.0472 18.1513 4.7970 36.5417 202.4040 0.3880 0.3940   -9.9900
20054002 1993.242842 31.7870 64.2050  260  258.0308 18.1492 4.7968 36.5412 202.5800 0.3880 0.3930   -9.9900
20054002 1993.242842 31.7870 64.2050  262  260.0144 18.1465 4.7966 36.5413 202.9440 0.3880 0.3940   -9.9900
20054002 1993.242842 31.7870 64.2050  264  261.9980 18.1409 4.7960 36.5403 202.7210 0.3880 0.3940   -9.9900
20054002 1993.242842 31.7870 64.2050  266  263.9816 18.1347 4.7954 36.5395 202.5350 0.3880 0.3960   -9.9900
20054002 1993.242842 31.7870 64.2050  268  265.9651 18.1293 4.7948 36.5386 202.0490 0.3880 0.3940   -9.9900
20054002 1993.242842 31.7870 64.2050  270  267.9486 18.1247 4.7943 36.5378 202.2220 0.3880 0.3970   -9.9900
20054002 1993.242842 31.7870 64.2050  272  269.9321 18.1179 4.7936 36.5369 202.1600 0.3880 0.3970   -9.9900
20054002 1993.242842 31.7870 64.2050  274  271.9156 18.1072 4.7924 36.5353 202.5430 0.3880 0.3990   -9.9900
20054002 1993.242842 31.7870 64.2050  276  273.8991 18.0992 4.7915 36.5342 201.9390 0.3880 0.3990   -9.9900
20054002 1993.242842 31.7870 64.2050  278  275.8825 18.0944 4.7910 36.5333 200.3990 0.3880 0.3950   -9.9900
20054002 1993.242842 31.7870 64.2050  280  277.8659 18.0854 4.7900 36.5322 201.1580 0.3880 0.3990   -9.9900
20054002 1993.242842 31.7870 64.2050  282  279.8493 18.0780 4.7892 36.5310 201.3300 0.3880 0.3970   -9.9900
20054002 1993.242842 31.7870 64.2050  284  281.8327 18.0748 4.7889 36.5307 201.4470 0.3880 0.3950   -9.9900
20054002 1993.242842 31.7870 64.2050  286  283.8161 18.0711 4.7886 36.5303 200.9740 0.3880 0.3980   -9.9900
20054002 1993.242842 31.7870 64.2050  288  285.7994 18.0638 4.7878 36.5293 201.3870 0.3880 0.4000   -9.9900
20054002 1993.242842 31.7870 64.2050  290  287.7828 18.0517 4.7864 36.5276 201.6990 0.3880 0.4020   -9.9900
20054002 1993.242842 31.7870 64.2050  292  289.7661 18.0485 4.7861 36.5271 201.8610 0.3880 0.4020   -9.9900
20054002 1993.242842 31.7870 64.2050  294  291.7494 18.0485 4.7862 36.5271 201.8430 0.3880 0.3980   -9.9900
20054002 1993.242842 31.7870 64.2050  296  293.7326 18.0487 4.7863 36.5274 201.8600 0.3880 0.3980   -9.9900
20054002 1993.242842 31.7870 64.2050  298  295.7159 18.0462 4.7862 36.5278 201.2140 0.3880 0.3990   -9.9900
20054002 1993.242842 31.7870 64.2050  300  297.6991 18.0378 4.7853 36.5265 201.3440 0.3880 0.4000   -9.9900
20054002 1993.242842 31.7870 64.2050  302  299.6823 18.0271 4.7841 36.5249 201.8190 0.3880 0.4010   -9.9900
20054002 1993.242842 31.7870 64.2050  304  301.6655 18.0191 4.7833 36.5244 202.6840 0.3880 0.4000   -9.9900
20054002 1993.242842 31.7870 64.2050  306  303.6487 18.0167 4.7831 36.5242 202.6920 0.3880 0.3980   -9.9900
20054002 1993.242842 31.7870 64.2050  308  305.6319 18.0079 4.7821 36.5228 202.6830 0.3870 0.4000   -9.9900
20054002 1993.242842 31.7870 64.2050  310  307.6150 18.0009 4.7813 36.5218 201.9460 0.3860 0.4010   -9.9900
20054002 1993.242842 31.7870 64.2050  312  309.5981 17.9941 4.7806 36.5208 202.4110 0.3870 0.4030   -9.9900
20054002 1993.242842 31.7870 64.2050  314  311.5812 17.9856 4.7797 36.5200 202.2130 0.3880 0.4040   -9.9900
20054002 1993.242842 31.7870 64.2050  316  313.5643 17.9736 4.7783 36.5178 201.4970 0.3860 0.4040   -9.9900
20054002 1993.242842 31.7870 64.2050  318  315.5473 17.9643 4.7772 36.5159 199.9590 0.3860 0.4030   -9.9900
20054002 1993.242842 31.7870 64.2050  320  317.5304 17.9541 4.7759 36.5133 200.1590 0.3870 0.4010   -9.9900
20054002 1993.242842 31.7870 64.2050  322  319.5134 17.9457 4.7750 36.5121 200.3120 0.3860 0.4030   -9.9900
20054002 1993.242842 31.7870 64.2050  324  321.4964 17.9361 4.7738 36.5098 200.5780 0.3860 0.4010   -9.9900
20054002 1993.242842 31.7870 64.2050  326  323.4794 17.9252 4.7726 36.5078 200.1930 0.3860 0.4030   -9.9900
20054002 1993.242842 31.7870 64.2050  328  325.4624 17.9197 4.7719 36.5066 199.8360 0.3870 0.4010   -9.9900
20054002 1993.242842 31.7870 64.2050  330  327.4453 17.9132 4.7713 36.5058 198.4430 0.3860 0.4020   -9.9900
20054002 1993.242842 31.7870 64.2050  332  329.4282 17.9019 4.7699 36.5035 198.7840 0.3870 0.4050   -9.9900
20054002 1993.242842 31.7870 64.2050  334  331.4111 17.8874 4.7682 36.5010 198.4810 0.3870 0.4060   -9.9900
20054002 1993.242842 31.7870 64.2050  336  333.3940 17.8810 4.7675 36.4996 197.9760 0.3870 0.4080   -9.9900
20054002 1993.242842 31.7870 64.2050  338  335.3769 17.8775 4.7671 36.4993 197.7370 0.3860 0.4090   -9.9900
20054002 1993.242842 31.7870 64.2050  340  337.3598 17.8740 4.7668 36.4990 197.0510 0.3860 0.4070   -9.9900
20054002 1993.242842 31.7870 64.2050  342  339.3426 17.8738 4.7670 36.4998 197.8940 0.3870 0.4070   -9.9900
20054002 1993.242842 31.7870 64.2050  344  341.3254 17.8628 4.7658 36.4983 198.0260 0.3870 0.4070   -9.9900
20054002 1993.242842 31.7870 64.2050  346  343.3082 17.8548 4.7649 36.4973 197.9720 0.3860 0.4070   -9.9900
20054002 1993.242842 31.7870 64.2050  348  345.2910 17.8524 4.7648 36.4977 198.2430 0.3860 0.4060   -9.9900
20054002 1993.242842 31.7870 64.2050  350  347.2737 17.8407 4.7635 36.4965 199.9610 0.3860 0.4080   -9.9900
20054002 1993.242842 31.7870 64.2050  352  349.2565 17.8321 4.7625 36.4942 199.0340 0.3860 0.4090   -9.9900
20054002 1993.242842 31.7870 64.2050  354  351.2392 17.8038 4.7590 36.4888 198.1320 0.3860 0.4120   -9.9900
20054002 1993.242842 31.7870 64.2050  356  353.2219 17.7959 4.7581 36.4878 198.6640 0.3870 0.4140   -9.9900
20054002 1993.242842 31.7870 64.2050  358  355.2045 17.7939 4.7583 36.4899 198.6200 0.3880 0.4130   -9.9900
20054002 1993.242842 31.7870 64.2050  360  357.1872 17.7789 4.7565 36.4874 199.0550 0.3890 0.4150   -9.9900
20054002 1993.242842 31.7870 64.2050  362  359.1698 17.7733 4.7558 36.4853 197.8550 0.3880 0.4180   -9.9900
20054002 1993.242842 31.7870 64.2050  364  361.1525 17.7447 4.7523 36.4806 198.2770 0.3880 0.4160   -9.9900
20054002 1993.242842 31.7870 64.2050  366  363.1351 17.7384 4.7516 36.4791 198.0180 0.3880 0.4100   -9.9900
20054002 1993.242842 31.7870 64.2050  368  365.1177 17.7322 4.7509 36.4779 197.7130 0.3880 0.4110   -9.9900
20054002 1993.242842 31.7870 64.2050  370  367.1002 17.7243 4.7500 36.4766 197.4780 0.3880 0.4130   -9.9900
20054002 1993.242842 31.7870 64.2050  372  369.0828 17.7103 4.7483 36.4734 196.9520 0.3880 0.4140   -9.9900
20054002 1993.242842 31.7870 64.2050  374  371.0653 17.7029 4.7475 36.4725 196.6980 0.3880 0.4150   -9.9900
20054002 1993.242842 31.7870 64.2050  376  373.0478 17.6743 4.7440 36.4670 196.2170 0.3880 0.4140   -9.9900
20054002 1993.242842 31.7870 64.2050  378  375.0303 17.6591 4.7421 36.4636 196.8470 0.3880 0.4170   -9.9900
20054002 1993.242842 31.7870 64.2050  380  377.0128 17.6469 4.7406 36.4611 196.8560 0.3880 0.4160   -9.9900
20054002 1993.242842 31.7870 64.2050  382  378.9952 17.6122 4.7364 36.4549 195.9190 0.3880 0.4140   -9.9900
20054002 1993.242842 31.7870 64.2050  384  380.9776 17.6029 4.7353 36.4527 194.4700 0.3880 0.4170   -9.9900
20054002 1993.242842 31.7870 64.2050  386  382.9600 17.5779 4.7322 36.4479 193.8420 0.3880 0.4160   -9.9900
20054002 1993.242842 31.7870 64.2050  388  384.9424 17.5590 4.7300 36.4447 194.2380 0.3880 0.4200   -9.9900
20054002 1993.242842 31.7870 64.2050  390  386.9248 17.5440 4.7282 36.4420 194.3020 0.3880 0.4200   -9.9900
20054002 1993.242842 31.7870 64.2050  392  388.9072 17.5156 4.7247 36.4365 193.7700 0.3880 0.4140   -9.9900
20054002 1993.242842 31.7870 64.2050  394  390.8895 17.4872 4.7213 36.4311 193.6960 0.3880 0.4180   -9.9900
20054002 1993.242842 31.7870 64.2050  396  392.8718 17.4563 4.7175 36.4256 192.6510 0.3880 0.4210   -9.9900
20054002 1993.242842 31.7870 64.2050  398  394.8541 17.4164 4.7127 36.4186 190.8990 0.3880 0.4250   -9.9900
20054002 1993.242842 31.7870 64.2050  400  396.8364 17.3932 4.7098 36.4136 190.9600 0.3880 0.4210   -9.9900
20054002 1993.242842 31.7870 64.2050  402  398.8187 17.3726 4.7073 36.4099 190.5230 0.3880 0.4220   -9.9900
20054002 1993.242842 31.7870 64.2050  404  400.8009 17.3447 4.7040 36.4050 189.8620 0.3880 0.4220   -9.9900
20054002 1993.242842 31.7870 64.2050  406  402.7831 17.3262 4.7017 36.4012 189.9570 0.3880 0.4240   -9.9900
20054002 1993.242842 31.7870 64.2050  408  404.7653 17.2880 4.6971 36.3948 189.5270 0.3880 0.4240   -9.9900
20054002 1993.242842 31.7870 64.2050  410  406.7475 17.2449 4.6919 36.3871 187.9500 0.3880 0.4290   -9.9900
20054002 1993.242842 31.7870 64.2050  412  408.7297 17.2057 4.6870 36.3793 187.9940 0.3880 0.4260   -9.9900
20054002 1993.242842 31.7870 64.2050  414  410.7118 17.1916 4.6853 36.3766 188.0510 0.3880 0.4300   -9.9900
20054002 1993.242842 31.7870 64.2050  416  412.6939 17.1813 4.6842 36.3750 188.0040 0.3880 0.4310   -9.9900
20054002 1993.242842 31.7870 64.2050  418  414.6760 17.1788 4.6840 36.3746 187.8240 0.3880 0.4330   -9.9900
20054002 1993.242842 31.7870 64.2050  420  416.6581 17.1553 4.6812 36.3707 186.4710 0.3880 0.4280   -9.9900
20054002 1993.242842 31.7870 64.2050  422  418.6402 17.1340 4.6786 36.3662 186.9500 0.3880 0.4310   -9.9900
20054002 1993.242842 31.7870 64.2050  424  420.6222 17.1165 4.6766 36.3638 187.3580 0.3880 0.4280   -9.9900
20054002 1993.242842 31.7870 64.2050  426  422.6043 17.1052 4.6753 36.3618 186.8220 0.3880 0.4270   -9.9900
20054002 1993.242842 31.7870 64.2050  428  424.5863 17.0888 4.6733 36.3588 186.6340 0.3880 0.4260   -9.9900
20054002 1993.242842 31.7870 64.2050  430  426.5683 17.0694 4.6710 36.3552 186.3630 0.3880 0.4290   -9.9900
20054002 1993.242842 31.7870 64.2050  432  428.5503 17.0484 4.6685 36.3518 186.6910 0.3880 0.4290   -9.9900
20054002 1993.242842 31.7870 64.2050  434  430.5322 17.0076 4.6635 36.3441 185.6380 0.3880 0.4290   -9.9900
20054002 1993.242842 31.7870 64.2050  436  432.5141 16.9888 4.6613 36.3404 185.1040 0.3880 0.4270   -9.9900
20054002 1993.242842 31.7870 64.2050  438  434.4961 16.9423 4.6557 36.3324 185.4790 0.3880 0.4250   -9.9900
20054002 1993.242842 31.7870 64.2050  440  436.4780 16.8883 4.6492 36.3236 184.8570 0.3880 0.4330   -9.9900
20054002 1993.242842 31.7870 64.2050  442  438.4598 16.8651 4.6463 36.3187 184.9110 0.3880 0.4320   -9.9900
20054002 1993.242842 31.7870 64.2050  444  440.4417 16.8494 4.6445 36.3155 184.9080 0.3880 0.4290   -9.9900
20054002 1993.242842 31.7870 64.2050  446  442.4235 16.8273 4.6419 36.3122 184.1950 0.3880 0.4280   -9.9900
20054002 1993.242842 31.7870 64.2050  448  444.4054 16.8031 4.6390 36.3081 183.9540 0.3880 0.4310   -9.9900
20054002 1993.242842 31.7870 64.2050  450  446.3872 16.7703 4.6351 36.3024 184.1890 0.3880 0.4330   -9.9900
20054002 1993.242842 31.7870 64.2050  452  448.3689 16.7320 4.6306 36.2966 183.1030 0.3880 0.4320   -9.9900
20054002 1993.242842 31.7870 64.2050  454  450.3507 16.6923 4.6258 36.2898 183.6210 0.3880 0.4300   -9.9900
20054002 1993.242842 31.7870 64.2050  456  452.3325 16.6629 4.6223 36.2845 183.9420 0.3880 0.4300   -9.9900
20054002 1993.242842 31.7870 64.2050  458  454.3142 16.6264 4.6181 36.2794 182.5290 0.3880 0.4350   -9.9900
20054002 1993.242842 31.7870 64.2050  460  456.2959 16.6148 4.6167 36.2766 181.9420 0.3880 0.4310   -9.9900
20054002 1993.242842 31.7870 64.2050  462  458.2776 16.5970 4.6146 36.2734 182.0890 0.3880 0.4340   -9.9900
20054002 1993.242842 31.7870 64.2050  464  460.2592 16.5837 4.6130 36.2713 181.7950 0.3900 0.4360   -9.9900
20054002 1993.242842 31.7870 64.2050  466  462.2409 16.5768 4.6123 36.2699 181.2890 0.3880 0.4370   -9.9900
20054002 1993.242842 31.7870 64.2050  468  464.2225 16.5591 4.6102 36.2672 180.5260 0.3880 0.4400   -9.9900
20054002 1993.242842 31.7870 64.2050  470  466.2041 16.5392 4.6079 36.2641 181.1260 0.3880 0.4400   -9.9900
20054002 1993.242842 31.7870 64.2050  472  468.1857 16.5044 4.6038 36.2578 181.2480 0.3880 0.4400   -9.9900
20054002 1993.242842 31.7870 64.2050  474  470.1673 16.4567 4.5980 36.2493 181.7640 0.3880 0.4430   -9.9900
20054002 1993.242842 31.7870 64.2050  476  472.1489 16.4387 4.5959 36.2463 181.4220 0.3880 0.4390   -9.9900
20054002 1993.242842 31.7870 64.2050  478  474.1304 16.4290 4.5948 36.2449 180.9890 0.3880 0.4410   -9.9900
20054002 1993.242842 31.7870 64.2050  480  476.1119 16.3946 4.5907 36.2390 180.7220 0.3880 0.4430   -9.9900
20054002 1993.242842 31.7870 64.2050  482  478.0934 16.3519 4.5855 36.2308 179.8810 0.3880 0.4440   -9.9900
20054002 1993.242842 31.7870 64.2050  484  480.0749 16.3327 4.5833 36.2273 179.1630 0.3880 0.4440   -9.9900
20054002 1993.242842 31.7870 64.2050  486  482.0564 16.3146 4.5811 36.2238 178.0650 0.3880 0.4430   -9.9900
20054002 1993.242842 31.7870 64.2050  488  484.0378 16.2969 4.5790 36.2205 178.1710 0.3880 0.4450   -9.9900
20054002 1993.242842 31.7870 64.2050  490  486.0192 16.2824 4.5773 36.2178 178.0230 0.3880 0.4440   -9.9900
20054002 1993.242842 31.7870 64.2050  492  488.0006 16.2734 4.5763 36.2162 178.8440 0.3880 0.4450   -9.9900
20054002 1993.242842 31.7870 64.2050  494  489.9820 16.2413 4.5727 36.2120 178.0250 0.3880 0.4440   -9.9900
20054002 1993.242842 31.7870 64.2050  496  491.9634 16.1950 4.5671 36.2036 177.7250 0.3880 0.4430   -9.9900
20054002 1993.242842 31.7870 64.2050  498  493.9447 16.1818 4.5656 36.2015 177.2550 0.3880 0.4460   -9.9900
20054002 1993.242842 31.7870 64.2050  500  495.9260 16.1739 4.5647 36.1999 176.5700 0.3880 0.4470   -9.9900
20054002 1993.242842 31.7870 64.2050  502  497.9073 16.1686 4.5641 36.1988 176.0660 0.3880 0.4470   -9.9900
20054002 1993.242842 31.7870 64.2050  504  499.8886 16.1601 4.5632 36.1973 176.1640 0.3880 0.4470   -9.9900
20054002 1993.242842 31.7870 64.2050  506  501.8699 16.1214 4.5586 36.1911 175.1610 0.3880 0.4470   -9.9900
20054003 1993.245500 32.1700 64.4860    7    6.9510 20.1878 5.0195 36.7071  -9.9900 0.4350 0.3740   -9.9900
20054003 1993.245500 32.1700 64.4860    9    8.9370 20.1820 5.0191 36.7084  -9.9900 0.4350 0.3720   -9.9900
20054003 1993.245500 32.1700 64.4860   11   10.9229 20.1607 5.0169 36.7079  -9.9900 0.4350 0.3730   -9.9900
20054003 1993.245500 32.1700 64.4860   13   12.9089 20.1402 5.0147 36.7074  -9.9900 0.4350 0.3730   -9.9900
20054003 1993.245500 32.1700 64.4860   15   14.8948 20.1346 5.0142 36.7069  -9.9900 0.4350 0.3700   -9.9900
20054003 1993.245500 32.1700 64.4860   17   16.8806 20.1277 5.0135 36.7069  -9.9900 0.4360 0.3720   -9.9900
20054003 1993.245500 32.1700 64.4860   19   18.8665 20.1289 5.0138 36.7071  -9.9900 0.4360 0.3710   -9.9900
20054003 1993.245500 32.1700 64.4860   21   20.8524 20.1249 5.0135 36.7073  -9.9900 0.4360 0.3720   -9.9900
20054003 1993.245500 32.1700 64.4860   23   22.8382 20.1190 5.0129 36.7072  -9.9900 0.4380 0.3700   -9.9900
20054003 1993.245500 32.1700 64.4860   25   24.8240 20.1177 5.0129 36.7072  -9.9900 0.4380 0.3740   -9.9900
20054003 1993.245500 32.1700 64.4860   27   26.8098 20.1144 5.0126 36.7072  -9.9900 0.4380 0.3740   -9.9900
20054003 1993.245500 32.1700 64.4860   29   28.7956 20.1140 5.0127 36.7071  -9.9900 0.4390 0.3740   -9.9900
20054003 1993.245500 32.1700 64.4860   31   30.7813 20.1123 5.0126 36.7073  -9.9900 0.4400 0.3700   -9.9900
20054003 1993.245500 32.1700 64.4860   33   32.7670 20.1081 5.0122 36.7072  -9.9900 0.4400 0.3690   -9.9900
20054003 1993.245500 32.1700 64.4860   35   34.7527 20.1053 5.0120 36.7072 228.2190 0.4400 0.3710   -9.9900
20054003 1993.245500 32.1700 64.4860   37   36.7384 20.0996 5.0115 36.7072 226.1980 0.4400 0.3740   -9.9900
20054003 1993.245500 32.1700 64.4860   39   38.7241 20.0948 5.0111 36.7074 225.4210 0.4400 0.3800   -9.9900
20054003 1993.245500 32.1700 64.4860   41   40.7098 20.0932 5.0110 36.7075 224.8050 0.4400 0.3800   -9.9900
20054003 1993.245500 32.1700 64.4860   43   42.6954 20.0908 5.0110 36.7083 224.6980 0.4400 0.3790   -9.9900
20054003 1993.245500 32.1700 64.4860   45   44.6810 20.0887 5.0110 36.7093 224.6450 0.4400 0.3750   -9.9900
20054003 1993.245500 32.1700 64.4860   47   46.6666 20.0723 5.0097 36.7123 224.4070 0.4410 0.3740   -9.9900
20054003 1993.245500 32.1700 64.4860   49   48.6522 20.0321 5.0058 36.7143 224.1510 0.4420 0.3780   -9.9900
20054003 1993.245500 32.1700 64.4860   51   50.6378 20.0036 5.0033 36.7183 224.1830 0.4430 0.3820   -9.9900
20054003 1993.245500 32.1700 64.4860   53   52.6233 19.9905 5.0022 36.7194 224.9860 0.4440 0.3830   -9.9900
20054003 1993.245500 32.1700 64.4860   55   54.6088 19.9840 5.0016 36.7196 225.0800 0.4440 0.3850   -9.9900
20054003 1993.245500 32.1700 64.4860   57   56.5943 19.9778 5.0009 36.7183 224.8480 0.4440 0.3840   -9.9900
20054003 1993.245500 32.1700 64.4860   59   58.5798 19.9602 4.9989 36.7167 225.4820 0.4440 0.3880   -9.9900
20054003 1993.245500 32.1700 64.4860   61   60.5653 19.9575 4.9988 36.7172 225.5140 0.4450 0.3890   -9.9900
20054003 1993.245500 32.1700 64.4860   63   62.5507 19.9545 4.9986 36.7175 225.3720 0.4450 0.3880   -9.9900
20054003 1993.245500 32.1700 64.4860   65   64.5361 19.9446 4.9975 36.7167 224.6220 0.4450 0.3900   -9.9900
20054003 1993.245500 32.1700 64.4860   67   66.5215 19.9277 4.9958 36.7163 225.0130 0.4440 0.3930   -9.9900
20054003 1993.245500 32.1700 64.4860   69   68.5069 19.9217 4.9952 36.7163 225.4210 0.4440 0.3890   -9.9900
20054003 1993.245500 32.1700 64.4860   71   70.4923 19.9209 4.9954 36.7174 225.3840 0.4440 0.3910   -9.9900
20054003 1993.245500 32.1700 64.4860   73   72.4776 19.9206 4.9955 36.7180 225.1000 0.4440 0.3910   -9.9900
20054003 1993.245500 32.1700 64.4860   75   74.4629 19.9155 4.9951 36.7183 224.9800 0.4430 0.3950   -9.9900
20054003 1993.245500 32.1700 64.4860   77   76.4483 19.9047 4.9939 36.7176 224.9030 0.4440 0.3960   -9.9900
20054003 1993.245500 32.1700 64.4860   79   78.4335 19.9035 4.9939 36.7175 224.6500 0.4440 0.3980   -9.9900
20054003 1993.245500 32.1700 64.4860   81   80.4188 19.9039 4.9940 36.7177 225.5650 0.4440 0.4010   -9.9900
20054003 1993.245500 32.1700 64.4860   83   82.4041 19.9029 4.9940 36.7178 225.0600 0.4440 0.4000   -9.9900
20054003 1993.245500 32.1700 64.4860   85   84.3893 19.8944 4.9932 36.7173 224.6930 0.4450 0.4020   -9.9900
20054003 1993.245500 32.1700 64.4860   87   86.3745 19.8821 4.9918 36.7159 223.8650 0.4460 0.4060   -9.9900
20054003 1993.245500 32.1700 64.4860   89   88.3597 19.8707 4.9905 36.7148 223.7380 0.4470 0.4110   -9.9900
20054003 1993.245500 32.1700 64.4860   91   90.3449 19.8562 4.9889 36.7132 224.1750 0.4470 0.4210   -9.9900
20054003 1993.245500 32.1700 64.4860   93   92.3300 19.8478 4.9880 36.7123 224.2330 0.4470 0.4210   -9.9900
20054003 1993.245500 32.1700 64.4860   95   94.3152 19.8177 4.9845 36.7091 224.1610 0.4470 0.4240   -9.9900
20054003 1993.245500 32.1700 64.4860   97   96.3003 19.7843 4.9805 36.7040 224.6340 0.4470 0.4320   -9.9900
20054003 1993.245500 32.1700 64.4860   99   98.2854 19.7118 4.9714 36.6917 224.4810 0.4460 0.4410   -9.9900
20054003 1993.245500 32.1700 64.4860  101  100.2705 19.6494 4.9638 36.6825 223.9180 0.4510 0.4550   -9.9900
20054003 1993.245500 32.1700 64.4860  103  102.2555 19.6298 4.9617 36.6817 223.9090 0.4530 0.4770   -9.9900
20054003 1993.245500 32.1700 64.4860  105  104.2405 19.6141 4.9601 36.6812 223.5670 0.4530 0.4950   -9.9900
20054003 1993.245500 32.1700 64.4860  107  106.2256 19.5948 4.9578 36.6785 223.2360 0.4510 0.5000   -9.9900
20054003 1993.245500 32.1700 64.4860  109  108.2106 19.5105 4.9475 36.6661 222.3020 0.4440 0.5060   -9.9900
20054003 1993.245500 32.1700 64.4860  111  110.1955 19.4572 4.9409 36.6569 221.6430 0.4380 0.5000   -9.9900
20054003 1993.245500 32.1700 64.4860  113  112.1805 19.4032 4.9340 36.6460 221.4660 0.4310 0.4920   -9.9900
20054003 1993.245500 32.1700 64.4860  115  114.1655 19.3567 4.9283 36.6386 220.9540 0.4270 0.4840   -9.9900
20054003 1993.245500 32.1700 64.4860  117  116.1504 19.3361 4.9259 36.6360 221.1580 0.4220 0.4850   -9.9900
20054003 1993.245500 32.1700 64.4860  119  118.1353 19.3343 4.9259 36.6369 220.8400 0.4200 0.4660   -9.9900
20054003 1993.245500 32.1700 64.4860  121  120.1202 19.3291 4.9255 36.6368 220.2010 0.4210 0.4590   -9.9900
20054003 1993.245500 32.1700 64.4860  123  122.1050 19.3133 4.9237 36.6352 218.6260 0.4200 0.4590   -9.9900
20054003 1993.245500 32.1700 64.4860  125  124.0899 19.2430 4.9153 36.6263 217.3540 0.4160 0.4560   -9.9900
20054003 1993.245500 32.1700 64.4860  127  126.0747 19.2172 4.9123 36.6227 214.5660 0.4140 0.4470   -9.9900
20054003 1993.245500 32.1700 64.4860  129  128.0595 19.2199 4.9133 36.6283 211.7010 0.4190 0.4450   -9.9900
20054003 1993.245500 32.1700 64.4860  131  130.0443 19.1892 4.9101 36.6276 209.9900 0.4200 0.4510   -9.9900
20054003 1993.245500 32.1700 64.4860  133  132.0291 19.1284 4.9031 36.6216 208.7740 0.4160 0.4500   -9.9900
20054003 1993.245500 32.1700 64.4860  135  134.0138 19.1083 4.9009 36.6199 207.2950 0.4140 0.4410   -9.9900
20054003 1993.245500 32.1700 64.4860  137  135.9986 19.0881 4.8989 36.6202 206.2640 0.4150 0.4430   -9.9900
20054003 1993.245500 32.1700 64.4860  139  137.9833 19.0747 4.8976 36.6205 204.2860 0.4150 0.4480   -9.9900
20054003 1993.245500 32.1700 64.4860  141  139.9680 19.0556 4.8957 36.6206 202.9750 0.4160 0.4520   -9.9900
20054003 1993.245500 32.1700 64.4860  143  141.9526 18.9992 4.8895 36.6180 202.3920 0.4150 0.4510   -9.9900
