20017001 1990.143917 31.8660 64.2940    4    3.9721 20.8430 5.0942 36.7500  -9.9900 0.4220 0.1000 1670.2300
20017001 1990.143917 31.8660 64.2940    6    5.9582 20.8400 5.0940 36.7500  -9.9900 0.4220 0.1040 1360.7900
20017001 1990.143917 31.8660 64.2940    8    7.9442 20.8400 5.0941 36.7500  -9.9900 0.4220 0.1060  985.7000
20017001 1990.143917 31.8660 64.2940   10    9.9302 20.8400 5.0942 36.7500  -9.9900 0.4220 0.1100  797.8400
20017001 1990.143917 31.8660 64.2940   12   11.9162 20.8370 5.0938 36.7490  -9.9900 0.4220 0.1120  441.9900
20017001 1990.143917 31.8660 64.2940   14   13.9022 20.8360 5.0939 36.7500  -9.9900 0.4240 0.1220  248.8800
20017001 1990.143917 31.8660 64.2940   16   15.8881 20.8360 5.0939 36.7490  -9.9900 0.4240 0.1260  278.5100
20017001 1990.143917 31.8660 64.2940   18   17.8740 20.8370 5.0941 36.7490  -9.9900 0.4220 0.1320  249.9300
20017001 1990.143917 31.8660 64.2940   20   19.8599 20.8350 5.0940 36.7490  -9.9900 0.4220 0.1400  188.8400
20017001 1990.143917 31.8660 64.2940   22   21.8458 20.8350 5.0941 36.7490  -9.9900 0.4230 0.1460  180.6100
20017001 1990.143917 31.8660 64.2940   24   23.8317 20.8380 5.0945 36.7490  -9.9900 0.4240 0.1460  183.8700
20017001 1990.143917 31.8660 64.2940   26   25.8175 20.8330 5.0940 36.7490  -9.9900 0.4230 0.1480  171.1300
20017001 1990.143917 31.8660 64.2940   28   27.8034 20.8330 5.0941 36.7490  -9.9900 0.4240 0.1560  207.4200
20017001 1990.143917 31.8660 64.2940   30   29.7892 20.8320 5.0940 36.7480  -9.9900 0.4240 0.1630  205.6900
20017001 1990.143917 31.8660 64.2940   32   31.7750 20.8310 5.0940 36.7480  -9.9900 0.4230 0.1650  196.5200
20017001 1990.143917 31.8660 64.2940   34   33.7607 20.8300 5.0939 36.7480  -9.9900 0.4220 0.1750  220.5100
20017001 1990.143917 31.8660 64.2940   36   35.7465 20.8310 5.0943 36.7490  -9.9900 0.4230 0.1740  217.0500
20017001 1990.143917 31.8660 64.2940   38   37.7322 20.8310 5.0942 36.7480  -9.9900 0.4230 0.1770  207.9500
20017001 1990.143917 31.8660 64.2940   40   39.7179 20.8320 5.0944 36.7480  -9.9900 0.4240 0.1840  183.7700
20017001 1990.143917 31.8660 64.2940   42   41.7036 20.8320 5.0945 36.7480  -9.9900 0.4240 0.2020  175.7800
20017001 1990.143917 31.8660 64.2940   44   43.6893 20.8320 5.0947 36.7490  -9.9900 0.4230 0.2040  161.9200
20017001 1990.143917 31.8660 64.2940   46   45.6750 20.8310 5.0946 36.7480  -9.9900 0.4220 0.2100  163.2200
20017001 1990.143917 31.8660 64.2940   48   47.6606 20.8310 5.0947 36.7480  -9.9900 0.4220 0.2200  147.9500
20017001 1990.143917 31.8660 64.2940   50   49.6462 20.8300 5.0947 36.7480  -9.9900 0.4220 0.2360  140.2700
20017001 1990.143917 31.8660 64.2940   52   51.6318 20.8300 5.0948 36.7480  -9.9900 0.4220 0.2350  130.5900
20017001 1990.143917 31.8660 64.2940   54   53.6174 20.8290 5.0947 36.7480  -9.9900 0.4220 0.2390  122.8100
20017001 1990.143917 31.8660 64.2940   56   55.6030 20.8290 5.0948 36.7480  -9.9900 0.4210 0.2490  115.5200
20017001 1990.143917 31.8660 64.2940   58   57.5885 20.8290 5.0950 36.7490  -9.9900 0.4280 0.2540  106.1300
20017001 1990.143917 31.8660 64.2940   60   59.5740 20.8290 5.0951 36.7490  -9.9900 0.4210 0.2600   95.8700
20017001 1990.143917 31.8660 64.2940   62   61.5595 20.8290 5.0951 36.7480  -9.9900 0.4210 0.2600   85.9700
20017001 1990.143917 31.8660 64.2940   64   63.5450 20.8300 5.0953 36.7480  -9.9900 0.4200 0.2540   82.8600
20017001 1990.143917 31.8660 64.2940   66   65.5305 20.8300 5.0954 36.7480  -9.9900 0.4200 0.2540   75.7800
20017001 1990.143917 31.8660 64.2940   68   67.5159 20.8300 5.0956 36.7490  -9.9900 0.4210 0.2590   68.3100
20017001 1990.143917 31.8660 64.2940   70   69.5013 20.8300 5.0957 36.7490  -9.9900 0.4200 0.2580   64.4600
20017001 1990.143917 31.8660 64.2940   72   71.4868 20.8310 5.0959 36.7490  -9.9900 0.4200 0.2580   60.1700
20017001 1990.143917 31.8660 64.2940   74   73.4721 20.8300 5.0959 36.7490  -9.9900 0.4200 0.2570   53.8100
20017001 1990.143917 31.8660 64.2940   76   75.4575 20.8290 5.0959 36.7490  -9.9900 0.4200 0.2620   49.5800
20017001 1990.143917 31.8660 64.2940   78   77.4429 20.8300 5.0961 36.7490  -9.9900 0.4200 0.2640   46.7800
20017001 1990.143917 31.8660 64.2940   80   79.4282 20.8300 5.0961 36.7490  -9.9900 0.4200 0.2680   42.6000
20017001 1990.143917 31.8660 64.2940   82   81.4135 20.8300 5.0962 36.7490  -9.9900 0.4190 0.2650   38.9700
20017001 1990.143917 31.8660 64.2940   84   83.3988 20.8300 5.0963 36.7490  -9.9900 0.4190 0.2600   35.2700
20017001 1990.143917 31.8660 64.2940   86   85.3841 20.8280 5.0962 36.7490  -9.9900 0.4180 0.2570   33.0400
20017001 1990.143917 31.8660 64.2940   88   87.3693 20.8260 5.0961 36.7490  -9.9900 0.4180 0.2550   30.3700
20017001 1990.143917 31.8660 64.2940   90   89.3545 20.8250 5.0961 36.7490  -9.9900 0.4170 0.2560   28.1100
20017001 1990.143917 31.8660 64.2940   92   91.3398 20.8230 5.0958 36.7480  -9.9900 0.4180 0.2590   26.2000
20017001 1990.143917 31.8660 64.2940   94   93.3250 20.8240 5.0960 36.7480  -9.9900 0.4180 0.2570   23.9500
20017001 1990.143917 31.8660 64.2940   96   95.3101 20.8220 5.0959 36.7480  -9.9900 0.4170 0.2580   22.0000
20017001 1990.143917 31.8660 64.2940   98   97.2953 20.8210 5.0959 36.7480  -9.9900 0.4180 0.2610   20.4300
20017001 1990.143917 31.8660 64.2940  100   99.2804 20.8210 5.0960 36.7480  -9.9900 0.4170 0.2610   18.7300
20017001 1990.143917 31.8660 64.2940  102  101.2655 20.8200 5.0959 36.7480  -9.9900 0.4190 0.2630   17.4800
20017001 1990.143917 31.8660 64.2940  104  103.2506 20.8190 5.0959 36.7480  -9.9900 0.4170 0.2650   15.9900
20017001 1990.143917 31.8660 64.2940  106  105.2357 20.8180 5.0959 36.7480  -9.9900 0.4160 0.2580   15.0500
20017001 1990.143917 31.8660 64.2940  108  107.2208 20.8190 5.0961 36.7480  -9.9900 0.4170 0.2600   13.8400
20017001 1990.143917 31.8660 64.2940  110  109.2058 20.8180 5.0961 36.7480  -9.9900 0.4160 0.2540   12.6500
20017001 1990.143917 31.8660 64.2940  112  111.1908 20.8180 5.0962 36.7480  -9.9900 0.4150 0.2530   11.9600
20017001 1990.143917 31.8660 64.2940  114  113.1758 20.8180 5.0963 36.7480  -9.9900 0.4150 0.2560   11.1300
20017001 1990.143917 31.8660 64.2940  116  115.1608 20.8150 5.0959 36.7470  -9.9900 0.4180 0.2550   10.1800
20017001 1990.143917 31.8660 64.2940  118  117.1458 20.8140 5.0959 36.7470  -9.9900 0.4160 0.2560    9.4100
20017001 1990.143917 31.8660 64.2940  120  119.1307 20.8130 5.0959 36.7470  -9.9900 0.4150 0.2510    8.7900
20017001 1990.143917 31.8660 64.2940  122  121.1157 20.8140 5.0961 36.7470  -9.9900 0.4150 0.2510    8.1400
20017001 1990.143917 31.8660 64.2940  124  123.1006 20.8150 5.0963 36.7470  -9.9900 0.4160 0.2490    7.4400
20017001 1990.143917 31.8660 64.2940  126  125.0854 20.8150 5.0964 36.7470  -9.9900 0.4160 0.2450    6.9700
20017001 1990.143917 31.8660 64.2940  128  127.0703 20.8140 5.0963 36.7470  -9.9900 0.4150 0.2450    6.5000
20017001 1990.143917 31.8660 64.2940  130  129.0552 20.8110 5.0961 36.7470  -9.9900 0.4150 0.2440    5.9900
20017001 1990.143917 31.8660 64.2940  132  131.0400 20.8100 5.0961 36.7470  -9.9900 0.4150 0.2380    5.5400
20017001 1990.143917 31.8660 64.2940  134  133.0248 20.8100 5.0962 36.7470  -9.9900 0.4150 0.2340    5.1600
20017001 1990.143917 31.8660 64.2940  136  135.0096 20.8090 5.0962 36.7470  -9.9900 0.4150 0.2400    4.7700
20017001 1990.143917 31.8660 64.2940  138  136.9944 20.8100 5.0962 36.7460  -9.9900 0.4150 0.2490    4.4500
20017001 1990.143917 31.8660 64.2940  140  138.9791 20.8070 5.0960 36.7460  -9.9900 0.4140 0.2450    4.1100
20017001 1990.143917 31.8660 64.2940  142  140.9638 20.8050 5.0959 36.7460  -9.9900 0.4140 0.2390    3.8300
20017001 1990.143917 31.8660 64.2940  144  142.9486 20.8060 5.0961 36.7460  -9.9900 0.4150 0.2390    3.5300
20017001 1990.143917 31.8660 64.2940  146  144.9333 20.8060 5.0962 36.7460  -9.9900 0.4140 0.2400    3.2800
20017001 1990.143917 31.8660 64.2940  148  146.9179 20.8060 5.0963 36.7460  -9.9900 0.4150 0.2410    3.0500
20017001 1990.143917 31.8660 64.2940  150  148.9026 20.8040 5.0960 36.7450  -9.9900 0.4140 0.2410    2.8300
20017001 1990.143917 31.8660 64.2940  152  150.8872 20.8040 5.0961 36.7450  -9.9900 0.4150 0.2390    2.6300
20017001 1990.143917 31.8660 64.2940  154  152.8718 20.7930 5.0949 36.7440  -9.9900 0.4140 0.2380    2.4200
20017001 1990.143917 31.8660 64.2940  156  154.8564 20.7610 5.0910 36.7390  -9.9900 0.4130 0.2310    2.2300
20017001 1990.143917 31.8660 64.2940  158  156.8410 20.6980 5.0833 36.7300  -9.9900 0.4130 0.2310    2.1000
20017001 1990.143917 31.8660 64.2940  160  158.8256 20.6260 5.0745 36.7200  -9.9900 0.4110 0.2320    1.9400
20017001 1990.143917 31.8660 64.2940  162  160.8101 20.2150 5.0233 36.6570  -9.9900 0.4050 0.2230    1.7700
20017001 1990.143917 31.8660 64.2940  164  162.7946 19.9050 4.9880 36.6360  -9.9900 0.4040 0.2340    1.6200
20017001 1990.143917 31.8660 64.2940  166  164.7791 19.7690 4.9735 36.6340  -9.9900 0.3990 0.2360    1.4600
20017001 1990.143917 31.8660 64.2940  168  166.7636 19.7130 4.9668 36.6270  -9.9900 0.3970 0.2180    1.3400
20017001 1990.143917 31.8660 64.2940  170  168.7481 19.5890 4.9528 36.6180  -9.9900 0.3950 0.1900    1.2200
20017001 1990.143917 31.8660 64.2940  172  170.7325 19.5120 4.9442 36.6130  -9.9900 0.3930 0.1760    1.1100
20017001 1990.143917 31.8660 64.2940  174  172.7170 19.4750 4.9400 36.6100  -9.9900 0.3920 0.1690    1.0200
20017001 1990.143917 31.8660 64.2940  176  174.7014 19.4180 4.9335 36.6050  -9.9900 0.3920 0.1420    0.9200
20017001 1990.143917 31.8660 64.2940  178  176.6858 19.3810 4.9292 36.6010  -9.9900 0.3920 0.1360    0.8600
20017001 1990.143917 31.8660 64.2940  180  178.6701 19.3520 4.9259 36.5980  -9.9900 0.3910 0.1320    0.7900
20017001 1990.143917 31.8660 64.2940  182  180.6545 19.3110 4.9214 36.5960  -9.9900 0.3910 0.1310    0.7300
20017001 1990.143917 31.8660 64.2940  184  182.6388 19.2960 4.9197 36.5940  -9.9900 0.3900 0.1250    0.6700
20017001 1990.143917 31.8660 64.2940  186  184.6231 19.2830 4.9182 36.5920  -9.9900 0.3900 0.1170    0.6200
20017001 1990.143917 31.8660 64.2940  188  186.6074 19.2830 4.9181 36.5910  -9.9900 0.3900 0.1190    0.5800
20017001 1990.143917 31.8660 64.2940  190  188.5917 19.2520 4.9147 36.5890  -9.9900 0.3900 0.1210    0.5300
20017001 1990.143917 31.8660 64.2940  192  190.5759 19.1970 4.9086 36.5850  -9.9900 0.3890 0.1120    0.4900
20017001 1990.143917 31.8660 64.2940  194  192.5602 19.1490 4.9035 36.5840  -9.9900 0.3880 0.1050    0.4600
20017001 1990.143917 31.8660 64.2940  196  194.5444 19.1040 4.8984 36.5800  -9.9900 0.3870 0.0870    0.4200
20017001 1990.143917 31.8660 64.2940  198  196.5286 19.0780 4.8955 36.5780  -9.9900 0.3860 0.0840    0.4000
20017001 1990.143917 31.8660 64.2940  200  198.5128 19.0020 4.8875 36.5770  -9.9900 0.3860 0.0780    0.3700
20017001 1990.143917 31.8660 64.2940  202  200.4969 18.9740 4.8843 36.5740  -9.9900 0.3850 0.0760    0.3400
20017001 1990.143917 31.8660 64.2940  204  202.4811 18.9610 4.8829 36.5730  -9.9900 0.3870 0.0730    0.3200
20017001 1990.143917 31.8660 64.2940  206  204.4652 18.9570 4.8823 36.5710  -9.9900 0.3870 0.0740    0.3100
20017001 1990.143917 31.8660 64.2940  208  206.4493 18.9540 4.8821 36.5710  -9.9900 0.3860 0.0740    0.2900
20017001 1990.143917 31.8660 64.2940  210  208.4334 18.9210 4.8786 36.5700  -9.9900 0.3860 0.0760    0.2800
20017001 1990.143917 31.8660 64.2940  212  210.4174 18.8950 4.8759 36.5690  -9.9900 0.3870 0.0760    0.2800
20017001 1990.143917 31.8660 64.2940  214  212.4015 18.8750 4.8738 36.5680  -9.9900 0.3860 0.0750    0.2700
20017001 1990.143917 31.8660 64.2940  216  214.3855 18.8670 4.8729 36.5670  -9.9900 0.3860 0.0710    0.2700
20017001 1990.143917 31.8660 64.2940  218  216.3695 18.8580 4.8719 36.5660  -9.9900 0.3850 0.0630    0.2700
20017001 1990.143917 31.8660 64.2940  220  218.3535 18.8290 4.8689 36.5650  -9.9900 0.3850 0.0580    0.2600
20017001 1990.143917 31.8660 64.2940  222  220.3374 18.8040 4.8662 36.5640  -9.9900 0.3850 0.0510    0.2600
20017001 1990.143917 31.8660 64.2940  224  222.3214 18.7830 4.8639 36.5620  -9.9900 0.3840 0.0480    0.2600
20017001 1990.143917 31.8660 64.2940  226  224.3053 18.7710 4.8626 36.5610  -9.9900 0.3830 0.0470    0.2600
20017001 1990.143917 31.8660 64.2940  228  226.2892 18.7500 4.8603 36.5600  -9.9900 0.3830 0.0420    0.2600
20017001 1990.143917 31.8660 64.2940  230  228.2731 18.7240 4.8576 36.5590  -9.9900 0.3830 0.0400    0.2500
20017001 1990.143917 31.8660 64.2940  232  230.2570 18.7000 4.8551 36.5580  -9.9900 0.3830 0.0370    0.2500
20017001 1990.143917 31.8660 64.2940  234  232.2408 18.6700 4.8519 36.5570  -9.9900 0.3820 0.0350    0.2500
20017001 1990.143917 31.8660 64.2940  236  234.2247 18.6550 4.8503 36.5560  -9.9900 0.3820 0.0280    0.2500
20017001 1990.143917 31.8660 64.2940  238  236.2085 18.6480 4.8494 36.5540  -9.9900 0.3830 0.0280    0.2500
20017001 1990.143917 31.8660 64.2940  240  238.1923 18.6370 4.8484 36.5540  -9.9900 0.3830 0.0290    0.2500
20017001 1990.143917 31.8660 64.2940  242  240.1760 18.6140 4.8459 36.5530  -9.9900 0.3830 0.0230    0.2500
20017001 1990.143917 31.8660 64.2940  244  242.1598 18.5850 4.8429 36.5520  -9.9900 0.3820 0.0240    0.2500
20017001 1990.143917 31.8660 64.2940  246  244.1435 18.5770 4.8420 36.5510  -9.9900 0.3810 0.0260    0.2400
20017001 1990.143917 31.8660 64.2940  248  246.1273 18.5680 4.8411 36.5510  -9.9900 0.3820 0.0240    0.2400
20017001 1990.143917 31.8660 64.2940  250  248.1109 18.5370 4.8378 36.5490  -9.9900 0.3810 0.0240    0.2400
20017001 1990.143917 31.8660 64.2940  252  250.0946 18.5130 4.8353 36.5490  -9.9900 0.3810 0.0230    0.2400
20017001 1990.143917 31.8660 64.2940  254  252.0783 18.5000 4.8340 36.5480  -9.9900 0.3810 0.0210    0.2400
20017001 1990.143917 31.8660 64.2940  256  254.0619 18.4870 4.8326 36.5470  -9.9900 0.3810 0.0210    0.2400
20017001 1990.143917 31.8660 64.2940  258  256.0455 18.4790 4.8318 36.5470  -9.9900 0.3810 0.0200    0.2400
20017001 1990.143917 31.8660 64.2940  260  258.0291 18.4680 4.8305 36.5450  -9.9900 0.3810 0.0160    0.2400
20017001 1990.143917 31.8660 64.2940  262  260.0127 18.4570 4.8293 36.5440  -9.9900 0.3810 0.0190    0.2400
20017001 1990.143917 31.8660 64.2940  264  261.9963 18.4500 4.8286 36.5430  -9.9900 0.3810 0.0180    0.2400
20017001 1990.143917 31.8660 64.2940  266  263.9798 18.4450 4.8282 36.5430  -9.9900 0.3810 0.0130    0.2400
20017001 1990.143917 31.8660 64.2940  268  265.9634 18.4320 4.8268 36.5420  -9.9900 0.3810 0.0170    0.2400
20017001 1990.143917 31.8660 64.2940  270  267.9469 18.4220 4.8258 36.5420  -9.9900 0.3810 0.0180    0.2400
20017001 1990.143917 31.8660 64.2940  272  269.9304 18.4160 4.8252 36.5410  -9.9900 0.3810 0.0170    0.2400
20017001 1990.143917 31.8660 64.2940  274  271.9138 18.4070 4.8243 36.5410  -9.9900 0.3810 0.0180    0.2400
20017001 1990.143917 31.8660 64.2940  276  273.8973 18.3920 4.8227 36.5400  -9.9900 0.3810 0.0170    0.2400
20017001 1990.143917 31.8660 64.2940  278  275.8807 18.3690 4.8202 36.5380  -9.9900 0.3810 0.0180    0.2400
20017001 1990.143917 31.8660 64.2940  280  277.8641 18.3470 4.8177 36.5360  -9.9900 0.3810 0.0170    0.2300
20017001 1990.143917 31.8660 64.2940  282  279.8475 18.3320 4.8160 36.5340  -9.9900 0.3810 0.0170    0.2300
20017001 1990.143917 31.8660 64.2940  284  281.8309 18.3230 4.8152 36.5340  -9.9900 0.3810 0.0190    0.2300
20017001 1990.143917 31.8660 64.2940  286  283.8142 18.3130 4.8142 36.5340  -9.9900 0.3810 0.0230    0.2300
20017001 1990.143917 31.8660 64.2940  288  285.7976 18.3010 4.8127 36.5310  -9.9900 0.3810 0.0160    0.2300
20017001 1990.143917 31.8660 64.2940  290  287.7809 18.2870 4.8112 36.5300  -9.9900 0.3810 0.0170    0.2300
20017001 1990.143917 31.8660 64.2940  292  289.7642 18.2790 4.8105 36.5300  -9.9900 0.3810 0.0190    0.2300
20017001 1990.143917 31.8660 64.2940  294  291.7475 18.2750 4.8100 36.5290  -9.9900 0.3810 0.0180    0.2300
20017001 1990.143917 31.8660 64.2940  296  293.7307 18.2670 4.8092 36.5280  -9.9900 0.3810 0.0170    0.2300
20017001 1990.143917 31.8660 64.2940  298  295.7140 18.2410 4.8063 36.5260  -9.9900 0.3800 0.0200    0.2200
20017001 1990.143917 31.8660 64.2940  300  297.6972 18.2280 4.8049 36.5250  -9.9900 0.3810 0.0210    0.2100
20017001 1990.143917 31.8660 64.2940  302  299.6804 18.2150 4.8035 36.5240  -9.9900 0.3810 0.0180    0.2100
20017001 1990.143917 31.8660 64.2940  304  301.6636 18.2040 4.8024 36.5230  -9.9900 0.3800 0.0180    0.2100
20017001 1990.143917 31.8660 64.2940  306  303.6467 18.1960 4.8016 36.5230  -9.9900 0.3810 0.0180    0.2000
20017001 1990.143917 31.8660 64.2940  308  305.6299 18.1810 4.7999 36.5210  -9.9900 0.3800 0.0180    0.2000
20017001 1990.143917 31.8660 64.2940  310  307.6130 18.1610 4.7976 36.5180  -9.9900 0.3810 0.0160    0.2000
20017001 1990.143917 31.8660 64.2940  312  309.5961 18.1320 4.7945 36.5170  -9.9900 0.3800 0.0180    0.2000
20017001 1990.143917 31.8660 64.2940  314  311.5792 18.1090 4.7919 36.5140  -9.9900 0.3800 0.0180    0.2100
20017001 1990.143917 31.8660 64.2940  316  313.5622 18.0940 4.7900 36.5110  -9.9900 0.3800 0.0180    0.2100
20017001 1990.143917 31.8660 64.2940  318  315.5453 18.0840 4.7890 36.5100  -9.9900 0.3790 0.0190    0.2000
20017001 1990.143917 31.8660 64.2940  320  317.5283 18.0720 4.7875 36.5070  -9.9900 0.3800 0.0180    0.2000
20017001 1990.143917 31.8660 64.2940  322  319.5113 18.0580 4.7860 36.5060  -9.9900 0.3800 0.0180    0.2100
20017001 1990.143917 31.8660 64.2940  324  321.4943 18.0380 4.7839 36.5050  -9.9900 0.3790 0.0170    0.2100
20017001 1990.143917 31.8660 64.2940  326  323.4773 18.0150 4.7813 36.5030  -9.9900 0.3800 0.0140    0.2100
20017001 1990.143917 31.8660 64.2940  328  325.4602 18.0020 4.7800 36.5020  -9.9900 0.3800 0.0150    0.2100
20017001 1990.143917 31.8660 64.2940  330  327.4432 17.9890 4.7786 36.5010  -9.9900 0.3810 0.0150    0.2100
20017001 1990.143917 31.8660 64.2940  332  329.4261 17.9680 4.7762 36.4990  -9.9900 0.3810 0.0160    0.2100
20017001 1990.143917 31.8660 64.2940  334  331.4090 17.9540 4.7748 36.4980  -9.9900 0.3800 0.0170    0.2100
20017001 1990.143917 31.8660 64.2940  336  333.3919 17.9490 4.7744 36.4990  -9.9900 0.3800 0.0170    0.2100
20017001 1990.143917 31.8660 64.2940  338  335.3747 17.9470 4.7744 36.5000  -9.9900 0.3800 0.0150    0.2100
20017001 1990.143917 31.8660 64.2940  340  337.3576 17.9370 4.7734 36.4990  -9.9900 0.3800 0.0150    0.2100
20017001 1990.143917 31.8660 64.2940  342  339.3404 17.9330 4.7731 36.4990  -9.9900 0.3800 0.0160    0.2100
20017001 1990.143917 31.8660 64.2940  344  341.3232 17.9230 4.7719 36.4970  -9.9900 0.3800 0.0190    0.2100
20017001 1990.143917 31.8660 64.2940  346  343.3059 17.9180 4.7714 36.4970  -9.9900 0.3810 0.0200    0.2100
20017001 1990.143917 31.8660 64.2940  348  345.2887 17.9040 4.7701 36.4970  -9.9900 0.3810 0.0200    0.2100
20017001 1990.143917 31.8660 64.2940  350  347.2715 17.8870 4.7682 36.4950  -9.9900 0.3800 0.0210    0.2100
20017001 1990.143917 31.8660 64.2940  352  349.2542 17.8740 4.7668 36.4940  -9.9900 0.3810 0.0200    0.2100
20017001 1990.143917 31.8660 64.2940  354  351.2369 17.8660 4.7659 36.4930  -9.9900 0.3810 0.0180    0.2100
20017001 1990.143917 31.8660 64.2940  356  353.2196 17.8590 4.7652 36.4920  -9.9900 0.3810 0.0170    0.2100
20017001 1990.143917 31.8660 64.2940  358  355.2022 17.8490 4.7640 36.4900  -9.9900 0.3810 0.0190    0.2100
20017001 1990.143917 31.8660 64.2940  360  357.1849 17.8320 4.7623 36.4900  -9.9900 0.3800 0.0210    0.2100
20017001 1990.143917 31.8660 64.2940  362  359.1675 17.8160 4.7604 36.4870  -9.9900 0.3810 0.0220    0.2100
20017001 1990.143917 31.8660 64.2940  364  361.1501 17.7930 4.7579 36.4850  -9.9900 0.3800 0.0210    0.2100
20017001 1990.143917 31.8660 64.2940  366  363.1327 17.7770 4.7563 36.4850  -9.9900 0.3800 0.0210    0.2100
20017001 1990.143917 31.8660 64.2940  368  365.1153 17.7610 4.7546 36.4840  -9.9900 0.3800 0.0190    0.2100
20017001 1990.143917 31.8660 64.2940  370  367.0978 17.7510 4.7535 36.4830  -9.9900 0.3800 0.0170    0.2100
20017001 1990.143917 31.8660 64.2940  372  369.0804 17.7450 4.7529 36.4820  -9.9900 0.3810 0.0140    0.2100
20017001 1990.143917 31.8660 64.2940  374  371.0629 17.7300 4.7512 36.4800  -9.9900 0.3790 0.0160    0.2100
20017001 1990.143917 31.8660 64.2940  376  373.0454 17.7160 4.7497 36.4790  -9.9900 0.3800 0.0180    0.2100
20017001 1990.143917 31.8660 64.2940  378  375.0278 17.7050 4.7485 36.4780  -9.9900 0.3800 0.0210    0.2100
20017001 1990.143917 31.8660 64.2940  380  377.0103 17.7000 4.7481 36.4780  -9.9900 0.3800 0.0210    0.2100
20017001 1990.143917 31.8660 64.2940  382  378.9927 17.6900 4.7470 36.4770  -9.9900 0.3810 0.0190    0.2100
20017001 1990.143917 31.8660 64.2940  384  380.9751 17.6730 4.7453 36.4760  -9.9900 0.3790 0.0220    0.2100
20017001 1990.143917 31.8660 64.2940  386  382.9575 17.6630 4.7441 36.4740  -9.9900 0.3800 0.0220    0.2100
20017001 1990.143917 31.8660 64.2940  388  384.9399 17.6460 4.7423 36.4730  -9.9900 0.3790 0.0190    0.2100
20017001 1990.143917 31.8660 64.2940  390  386.9223 17.6350 4.7411 36.4720  -9.9900 0.3800 0.0210    0.2100
20017001 1990.143917 31.8660 64.2940  392  388.9046 17.6320 4.7408 36.4710  -9.9900 0.3810 0.0200    0.2100
20017001 1990.143917 31.8660 64.2940  394  390.8870 17.6160 4.7392 36.4710  -9.9900 0.3800 0.0190    0.2100
20017001 1990.143917 31.8660 64.2940  396  392.8693 17.6030 4.7377 36.4690  -9.9900 0.3800 0.0180    0.2100
20017001 1990.143917 31.8660 64.2940  398  394.8515 17.5900 4.7363 36.4680  -9.9900 0.3800 0.0180    0.2100
20017001 1990.143917 31.8660 64.2940  400  396.8338 17.5780 4.7351 36.4670  -9.9900 0.3800 0.0180    0.2100
20017001 1990.143917 31.8660 64.2940  402  398.8161 17.5690 4.7341 36.4660  -9.9900 0.3810 0.0180    0.2100
20017003 1990.144273 31.8450 64.2970    4    3.9721 20.8770 5.0985 36.7550  -9.9900 0.4300 0.1770  218.5100
20017003 1990.144273 31.8450 64.2970    6    5.9582 20.8800 5.0989 36.7550  -9.9900 0.4290 0.1780  171.8300
20017003 1990.144273 31.8450 64.2970    8    7.9442 20.8860 5.0996 36.7550  -9.9900 0.4290 0.1960  141.7200
20017003 1990.144273 31.8450 64.2970   10    9.9302 20.8860 5.0997 36.7550  -9.9900 0.4290 0.2030  124.9700
20017003 1990.144273 31.8450 64.2970   12   11.9162 20.8870 5.0999 36.7550  -9.9900 0.4280 0.2060  111.2000
20017003 1990.144273 31.8450 64.2970   14   13.9022 20.8870 5.1000 36.7550  -9.9900 0.4280 0.2010  101.5500
20017003 1990.144273 31.8450 64.2970   16   15.8881 20.8870 5.1001 36.7550  -9.9900 0.4280 0.1980   99.9800
20017003 1990.144273 31.8450 64.2970   18   17.8741 20.8870 5.1002 36.7550  -9.9900 0.4280 0.1970   92.8500
20017003 1990.144273 31.8450 64.2970   20   19.8600 20.8860 5.1001 36.7550  -9.9900 0.4280 0.1980   95.0000
20017003 1990.144273 31.8450 64.2970   22   21.8459 20.8830 5.0998 36.7540  -9.9900 0.4290 0.2010   87.2700
20017003 1990.144273 31.8450 64.2970   24   23.8317 20.8810 5.0995 36.7530  -9.9900 0.4310 0.2130   86.2300
20017003 1990.144273 31.8450 64.2970   26   25.8176 20.8750 5.0989 36.7520  -9.9900 0.4310 0.2130   79.5100
20017003 1990.144273 31.8450 64.2970   28   27.8034 20.8710 5.0985 36.7520  -9.9900 0.4330 0.2250   74.8200
20017003 1990.144273 31.8450 64.2970   30   29.7892 20.8700 5.0985 36.7520  -9.9900 0.4330 0.2270   70.3300
20017003 1990.144273 31.8450 64.2970   32   31.7750 20.8690 5.0984 36.7510  -9.9900 0.4320 0.2250   63.2700
20017003 1990.144273 31.8450 64.2970   34   33.7608 20.8650 5.0980 36.7510  -9.9900 0.4330 0.2310   59.9900
20017003 1990.144273 31.8450 64.2970   36   35.7466 20.8660 5.0982 36.7510  -9.9900 0.4330 0.2310   56.1400
20017003 1990.144273 31.8450 64.2970   38   37.7323 20.8640 5.0981 36.7510  -9.9900 0.4330 0.2360   50.9400
20017003 1990.144273 31.8450 64.2970   40   39.7180 20.8620 5.0980 36.7510  -9.9900 0.4330 0.2450   47.3200
20017003 1990.144273 31.8450 64.2970   42   41.7037 20.8600 5.0979 36.7510  -9.9900 0.4330 0.2470   43.0800
20017003 1990.144273 31.8450 64.2970   44   43.6894 20.8590 5.0979 36.7510  -9.9900 0.4330 0.2480   39.4700
20017003 1990.144273 31.8450 64.2970   46   45.6751 20.8600 5.0981 36.7510  -9.9900 0.4330 0.2530   36.4500
20017003 1990.144273 31.8450 64.2970   48   47.6607 20.8590 5.0979 36.7500  -9.9900 0.4330 0.2540   33.4400
20017003 1990.144273 31.8450 64.2970   50   49.6463 20.8560 5.0977 36.7500  -9.9900 0.4320 0.2610   30.7900
20017003 1990.144273 31.8450 64.2970   52   51.6319 20.8550 5.0977 36.7500  -9.9900 0.4330 0.2650   28.1200
20017003 1990.144273 31.8450 64.2970   54   53.6175 20.8550 5.0978 36.7500  -9.9900 0.4320 0.2600   25.9700
20017003 1990.144273 31.8450 64.2970   56   55.6031 20.8550 5.0978 36.7500  -9.9900 0.4320 0.2660   23.7900
20017003 1990.144273 31.8450 64.2970   58   57.5886 20.8530 5.0977 36.7500  -9.9900 0.4310 0.2740   21.7000
20017003 1990.144273 31.8450 64.2970   60   59.5741 20.8520 5.0976 36.7490  -9.9900 0.4310 0.2680   20.1500
20017003 1990.144273 31.8450 64.2970   62   61.5596 20.8470 5.0971 36.7490  -9.9900 0.4280 0.2750   18.4300
20017003 1990.144273 31.8450 64.2970   64   63.5451 20.8470 5.0972 36.7490  -9.9900 0.4280 0.2800   16.8900
20017003 1990.144273 31.8450 64.2970   66   65.5306 20.8480 5.0974 36.7490  -9.9900 0.4270 0.2810   15.5800
20017003 1990.144273 31.8450 64.2970   68   67.5160 20.8480 5.0975 36.7490  -9.9900 0.4270 0.2900   14.2600
20017003 1990.144273 31.8450 64.2970   70   69.5015 20.8480 5.0976 36.7490  -9.9900 0.4280 0.2840   13.1700
20017003 1990.144273 31.8450 64.2970   72   71.4869 20.8490 5.0978 36.7490  -9.9900 0.4270 0.2860   12.1600
20017003 1990.144273 31.8450 64.2970   74   73.4723 20.8490 5.0979 36.7490  -9.9900 0.4270 0.2880   11.1900
20017003 1990.144273 31.8450 64.2970   76   75.4576 20.8480 5.0979 36.7490  -9.9900 0.4270 0.2840   10.3000
20017003 1990.144273 31.8450 64.2970   78   77.4430 20.8480 5.0980 36.7490  -9.9900 0.4260 0.2780    9.4900
20017003 1990.144273 31.8450 64.2970   80   79.4283 20.8450 5.0977 36.7490  -9.9900 0.4220 0.2700    8.7000
20017003 1990.144273 31.8450 64.2970   82   81.4136 20.8450 5.0978 36.7490  -9.9900 0.4220 0.2740    8.0700
20017003 1990.144273 31.8450 64.2970   84   83.3989 20.8460 5.0980 36.7490  -9.9900 0.4220 0.2720    7.3800
20017003 1990.144273 31.8450 64.2970   86   85.3842 20.8460 5.0980 36.7480  -9.9900 0.4220 0.2740    6.8900
20017003 1990.144273 31.8450 64.2970   88   87.3695 20.8460 5.0981 36.7480  -9.9900 0.4210 0.2790    6.3200
20017003 1990.144273 31.8450 64.2970   90   89.3547 20.8460 5.0982 36.7480  -9.9900 0.4210 0.3030    5.8400
20017003 1990.144273 31.8450 64.2970   92   91.3399 20.8460 5.0983 36.7480  -9.9900 0.4200 0.3290    5.4200
20017003 1990.144273 31.8450 64.2970   94   93.3251 20.8460 5.0984 36.7480  -9.9900 0.4200 0.2890    4.9700
20017003 1990.144273 31.8450 64.2970   96   95.3103 20.8440 5.0982 36.7480  -9.9900 0.4200 0.2760    4.6300
20017003 1990.144273 31.8450 64.2970   98   97.2955 20.8440 5.0983 36.7480  -9.9900 0.4190 0.2740    4.3100
20017003 1990.144273 31.8450 64.2970  100   99.2806 20.8440 5.0985 36.7490  -9.9900 0.4190 0.2670    3.9600
20017003 1990.144273 31.8450 64.2970  102  101.2657 20.8440 5.0986 36.7490  -9.9900 0.4190 0.2600    3.6400
20017003 1990.144273 31.8450 64.2970  104  103.2508 20.8440 5.0987 36.7490  -9.9900 0.4180 0.2580    3.3500
20017003 1990.144273 31.8450 64.2970  106  105.2359 20.8440 5.0988 36.7490  -9.9900 0.4180 0.2550    3.1200
20017003 1990.144273 31.8450 64.2970  108  107.2210 20.8440 5.0989 36.7490  -9.9900 0.4180 0.2490    2.8800
20017003 1990.144273 31.8450 64.2970  110  109.2060 20.8430 5.0989 36.7490  -9.9900 0.4180 0.2530    2.6800
20017003 1990.144273 31.8450 64.2970  112  111.1910 20.8420 5.0989 36.7490  -9.9900 0.4180 0.2500    2.4800
20017003 1990.144273 31.8450 64.2970  114  113.1760 20.8410 5.0988 36.7490  -9.9900 0.4180 0.2450    2.2800
20017003 1990.144273 31.8450 64.2970  116  115.1610 20.8410 5.0989 36.7490  -9.9900 0.4190 0.2440    2.1200
20017003 1990.144273 31.8450 64.2970  118  117.1460 20.8400 5.0989 36.7490  -9.9900 0.4180 0.2450    1.9700
20017003 1990.144273 31.8450 64.2970  120  119.1309 20.8390 5.0988 36.7480  -9.9900 0.4180 0.2510    1.8200
20017003 1990.144273 31.8450 64.2970  122  121.1159 20.8390 5.0989 36.7480  -9.9900 0.4180 0.2540    1.6900
20017003 1990.144273 31.8450 64.2970  124  123.1008 20.8380 5.0988 36.7480  -9.9900 0.4180 0.2530    1.5800
20017003 1990.144273 31.8450 64.2970  126  125.0857 20.8350 5.0986 36.7480  -9.9900 0.4180 0.2550    1.4500
20017003 1990.144273 31.8450 64.2970  128  127.0705 20.8330 5.0984 36.7470  -9.9900 0.4180 0.2520    1.3600
20017003 1990.144273 31.8450 64.2970  130  129.0554 20.8320 5.0984 36.7470  -9.9900 0.4180 0.2470    1.2400
20017003 1990.144273 31.8450 64.2970  132  131.0402 20.8290 5.0981 36.7470  -9.9900 0.4170 0.2490    1.1500
20017003 1990.144273 31.8450 64.2970  134  133.0250 20.8280 5.0981 36.7470  -9.9900 0.4180 0.2460    1.0800
20017003 1990.144273 31.8450 64.2970  136  135.0098 20.8270 5.0981 36.7470  -9.9900 0.4180 0.2420    1.0100
20017003 1990.144273 31.8450 64.2970  138  136.9946 20.8270 5.0983 36.7480  -9.9900 0.4180 0.2360    0.9200
20017003 1990.144273 31.8450 64.2970  140  138.9794 20.8260 5.0983 36.7480  -9.9900 0.4170 0.2330    0.8600
20017003 1990.144273 31.8450 64.2970  142  140.9641 20.8250 5.0983 36.7480  -9.9900 0.4180 0.2350    0.8000
20017003 1990.144273 31.8450 64.2970  144  142.9488 20.8110 5.0965 36.7450  -9.9900 0.4170 0.2360    0.7400
20017003 1990.144273 31.8450 64.2970  146  144.9335 20.7790 5.0927 36.7410  -9.9900 0.4150 0.2350    0.6900
20017003 1990.144273 31.8450 64.2970  148  146.9182 20.7580 5.0901 36.7370  -9.9900 0.4150 0.2300    0.6400
20017003 1990.144273 31.8450 64.2970  150  148.9028 20.7200 5.0850 36.7280  -9.9900 0.4120 0.2280    0.5900
20017003 1990.144273 31.8450 64.2970  152  150.8875 20.5310 5.0611 36.6960  -9.9900 0.4100 0.2260    0.5400
20017003 1990.144273 31.8450 64.2970  154  152.8721 20.1720 5.0183 36.6570  -9.9900 0.4070 0.2190    0.5000
20017003 1990.144273 31.8450 64.2970  156  154.8567 19.8490 4.9819 36.6370  -9.9900 0.4040 0.2220    0.4600
20017003 1990.144273 31.8450 64.2970  158  156.8413 19.7280 4.9686 36.6320  -9.9900 0.4010 0.2200    0.4100
20017003 1990.144273 31.8450 64.2970  160  158.8259 19.5930 4.9533 36.6230  -9.9900 0.3960 0.2030    0.3800
20017003 1990.144273 31.8450 64.2970  162  160.8104 19.5510 4.9485 36.6190  -9.9900 0.3960 0.1740    0.3400
20017003 1990.144273 31.8450 64.2970  164  162.7949 19.5350 4.9462 36.6130  -9.9900 0.3950 0.1550    0.3200
20017003 1990.144273 31.8450 64.2970  166  164.7794 19.4990 4.9424 36.6120  -9.9900 0.3940 0.1530    0.3100
20017003 1990.144273 31.8450 64.2970  168  166.7639 19.3990 4.9309 36.6030  -9.9900 0.3920 0.1340    0.2900
20017003 1990.144273 31.8450 64.2970  170  168.7484 19.3370 4.9241 36.6000  -9.9900 0.3920 0.1290    0.2800
20017003 1990.144273 31.8450 64.2970  172  170.7328 19.2630 4.9160 36.5970  -9.9900 0.3920 0.1230    0.2800
20017003 1990.144273 31.8450 64.2970  174  172.7173 19.2270 4.9119 36.5930  -9.9900 0.3920 0.1190    0.2700
20017003 1990.144273 31.8450 64.2970  176  174.7017 19.2210 4.9111 36.5910  -9.9900 0.3920 0.1150    0.2700
20017003 1990.144273 31.8450 64.2970  178  176.6861 19.2160 4.9104 36.5890  -9.9900 0.3910 0.1180    0.2600
20017003 1990.144273 31.8450 64.2970  180  178.6704 19.1820 4.9068 36.5880  -9.9900 0.3910 0.1110    0.2600
20017003 1990.144273 31.8450 64.2970  182  180.6548 19.1760 4.9062 36.5870  -9.9900 0.3900 0.1040    0.2600
20017003 1990.144273 31.8450 64.2970  184  182.6391 19.1610 4.9043 36.5840  -9.9900 0.3900 0.0960    0.2600
20017003 1990.144273 31.8450 64.2970  186  184.6234 19.1150 4.8996 36.5840  -9.9900 0.3900 0.0910    0.2600
20017003 1990.144273 31.8450 64.2970  188  186.6077 19.0650 4.8943 36.5830  -9.9900 0.3890 0.0890    0.2500
20017003 1990.144273 31.8450 64.2970  190  188.5920 19.0550 4.8931 36.5810  -9.9900 0.3880 0.0900    0.2500
20017003 1990.144273 31.8450 64.2970  192  190.5763 19.0510 4.8926 36.5800  -9.9900 0.3880 0.0880    0.2500
20017003 1990.144273 31.8450 64.2970  194  192.5605 18.9890 4.8859 36.5770  -9.9900 0.3880 0.0830    0.2500
20017003 1990.144273 31.8450 64.2970  196  194.5447 18.9620 4.8831 36.5770  -9.9900 0.3870 0.0730    0.2500
20017003 1990.144273 31.8450 64.2970  198  196.5289 18.9520 4.8818 36.5740  -9.9900 0.3860 0.0610    0.2500
20017003 1990.144273 31.8450 64.2970  200  198.5131 18.9370 4.8802 36.5730  -9.9900 0.3870 0.0580    0.2500
20017003 1990.144273 31.8450 64.2970  202  200.4973 18.9130 4.8777 36.5720  -9.9900 0.3860 0.0530    0.2500
20017003 1990.144273 31.8450 64.2970  204  202.4814 18.8930 4.8754 36.5700  -9.9900 0.3860 0.0490    0.2500
20017003 1990.144273 31.8450 64.2970  206  204.4655 18.8670 4.8727 36.5690  -9.9900 0.3850 0.0480    0.2400
20017003 1990.144273 31.8450 64.2970  208  206.4496 18.8520 4.8712 36.5690  -9.9900 0.3850 0.0490    0.2400
20017003 1990.144273 31.8450 64.2970  210  208.4337 18.8450 4.8703 36.5670  -9.9900 0.3850 0.0470    0.2400
20017003 1990.144273 31.8450 64.2970  212  210.4178 18.8240 4.8680 36.5650  -9.9900 0.3870 0.0420    0.2400
20017003 1990.144273 31.8450 64.2970  214  212.4018 18.8080 4.8664 36.5650  -9.9900 0.3850 0.0410    0.2400
20017003 1990.144273 31.8450 64.2970  216  214.3859 18.8010 4.8656 36.5640  -9.9900 0.3850 0.0430    0.2400
20017003 1990.144273 31.8450 64.2970  218  216.3699 18.7960 4.8651 36.5630  -9.9900 0.3850 0.0430    0.2400
20017003 1990.144273 31.8450 64.2970  220  218.3539 18.7750 4.8628 36.5620  -9.9900 0.3850 0.0370    0.2400
20017003 1990.144273 31.8450 64.2970  222  220.3378 18.7470 4.8599 36.5610  -9.9900 0.3850 0.0390    0.2400
20017003 1990.144273 31.8450 64.2970  224  222.3218 18.7030 4.8551 36.5590  -9.9900 0.3840 0.0400    0.2400
20017003 1990.144273 31.8450 64.2970  226  224.3057 18.6940 4.8542 36.5580  -9.9900 0.3840 0.0360    0.2400
20017003 1990.144273 31.8450 64.2970  228  226.2896 18.6880 4.8535 36.5570  -9.9900 0.3830 0.0320    0.2400
20017003 1990.144273 31.8450 64.2970  230  228.2735 18.6860 4.8534 36.5570  -9.9900 0.3830 0.0290    0.2400
20017003 1990.144273 31.8450 64.2970  232  230.2574 18.6780 4.8525 36.5560  -9.9900 0.3830 0.0290    0.2400
20017003 1990.144273 31.8450 64.2970  234  232.2412 18.6550 4.8501 36.5550  -9.9900 0.3830 0.0310    0.2300
20017003 1990.144273 31.8450 64.2970  236  234.2251 18.6300 4.8472 36.5520  -9.9900 0.3830 0.0260    0.2300
20017003 1990.144273 31.8450 64.2970  238  236.2089 18.6120 4.8453 36.5510  -9.9900 0.3830 0.0230    0.2300
20017003 1990.144273 31.8450 64.2970  240  238.1927 18.5890 4.8430 36.5510  -9.9900 0.3830 0.0230    0.2300
20017003 1990.144273 31.8450 64.2970  242  240.1765 18.5710 4.8411 36.5500  -9.9900 0.3830 0.0270    0.2300
20017003 1990.144273 31.8450 64.2970  244  242.1602 18.5680 4.8408 36.5500  -9.9900 0.3830 0.0230    0.2300
20017003 1990.144273 31.8450 64.2970  246  244.1440 18.5610 4.8401 36.5490  -9.9900 0.3830 0.0200    0.2300
20017003 1990.144273 31.8450 64.2970  248  246.1277 18.5410 4.8381 36.5490  -9.9900 0.3830 0.0200    0.2300
20017003 1990.144273 31.8450 64.2970  250  248.1114 18.5140 4.8351 36.5470  -9.9900 0.3830 0.0190    0.2300
20017003 1990.144273 31.8450 64.2970  252  250.0951 18.5030 4.8341 36.5470  -9.9900 0.3830 0.0210    0.2300
20017003 1990.144273 31.8450 64.2970  254  252.0787 18.4890 4.8324 36.5450  -9.9900 0.3820 0.0220    0.2300
20017003 1990.144273 31.8450 64.2970  256  254.0624 18.4750 4.8312 36.5460  -9.9900 0.3830 0.0230    0.2200
20017003 1990.144273 31.8450 64.2970  258  256.0460 18.4740 4.8313 36.5470  -9.9900 0.3830 0.0200    0.2200
20017003 1990.144273 31.8450 64.2970  260  258.0296 18.4680 4.8305 36.5450  -9.9900 0.3830 0.0200    0.2100
20017003 1990.144273 31.8450 64.2970  262  260.0132 18.4560 4.8292 36.5440  -9.9900 0.3830 0.0190    0.2000
20017003 1990.144273 31.8450 64.2970  264  261.9968 18.4470 4.8283 36.5430  -9.9900 0.3820 0.0190    0.2000
20017003 1990.144273 31.8450 64.2970  266  263.9803 18.4300 4.8262 36.5400  -9.9900 0.3810 0.0170    0.2100
20017003 1990.144273 31.8450 64.2970  268  265.9638 18.4010 4.8231 36.5380  -9.9900 0.3820 0.0160    0.2000
20017003 1990.144273 31.8450 64.2970  270  267.9473 18.3810 4.8211 36.5380  -9.9900 0.3830 0.0190    0.2100
20017003 1990.144273 31.8450 64.2970  272  269.9308 18.3720 4.8201 36.5370  -9.9900 0.3830 0.0200    0.2100
20017003 1990.144273 31.8450 64.2970  274  271.9143 18.3670 4.8198 36.5380  -9.9900 0.3810 0.0210    0.2100
20017003 1990.144273 31.8450 64.2970  276  273.8978 18.3640 4.8196 36.5380  -9.9900 0.3820 0.0180    0.2100
20017003 1990.144273 31.8450 64.2970  278  275.8812 18.3560 4.8187 36.5370  -9.9900 0.3820 0.0140    0.2000
20017003 1990.144273 31.8450 64.2970  280  277.8646 18.3450 4.8175 36.5360  -9.9900 0.3820 0.0150    0.2100
20017003 1990.144273 31.8450 64.2970  282  279.8480 18.3100 4.8134 36.5310  -9.9900 0.3820 0.0130    0.2100
20017003 1990.144273 31.8450 64.2970  284  281.8314 18.3010 4.8125 36.5310  -9.9900 0.3820 0.0180    0.2100
20017003 1990.144273 31.8450 64.2970  286  283.8147 18.2920 4.8114 36.5290  -9.9900 0.3820 0.0200    0.2100
20017003 1990.144273 31.8450 64.2970  288  285.7981 18.2820 4.8104 36.5280  -9.9900 0.3810 0.0190    0.2100
20017003 1990.144273 31.8450 64.2970  290  287.7814 18.2740 4.8095 36.5270  -9.9900 0.3820 0.0170    0.2100
20017003 1990.144273 31.8450 64.2970  292  289.7647 18.2660 4.8086 36.5260  -9.9900 0.3820 0.0180    0.2100
20017003 1990.144273 31.8450 64.2970  294  291.7480 18.2570 4.8077 36.5250  -9.9900 0.3810 0.0170    0.2100
20017003 1990.144273 31.8450 64.2970  296  293.7312 18.2450 4.8063 36.5230  -9.9900 0.3820 0.0150    0.2100
20017003 1990.144273 31.8450 64.2970  298  295.7145 18.2310 4.8048 36.5220  -9.9900 0.3810 0.0150    0.2100
20017003 1990.144273 31.8450 64.2970  300  297.6977 18.2130 4.8029 36.5210  -9.9900 0.3810 0.0150    0.2100
20017003 1990.144273 31.8450 64.2970  302  299.6809 18.1980 4.8015 36.5220  -9.9900 0.3820 0.0160    0.2100
20017003 1990.144273 31.8450 64.2970  304  301.6641 18.1860 4.8006 36.5240  -9.9900 0.3810 0.0190    0.2100
20017003 1990.144273 31.8450 64.2970  306  303.6472 18.1740 4.7994 36.5240  -9.9900 0.3810 0.0180    0.2100
20017003 1990.144273 31.8450 64.2970  308  305.6304 18.1640 4.7984 36.5230  -9.9900 0.3820 0.0160    0.2100
20017003 1990.144273 31.8450 64.2970  310  307.6135 18.1570 4.7976 36.5220  -9.9900 0.3830 0.0160    0.2100
20017003 1990.144273 31.8450 64.2970  312  309.5966 18.1400 4.7958 36.5210  -9.9900 0.3820 0.0160    0.2100
20017003 1990.144273 31.8450 64.2970  314  311.5797 18.1350 4.7954 36.5210  -9.9900 0.3810 0.0150    0.2100
20017003 1990.144273 31.8450 64.2970  316  313.5628 18.1250 4.7942 36.5190  -9.9900 0.3820 0.0150    0.2100
20017003 1990.144273 31.8450 64.2970  318  315.5458 18.1090 4.7926 36.5190  -9.9900 0.3820 0.0120    0.2100
20017003 1990.144273 31.8450 64.2970  320  317.5289 18.0990 4.7916 36.5180  -9.9900 0.3810 0.0120    0.2100
20017003 1990.144273 31.8450 64.2970  322  319.5119 18.0800 4.7894 36.5160  -9.9900 0.3810 0.0150    0.2100
20017003 1990.144273 31.8450 64.2970  324  321.4949 18.0690 4.7883 36.5150  -9.9900 0.3810 0.0140    0.2100
20017003 1990.144273 31.8450 64.2970  326  323.4778 18.0520 4.7862 36.5120  -9.9900 0.3810 0.0140    0.2100
20017003 1990.144273 31.8450 64.2970  328  325.4608 18.0380 4.7847 36.5110  -9.9900 0.3810 0.0150    0.2100
20017003 1990.144273 31.8450 64.2970  330  327.4437 18.0280 4.7836 36.5090  -9.9900 0.3810 0.0130    0.2100
20017003 1990.144273 31.8450 64.2970  332  329.4267 18.0180 4.7825 36.5080  -9.9900 0.3820 0.0130    0.2100
20017003 1990.144273 31.8450 64.2970  334  331.4096 18.0070 4.7813 36.5070  -9.9900 0.3820 0.0170    0.2100
20017003 1990.144273 31.8450 64.2970  336  333.3924 17.9850 4.7789 36.5050  -9.9900 0.3810 0.0200    0.2100
20017003 1990.144273 31.8450 64.2970  338  335.3753 17.9660 4.7769 36.5040  -9.9900 0.3820 0.0210    0.2100
20017003 1990.144273 31.8450 64.2970  340  337.3581 17.9600 4.7764 36.5040  -9.9900 0.3820 0.0150    0.2100
20017003 1990.144273 31.8450 64.2970  342  339.3410 17.9560 4.7759 36.5030  -9.9900 0.3810 0.0120    0.2100
20017003 1990.144273 31.8450 64.2970  344  341.3238 17.9450 4.7747 36.5020  -9.9900 0.3820 0.0130    0.2100
20017003 1990.144273 31.8450 64.2970  346  343.3065 17.9420 4.7744 36.5010  -9.9900 0.3810 0.0150    0.2100
20017003 1990.144273 31.8450 64.2970  348  345.2893 17.9240 4.7724 36.4990  -9.9900 0.3810 0.0140    0.2100
20017003 1990.144273 31.8450 64.2970  350  347.2721 17.9050 4.7701 36.4960  -9.9900 0.3810 0.0160    0.2100
20017003 1990.144273 31.8450 64.2970  352  349.2548 17.8930 4.7689 36.4950  -9.9900 0.3810 0.0160    0.2100
20017003 1990.144273 31.8450 64.2970  354  351.2375 17.8770 4.7672 36.4940  -9.9900 0.3810 0.0160    0.2100
20017003 1990.144273 31.8450 64.2970  356  353.2202 17.8690 4.7663 36.4930  -9.9900 0.3810 0.0170    0.2100
20017003 1990.144273 31.8450 64.2970  358  355.2028 17.8660 4.7661 36.4930  -9.9900 0.3810 0.0190    0.2100
20017003 1990.144273 31.8450 64.2970  360  357.1855 17.8590 4.7655 36.4930  -9.9900 0.3810 0.0170    0.2100
20017003 1990.144273 31.8450 64.2970  362  359.1681 17.8290 4.7622 36.4910  -9.9900 0.3810 0.0170    0.2100
20017003 1990.144273 31.8450 64.2970  364  361.1507 17.8140 4.7606 36.4900  -9.9900 0.3810 0.0170    0.2100
20017003 1990.144273 31.8450 64.2970  366  363.1333 17.8010 4.7591 36.4880  -9.9900 0.3810 0.0220    0.2100
20017003 1990.144273 31.8450 64.2970  368  365.1159 17.7910 4.7581 36.4870  -9.9900 0.3810 0.0200    0.2100
20017003 1990.144273 31.8450 64.2970  370  367.0985 17.7860 4.7575 36.4860  -9.9900 0.3810 0.0170    0.2100
20017003 1990.144273 31.8450 64.2970  372  369.0810 17.7680 4.7556 36.4850  -9.9900 0.3810 0.0150    0.2100
20017003 1990.144273 31.8450 64.2970  374  371.0635 17.7490 4.7534 36.4820  -9.9900 0.3810 0.0190    0.2100
20017003 1990.144273 31.8450 64.2970  376  373.0460 17.7390 4.7524 36.4820  -9.9900 0.3810 0.0170    0.2100
20017003 1990.144273 31.8450 64.2970  378  375.0285 17.7270 4.7511 36.4800  -9.9900 0.3810 0.0170    0.2100
20017003 1990.144273 31.8450 64.2970  380  377.0109 17.7140 4.7498 36.4800  -9.9900 0.3810 0.0200    0.2100
20017003 1990.144273 31.8450 64.2970  382  378.9934 17.7100 4.7493 36.4790  -9.9900 0.3810 0.0190    0.2100
20017003 1990.144273 31.8450 64.2970  384  380.9758 17.7040 4.7487 36.4780  -9.9900 0.3810 0.0170    0.2100
20017003 1990.144273 31.8450 64.2970  386  382.9582 17.6960 4.7480 36.4780  -9.9900 0.3810 0.0150    0.2100
20017003 1990.144273 31.8450 64.2970  388  384.9406 17.6920 4.7475 36.4770  -9.9900 0.3810 0.0150    0.2100
20017003 1990.144273 31.8450 64.2970  390  386.9230 17.6780 4.7460 36.4760  -9.9900 0.3810 0.0150    0.2100
20017003 1990.144273 31.8450 64.2970  392  388.9053 17.6570 4.7437 36.4740  -9.9900 0.3810 0.0190    0.2100
20017003 1990.144273 31.8450 64.2970  394  390.8876 17.6490 4.7429 36.4730  -9.9900 0.3810 0.0200    0.2100
20017003 1990.144273 31.8450 64.2970  396  392.8699 17.6300 4.7409 36.4720  -9.9900 0.3810 0.0200    0.2100
20017003 1990.144273 31.8450 64.2970  398  394.8522 17.6170 4.7395 36.4710  -9.9900 0.3810 0.0210    0.2100
20017003 1990.144273 31.8450 64.2970  400  396.8345 17.6130 4.7392 36.4710  -9.9900 0.3810 0.0190    0.2100
20017003 1990.144273 31.8450 64.2970  402  398.8167 17.6110 4.7389 36.4700  -9.9900 0.3810 0.0190    0.2100
20017003 1990.144273 31.8450 64.2970  404  400.7990 17.6090 4.7388 36.4700  -9.9900 0.3810 0.0200    0.2100
20017003 1990.144273 31.8450 64.2970  406  402.7812 17.5990 4.7376 36.4680  -9.9900 0.3810 0.0220    0.2100
20017003 1990.144273 31.8450 64.2970  408  404.7634 17.5720 4.7348 36.4670  -9.9900 0.3810 0.0210    0.2100
