20078001 1995.239728 31.6430 64.1910    8    7.9444 18.8542 4.8684 36.6195  -9.9900 -9.9900 0.2870   -9.9900
20078001 1995.239728 31.6430 64.1910   10    9.9304 18.8542 4.8684 36.6192  -9.9900 -9.9900 0.2980   -9.9900
20078001 1995.239728 31.6430 64.1910   12   11.9164 18.8551 4.8686 36.6193  -9.9900 -9.9900 0.3030   -9.9900
20078001 1995.239728 31.6430 64.1910   14   13.9024 18.8563 4.8689 36.6194  -9.9900 -9.9900 0.3110   -9.9900
20078001 1995.239728 31.6430 64.1910   16   15.8884 18.8594 4.8693 36.6197  -9.9900 -9.9900 0.3150   -9.9900
20078001 1995.239728 31.6430 64.1910   18   17.8744 18.8617 4.8697 36.6199  -9.9900 -9.9900 0.3230   -9.9900
20078001 1995.239728 31.6430 64.1910   20   19.8603 18.8582 4.8693 36.6194  -9.9900 -9.9900 0.3360   -9.9900
20078001 1995.239728 31.6430 64.1910   22   21.8462 18.8497 4.8685 36.6191  -9.9900 -9.9900 0.3590   -9.9900
20078001 1995.239728 31.6430 64.1910   24   23.8321 18.8501 4.8687 36.6193  -9.9900 -9.9900 0.3410   -9.9900
20078001 1995.239728 31.6430 64.1910   26   25.8180 18.8497 4.8687 36.6192  -9.9900 -9.9900 0.3450   -9.9900
20078001 1995.239728 31.6430 64.1910   28   27.8039 18.8501 4.8689 36.6195  -9.9900 -9.9900 0.3680   -9.9900
20078001 1995.239728 31.6430 64.1910   30   29.7897 18.8497 4.8689 36.6195  -9.9900 -9.9900 0.4150   -9.9900
20078001 1995.239728 31.6430 64.1910   32   31.7756 18.8482 4.8689 36.6197  -9.9900 -9.9900 0.4370   -9.9900
20078001 1995.239728 31.6430 64.1910   34   33.7614 18.8464 4.8688 36.6197  -9.9900 -9.9900 0.4410   -9.9900
20078001 1995.239728 31.6430 64.1910   36   35.7472 18.8460 4.8688 36.6198  -9.9900 -9.9900 0.4090   -9.9900
20078001 1995.239728 31.6430 64.1910   38   37.7329 18.8459 4.8689 36.6198  -9.9900 -9.9900 0.3830   -9.9900
20078001 1995.239728 31.6430 64.1910   40   39.7187 18.8462 4.8690 36.6198  -9.9900 -9.9900 0.3780   -9.9900
20078001 1995.239728 31.6430 64.1910   42   41.7044 18.8461 4.8691 36.6199  -9.9900 -9.9900 0.3730   -9.9900
20078001 1995.239728 31.6430 64.1910   44   43.6901 18.8455 4.8691 36.6198  -9.9900 -9.9900 0.3690   -9.9900
20078001 1995.239728 31.6430 64.1910   46   45.6758 18.8448 4.8692 36.6199  -9.9900 -9.9900 0.4950   -9.9900
20078001 1995.239728 31.6430 64.1910   48   47.6615 18.8448 4.8693 36.6201  -9.9900 -9.9900 0.4570   -9.9900
20078001 1995.239728 31.6430 64.1910   50   49.6471 18.8448 4.8693 36.6199  -9.9900 -9.9900 0.4350   -9.9900
20078001 1995.239728 31.6430 64.1910   52   51.6328 18.8453 4.8695 36.6200  -9.9900 -9.9900 0.4300   -9.9900
20078001 1995.239728 31.6430 64.1910   54   53.6184 18.8450 4.8695 36.6198  -9.9900 -9.9900 0.4330   -9.9900
20078001 1995.239728 31.6430 64.1910   56   55.6040 18.8444 4.8696 36.6199  -9.9900 -9.9900 0.4130   -9.9900
20078001 1995.239728 31.6430 64.1910   58   57.5896 18.8440 4.8696 36.6199  -9.9900 -9.9900 0.3960   -9.9900
20078001 1995.239728 31.6430 64.1910   60   59.5751 18.8444 4.8698 36.6199  -9.9900 -9.9900 0.3990   -9.9900
20078001 1995.239728 31.6430 64.1910   62   61.5607 18.8440 4.8698 36.6200  -9.9900 -9.9900 0.3920   -9.9900
20078001 1995.239728 31.6430 64.1910   64   63.5462 18.8433 4.8698 36.6200  -9.9900 -9.9900 0.3950   -9.9900
20078001 1995.239728 31.6430 64.1910   66   65.5317 18.8433 4.8699 36.6199  -9.9900 -9.9900 0.3950   -9.9900
20078001 1995.239728 31.6430 64.1910   68   67.5172 18.8433 4.8700 36.6199  -9.9900 -9.9900 0.4030   -9.9900
20078001 1995.239728 31.6430 64.1910   70   69.5026 18.8434 4.8701 36.6199  -9.9900 -9.9900 0.4070   -9.9900
20078001 1995.239728 31.6430 64.1910   72   71.4881 18.8436 4.8702 36.6200  -9.9900 -9.9900 0.4170   -9.9900
20078001 1995.239728 31.6430 64.1910   74   73.4735 18.8441 4.8704 36.6200  -9.9900 -9.9900 0.4610   -9.9900
20078001 1995.239728 31.6430 64.1910   76   75.4589 18.8442 4.8705 36.6200  -9.9900 -9.9900 0.4430   -9.9900
20078001 1995.239728 31.6430 64.1910   78   77.4443 18.8444 4.8706 36.6199  -9.9900 -9.9900 0.4060   -9.9900
20078001 1995.239728 31.6430 64.1910   80   79.4296 18.8466 4.8709 36.6203  -9.9900 -9.9900 0.3960   -9.9900
20078001 1995.239728 31.6430 64.1910   82   81.4150 18.8474 4.8711 36.6200  -9.9900 -9.9900 0.3910   -9.9900
20078001 1995.239728 31.6430 64.1910   84   83.4003 18.8476 4.8712 36.6200  -9.9900 -9.9900 0.4190   -9.9900
20078001 1995.239728 31.6430 64.1910   86   85.3856 18.8472 4.8712 36.6200  -9.9900 -9.9900 0.4090   -9.9900
20078001 1995.239728 31.6430 64.1910   88   87.3709 18.8458 4.8712 36.6198  -9.9900 -9.9900 0.4130   -9.9900
20078001 1995.239728 31.6430 64.1910   90   89.3562 18.8452 4.8712 36.6197  -9.9900 -9.9900 0.4000   -9.9900
20078001 1995.239728 31.6430 64.1910   92   91.3414 18.8454 4.8713 36.6197  -9.9900 -9.9900 0.3790   -9.9900
20078001 1995.239728 31.6430 64.1910   94   93.3267 18.8464 4.8715 36.6198  -9.9900 -9.9900 0.4150   -9.9900
20078001 1995.239728 31.6430 64.1910   96   95.3119 18.8474 4.8717 36.6200  -9.9900 -9.9900 0.4080   -9.9900
20078001 1995.239728 31.6430 64.1910   98   97.2971 18.8480 4.8718 36.6198  -9.9900 -9.9900 0.3910   -9.9900
20078001 1995.239728 31.6430 64.1910  100   99.2822 18.8489 4.8720 36.6197  -9.9900 -9.9900 0.4330   -9.9900
20078001 1995.239728 31.6430 64.1910  102  101.2674 18.8488 4.8721 36.6200  -9.9900 -9.9900 0.5450   -9.9900
20078001 1995.239728 31.6430 64.1910  104  103.2525 18.8499 4.8723 36.6200  -9.9900 -9.9900 0.4460   -9.9900
20078001 1995.239728 31.6430 64.1910  106  105.2377 18.8503 4.8725 36.6200  -9.9900 -9.9900 0.4520   -9.9900
20078001 1995.239728 31.6430 64.1910  108  107.2227 18.8501 4.8725 36.6199  -9.9900 -9.9900 0.4260   -9.9900
20078001 1995.239728 31.6430 64.1910  110  109.2078 18.8494 4.8725 36.6198  -9.9900 -9.9900 0.3940   -9.9900
20078001 1995.239728 31.6430 64.1910  112  111.1929 18.8474 4.8724 36.6197  -9.9900 -9.9900 0.3880   -9.9900
20078001 1995.239728 31.6430 64.1910  114  113.1779 18.8469 4.8725 36.6198  -9.9900 -9.9900 0.3990   -9.9900
20078001 1995.239728 31.6430 64.1910  116  115.1629 18.8473 4.8726 36.6198  -9.9900 -9.9900 0.3950   -9.9900
20078001 1995.239728 31.6430 64.1910  118  117.1479 18.8475 4.8727 36.6196  -9.9900 -9.9900 0.4100   -9.9900
20078001 1995.239728 31.6430 64.1910  120  119.1329 18.8474 4.8727 36.6193  -9.9900 -9.9900 0.4380   -9.9900
20078001 1995.239728 31.6430 64.1910  122  121.1179 18.8459 4.8727 36.6195  -9.9900 -9.9900 0.3950   -9.9900
20078001 1995.239728 31.6430 64.1910  124  123.1028 18.8458 4.8728 36.6196  -9.9900 -9.9900 0.3830   -9.9900
20078001 1995.239728 31.6430 64.1910  126  125.0877 18.8457 4.8728 36.6195  -9.9900 -9.9900 0.3710   -9.9900
20078001 1995.239728 31.6430 64.1910  128  127.0727 18.8457 4.8729 36.6194  -9.9900 -9.9900 0.3790   -9.9900
20078001 1995.239728 31.6430 64.1910  130  129.0575 18.8459 4.8730 36.6194  -9.9900 -9.9900 0.3930   -9.9900
20078001 1995.239728 31.6430 64.1910  132  131.0424 18.8462 4.8731 36.6194  -9.9900 -9.9900 0.4000   -9.9900
20078001 1995.239728 31.6430 64.1910  134  133.0272 18.8464 4.8733 36.6194  -9.9900 -9.9900 0.3920   -9.9900
20078001 1995.239728 31.6430 64.1910  136  135.0121 18.8466 4.8734 36.6194  -9.9900 -9.9900 0.4020   -9.9900
20078001 1995.239728 31.6430 64.1910  138  136.9969 18.8473 4.8735 36.6195  -9.9900 -9.9900 0.3970   -9.9900
20078001 1995.239728 31.6430 64.1910  140  138.9817 18.8479 4.8737 36.6196  -9.9900 -9.9900 0.3830   -9.9900
20078001 1995.239728 31.6430 64.1910  142  140.9664 18.8481 4.8738 36.6195  -9.9900 -9.9900 0.3740   -9.9900
20078001 1995.239728 31.6430 64.1910  144  142.9512 18.8479 4.8739 36.6197  -9.9900 -9.9900 0.3610   -9.9900
20078001 1995.239728 31.6430 64.1910  146  144.9359 18.8484 4.8740 36.6196  -9.9900 -9.9900 0.3720   -9.9900
20078001 1995.239728 31.6430 64.1910  148  146.9206 18.8490 4.8742 36.6195  -9.9900 -9.9900 0.3540   -9.9900
20078001 1995.239728 31.6430 64.1910  150  148.9053 18.8496 4.8743 36.6195  -9.9900 -9.9900 0.3730   -9.9900
20078001 1995.239728 31.6430 64.1910  152  150.8900 18.8499 4.8744 36.6195  -9.9900 -9.9900 0.4110   -9.9900
20078001 1995.239728 31.6430 64.1910  154  152.8747 18.8504 4.8746 36.6198  -9.9900 -9.9900 0.3810   -9.9900
20078001 1995.239728 31.6430 64.1910  156  154.8593 18.8506 4.8747 36.6199  -9.9900 -9.9900 0.3760   -9.9900
20078001 1995.239728 31.6430 64.1910  158  156.8439 18.8509 4.8749 36.6198  -9.9900 -9.9900 0.3790   -9.9900
20078001 1995.239728 31.6430 64.1910  160  158.8285 18.8512 4.8750 36.6196  -9.9900 -9.9900 0.3870   -9.9900
20078001 1995.239728 31.6430 64.1910  162  160.8131 18.8516 4.8751 36.6196  -9.9900 -9.9900 0.4090   -9.9900
20078001 1995.239728 31.6430 64.1910  164  162.7976 18.8521 4.8752 36.6197  -9.9900 -9.9900 0.3810   -9.9900
20078001 1995.239728 31.6430 64.1910  166  164.7822 18.8524 4.8754 36.6198  -9.9900 -9.9900 0.3800   -9.9900
20078001 1995.239728 31.6430 64.1910  168  166.7667 18.8526 4.8755 36.6198  -9.9900 -9.9900 0.3580   -9.9900
20078001 1995.239728 31.6430 64.1910  170  168.7512 18.8526 4.8756 36.6198  -9.9900 -9.9900 0.3450   -9.9900
20078001 1995.239728 31.6430 64.1910  172  170.7357 18.8542 4.8758 36.6196  -9.9900 -9.9900 0.3930   -9.9900
20078001 1995.239728 31.6430 64.1910  174  172.7201 18.8541 4.8759 36.6196  -9.9900 -9.9900 0.3820   -9.9900
20078001 1995.239728 31.6430 64.1910  176  174.7046 18.8527 4.8758 36.6195  -9.9900 -9.9900 0.3590   -9.9900
20078001 1995.239728 31.6430 64.1910  178  176.6890 18.8522 4.8759 36.6196  -9.9900 -9.9900 0.3520   -9.9900
20078001 1995.239728 31.6430 64.1910  180  178.6734 18.8527 4.8760 36.6196  -9.9900 -9.9900 0.3360   -9.9900
20078001 1995.239728 31.6430 64.1910  182  180.6578 18.8530 4.8761 36.6194  -9.9900 -9.9900 0.3620   -9.9900
20078001 1995.239728 31.6430 64.1910  184  182.6422 18.8533 4.8762 36.6193  -9.9900 -9.9900 0.3800   -9.9900
20078001 1995.239728 31.6430 64.1910  186  184.6265 18.8533 4.8763 36.6193  -9.9900 -9.9900 0.3770   -9.9900
20078001 1995.239728 31.6430 64.1910  188  186.6108 18.8531 4.8764 36.6192  -9.9900 -9.9900 0.3690   -9.9900
20078001 1995.239728 31.6430 64.1910  190  188.5952 18.8531 4.8765 36.6193  -9.9900 -9.9900 0.3540   -9.9900
20078001 1995.239728 31.6430 64.1910  192  190.5794 18.8537 4.8766 36.6195  -9.9900 -9.9900 0.3490   -9.9900
20078001 1995.239728 31.6430 64.1910  194  192.5637 18.8533 4.8766 36.6188  -9.9900 -9.9900 0.3500   -9.9900
20078001 1995.239728 31.6430 64.1910  196  194.5480 18.8480 4.8759 36.6172  -9.9900 -9.9900 0.3380   -9.9900
20078001 1995.239728 31.6430 64.1910  198  196.5322 18.8369 4.8748 36.6165  -9.9900 -9.9900 0.3210   -9.9900
20078001 1995.239728 31.6430 64.1910  200  198.5164 18.8360 4.8747 36.6156  -9.9900 -9.9900 0.3340   -9.9900
20078001 1995.239728 31.6430 64.1910  202  200.5006 18.8064 4.8710 36.6098  -9.9900 -9.9900 0.3100   -9.9900
20078001 1995.239728 31.6430 64.1910  204  202.4848 18.8045 4.8709 36.6099  -9.9900 -9.9900 0.2650   -9.9900
20078001 1995.239728 31.6430 64.1910  206  204.4689 18.7673 4.8664 36.6041  -9.9900 -9.9900 0.2220   -9.9900
20078001 1995.239728 31.6430 64.1910  208  206.4531 18.7457 4.8640 36.6023  -9.9900 -9.9900 0.1860   -9.9900
20078001 1995.239728 31.6430 64.1910  210  208.4372 18.7358 4.8632 36.6032  -9.9900 -9.9900 0.1280   -9.9900
20078001 1995.239728 31.6430 64.1910  212  210.4213 18.7194 4.8611 36.5993  -9.9900 -9.9900 0.1140   -9.9900
20078001 1995.239728 31.6430 64.1910  214  212.4054 18.7253 4.8619 36.6001  -9.9900 -9.9900 0.1060   -9.9900
20078001 1995.239728 31.6430 64.1910  216  214.3894 18.6998 4.8591 36.5981  -9.9900 -9.9900 0.0990   -9.9900
20078001 1995.239728 31.6430 64.1910  218  216.3735 18.7021 4.8594 36.5978  -9.9900 -9.9900 0.1070   -9.9900
20078001 1995.239728 31.6430 64.1910  220  218.3575 18.6842 4.8572 36.5948  -9.9900 -9.9900 0.1050   -9.9900
20078001 1995.239728 31.6430 64.1910  222  220.3415 18.6827 4.8571 36.5945  -9.9900 -9.9900 0.0940   -9.9900
20078001 1995.239728 31.6430 64.1910  224  222.3255 18.6421 4.8524 36.5898  -9.9900 -9.9900 0.0850   -9.9900
20078001 1995.239728 31.6430 64.1910  226  224.3094 18.6372 4.8518 36.5887  -9.9900 -9.9900 0.0720   -9.9900
20078001 1995.239728 31.6430 64.1910  228  226.2934 18.6345 4.8515 36.5877  -9.9900 -9.9900 0.0660   -9.9900
20078001 1995.239728 31.6430 64.1910  230  228.2773 18.6211 4.8500 36.5856  -9.9900 -9.9900 0.0610   -9.9900
20078001 1995.239728 31.6430 64.1910  232  230.2612 18.6006 4.8479 36.5854  -9.9900 -9.9900 0.0600   -9.9900
20078001 1995.239728 31.6430 64.1910  234  232.2451 18.5932 4.8472 36.5851  -9.9900 -9.9900 0.0590   -9.9900
20078001 1995.239728 31.6430 64.1910  236  234.2290 18.5781 4.8455 36.5837  -9.9900 -9.9900 0.1240   -9.9900
20078001 1995.239728 31.6430 64.1910  238  236.2128 18.5758 4.8453 36.5829  -9.9900 -9.9900 0.1270   -9.9900
20078001 1995.239728 31.6430 64.1910  240  238.1967 18.5678 4.8444 36.5815  -9.9900 -9.9900 0.0740   -9.9900
20078001 1995.239728 31.6430 64.1910  242  240.1805 18.5585 4.8432 36.5792  -9.9900 -9.9900 0.0620   -9.9900
20078001 1995.239728 31.6430 64.1910  244  242.1643 18.5221 4.8391 36.5761  -9.9900 -9.9900 0.0590   -9.9900
20078001 1995.239728 31.6430 64.1910  246  244.1480 18.5257 4.8394 36.5749  -9.9900 -9.9900 0.0580   -9.9900
20078001 1995.239728 31.6430 64.1910  248  246.1318 18.5233 4.8393 36.5750  -9.9900 -9.9900 0.0580   -9.9900
20078001 1995.239728 31.6430 64.1910  250  248.1155 18.5176 4.8387 36.5739  -9.9900 -9.9900 0.0580   -9.9900
20078001 1995.239728 31.6430 64.1910  252  250.0992 18.4935 4.8360 36.5716  -9.9900 -9.9900 0.0570   -9.9900
20078001 1995.239728 31.6430 64.1910  254  252.0829 18.4864 4.8352 36.5709  -9.9900 -9.9900 0.0590   -9.9900
20078001 1995.239728 31.6430 64.1910  256  254.0666 18.4771 4.8343 36.5705  -9.9900 -9.9900 0.0600   -9.9900
20078001 1995.239728 31.6430 64.1910  258  256.0503 18.4802 4.8347 36.5704  -9.9900 -9.9900 0.0600   -9.9900
20078001 1995.239728 31.6430 64.1910  260  258.0339 18.4777 4.8344 36.5694  -9.9900 -9.9900 0.0620   -9.9900
20078001 1995.239728 31.6430 64.1910  262  260.0175 18.4590 4.8323 36.5674  -9.9900 -9.9900 0.0610   -9.9900
20078001 1995.239728 31.6430 64.1910  264  262.0011 18.4559 4.8320 36.5669  -9.9900 -9.9900 0.0560   -9.9900
20078001 1995.239728 31.6430 64.1910  266  263.9847 18.4507 4.8316 36.5670  -9.9900 -9.9900 0.0560   -9.9900
20078001 1995.239728 31.6430 64.1910  268  265.9683 18.4469 4.8313 36.5670  -9.9900 -9.9900 0.0550   -9.9900
20078001 1995.239728 31.6430 64.1910  270  267.9518 18.4509 4.8318 36.5670  -9.9900 -9.9900 0.0540   -9.9900
20078001 1995.239728 31.6430 64.1910  272  269.9353 18.4496 4.8316 36.5660  -9.9900 -9.9900 0.0530   -9.9900
20078001 1995.239728 31.6430 64.1910  274  271.9188 18.4211 4.8284 36.5630  -9.9900 -9.9900 0.0520   -9.9900
20078001 1995.239728 31.6430 64.1910  276  273.9023 18.4082 4.8270 36.5618  -9.9900 -9.9900 0.0550   -9.9900
20078001 1995.239728 31.6430 64.1910  278  275.8858 18.4015 4.8264 36.5625  -9.9900 -9.9900 0.0550   -9.9900
20078001 1995.239728 31.6430 64.1910  280  277.8692 18.3922 4.8254 36.5612  -9.9900 -9.9900 0.0550   -9.9900
20078001 1995.239728 31.6430 64.1910  282  279.8527 18.3901 4.8252 36.5607  -9.9900 -9.9900 0.0560   -9.9900
20078001 1995.239728 31.6430 64.1910  284  281.8361 18.3837 4.8246 36.5600  -9.9900 -9.9900 0.0540   -9.9900
20078001 1995.239728 31.6430 64.1910  286  283.8195 18.3774 4.8238 36.5588  -9.9900 -9.9900 0.0550   -9.9900
20078001 1995.239728 31.6430 64.1910  288  285.8028 18.3644 4.8225 36.5583  -9.9900 -9.9900 0.0560   -9.9900
20078001 1995.239728 31.6430 64.1910  290  287.7862 18.3652 4.8227 36.5581  -9.9900 -9.9900 0.0580   -9.9900
20078001 1995.239728 31.6430 64.1910  292  289.7695 18.3678 4.8230 36.5578  -9.9900 -9.9900 0.0570   -9.9900
20078001 1995.239728 31.6430 64.1910  294  291.7528 18.3487 4.8209 36.5563  -9.9900 -9.9900 0.0540   -9.9900
20078001 1995.239728 31.6430 64.1910  296  293.7361 18.3391 4.8199 36.5554  -9.9900 -9.9900 0.0570   -9.9900
20078001 1995.239728 31.6430 64.1910  298  295.7194 18.3337 4.8193 36.5546  -9.9900 -9.9900 0.0560   -9.9900
20078001 1995.239728 31.6430 64.1910  300  297.7027 18.3240 4.8184 36.5544  -9.9900 -9.9900 0.0560   -9.9900
20078001 1995.239728 31.6430 64.1910  302  299.6859 18.3227 4.8183 36.5541  -9.9900 -9.9900 0.0570   -9.9900
20078001 1995.239728 31.6430 64.1910  304  301.6691 18.3194 4.8180 36.5539  -9.9900 -9.9900 0.0570   -9.9900
20078001 1995.239728 31.6430 64.1910  306  303.6523 18.3201 4.8182 36.5538  -9.9900 -9.9900 0.0540   -9.9900
20078001 1995.239728 31.6430 64.1910  308  305.6355 18.3235 4.8185 36.5529  -9.9900 -9.9900 0.0550   -9.9900
20078001 1995.239728 31.6430 64.1910  310  307.6186 18.3046 4.8164 36.5509  -9.9900 -9.9900 0.0570   -9.9900
20078001 1995.239728 31.6430 64.1910  312  309.6018 18.2896 4.8148 36.5502  -9.9900 -9.9900 0.0570   -9.9900
20078001 1995.239728 31.6430 64.1910  314  311.5849 18.2733 4.8130 36.5487  -9.9900 -9.9900 0.0560   -9.9900
20078001 1995.239728 31.6430 64.1910  316  313.5680 18.2594 4.8115 36.5472  -9.9900 -9.9900 0.0530   -9.9900
20078001 1995.239728 31.6430 64.1910  318  315.5511 18.2602 4.8116 36.5462  -9.9900 -9.9900 0.0540   -9.9900
20078001 1995.239728 31.6430 64.1910  320  317.5342 18.2455 4.8101 36.5462  -9.9900 -9.9900 0.0550   -9.9900
20078001 1995.239728 31.6430 64.1910  322  319.5172 18.2452 4.8104 36.5477  -9.9900 -9.9900 0.0560   -9.9900
20078001 1995.239728 31.6430 64.1910  324  321.5002 18.2474 4.8109 36.5497  -9.9900 -9.9900 0.0560   -9.9900
20078001 1995.239728 31.6430 64.1910  326  323.4832 18.2437 4.8108 36.5513  -9.9900 -9.9900 0.0560   -9.9900
20078001 1995.239728 31.6430 64.1910  328  325.4662 18.2435 4.8110 36.5521  -9.9900 -9.9900 0.0560   -9.9900
20078001 1995.239728 31.6430 64.1910  330  327.4492 18.2413 4.8110 36.5540  -9.9900 -9.9900 0.0560   -9.9900
20078001 1995.239728 31.6430 64.1910  332  329.4321 18.2431 4.8114 36.5548  -9.9900 -9.9900 0.0540   -9.9900
20078001 1995.239728 31.6430 64.1910  334  331.4151 18.2443 4.8116 36.5544  -9.9900 -9.9900 0.0580   -9.9900
20078001 1995.239728 31.6430 64.1910  336  333.3980 18.2447 4.8119 36.5559  -9.9900 -9.9900 0.0580   -9.9900
20078001 1995.239728 31.6430 64.1910  338  335.3809 18.2443 4.8121 36.5574  -9.9900 -9.9900 0.0560   -9.9900
20078001 1995.239728 31.6430 64.1910  340  337.3638 18.2454 4.8122 36.5567  -9.9900 -9.9900 0.0530   -9.9900
20078001 1995.239728 31.6430 64.1910  342  339.3466 18.2389 4.8114 36.5549  -9.9900 -9.9900 0.0540   -9.9900
20078001 1995.239728 31.6430 64.1910  344  341.3295 18.2242 4.8096 36.5517  -9.9900 -9.9900 0.0550   -9.9900
20078001 1995.239728 31.6430 64.1910  346  343.3123 18.2180 4.8089 36.5500  -9.9900 -9.9900 0.0560   -9.9900
20078001 1995.239728 31.6430 64.1910  348  345.2951 18.2141 4.8084 36.5490  -9.9900 -9.9900 0.0560   -9.9900
20078001 1995.239728 31.6430 64.1910  350  347.2778 18.2076 4.8077 36.5476  -9.9900 -9.9900 0.0540   -9.9900
20078001 1995.239728 31.6430 64.1910  352  349.2606 18.2002 4.8069 36.5472  -9.9900 -9.9900 0.0540   -9.9900
20078001 1995.239728 31.6430 64.1910  354  351.2433 18.2105 4.8086 36.5518  -9.9900 -9.9900 0.0530   -9.9900
20078001 1995.239728 31.6430 64.1910  356  353.2261 18.1917 4.8060 36.5450  -9.9900 -9.9900 0.0540   -9.9900
20078001 1995.239728 31.6430 64.1910  358  355.2088 18.1741 4.8041 36.5442  -9.9900 -9.9900 0.0540   -9.9900
20078001 1995.239728 31.6430 64.1910  360  357.1915 18.1764 4.8047 36.5459  -9.9900 -9.9900 0.0510   -9.9900
20078001 1995.239728 31.6430 64.1910  362  359.1741 18.1773 4.8049 36.5463  -9.9900 -9.9900 0.0540   -9.9900
20078001 1995.239728 31.6430 64.1910  364  361.1568 18.1790 4.8053 36.5479  -9.9900 -9.9900 0.0530   -9.9900
20078001 1995.239728 31.6430 64.1910  366  363.1394 18.1799 4.8055 36.5474  -9.9900 -9.9900 0.0550   -9.9900
20078001 1995.239728 31.6430 64.1910  368  365.1220 18.1640 4.8033 36.5422  -9.9900 -9.9900 0.0570   -9.9900
20078001 1995.239728 31.6430 64.1910  370  367.1046 18.1493 4.8014 36.5383  -9.9900 -9.9900 0.0570   -9.9900
20078001 1995.239728 31.6430 64.1910  372  369.0871 18.1573 4.8025 36.5397  -9.9900 -9.9900 0.0590   -9.9900
20078001 1995.239728 31.6430 64.1910  374  371.0697 18.1333 4.7995 36.5347  -9.9900 -9.9900 0.0580   -9.9900
20078001 1995.239728 31.6430 64.1910  376  373.0522 18.1109 4.7968 36.5313  -9.9900 -9.9900 0.0580   -9.9900
20078001 1995.239728 31.6430 64.1910  378  375.0347 18.1093 4.7966 36.5302  -9.9900 -9.9900 0.0590   -9.9900
20078001 1995.239728 31.6430 64.1910  380  377.0172 18.0865 4.7939 36.5265  -9.9900 -9.9900 0.0560   -9.9900
20078001 1995.239728 31.6430 64.1910  382  378.9997 18.0825 4.7935 36.5257  -9.9900 -9.9900 0.0550   -9.9900
20078001 1995.239728 31.6430 64.1910  384  380.9822 18.0779 4.7930 36.5249  -9.9900 -9.9900 0.0540   -9.9900
20078001 1995.239728 31.6430 64.1910  386  382.9646 18.0692 4.7921 36.5237  -9.9900 -9.9900 0.0510   -9.9900
20078001 1995.239728 31.6430 64.1910  388  384.9470 18.0687 4.7920 36.5230  -9.9900 -9.9900 0.0540   -9.9900
20078001 1995.239728 31.6430 64.1910  390  386.9294 18.0635 4.7914 36.5218  -9.9900 -9.9900 0.0550   -9.9900
20078001 1995.239728 31.6430 64.1910  392  388.9118 18.0680 4.7921 36.5229  -9.9900 -9.9900 0.0550   -9.9900
20078001 1995.239728 31.6430 64.1910  394  390.8941 18.0624 4.7914 36.5208  -9.9900 -9.9900 0.0560   -9.9900
20078001 1995.239728 31.6430 64.1910  396  392.8765 18.0365 4.7882 36.5162  -9.9900 -9.9900 0.0540   -9.9900
20078001 1995.239728 31.6430 64.1910  398  394.8588 18.0247 4.7869 36.5149  -9.9900 -9.9900 0.0560   -9.9900
20078001 1995.239728 31.6430 64.1910  400  396.8411 17.9923 4.7832 36.5109  -9.9900 -9.9900 0.0570   -9.9900
20078001 1995.239728 31.6430 64.1910  402  398.8234 17.9705 4.7806 36.5078  -9.9900 -9.9900 0.0570   -9.9900
20078001 1995.239728 31.6430 64.1910  404  400.8057 17.9535 4.7786 36.5050  -9.9900 -9.9900 0.0570   -9.9900
20078001 1995.239728 31.6430 64.1910  406  402.7879 17.9318 4.7761 36.5016  -9.9900 -9.9900 0.0560   -9.9900
20078001 1995.239728 31.6430 64.1910  408  404.7701 17.9245 4.7753 36.5008  -9.9900 -9.9900 0.0570   -9.9900
20078001 1995.239728 31.6430 64.1910  410  406.7523 17.9179 4.7746 36.4997  -9.9900 -9.9900 0.0570   -9.9900
20078001 1995.239728 31.6430 64.1910  412  408.7345 17.9007 4.7726 36.4969  -9.9900 -9.9900 0.0550   -9.9900
20078001 1995.239728 31.6430 64.1910  414  410.7167 17.8859 4.7708 36.4944  -9.9900 -9.9900 0.0510   -9.9900
20078001 1995.239728 31.6430 64.1910  416  412.6988 17.8751 4.7696 36.4929  -9.9900 -9.9900 0.0520   -9.9900
20078001 1995.239728 31.6430 64.1910  418  414.6810 17.8662 4.7686 36.4912  -9.9900 -9.9900 0.0550   -9.9900
20078001 1995.239728 31.6430 64.1910  420  416.6631 17.8571 4.7675 36.4895  -9.9900 -9.9900 0.0570   -9.9900
20078001 1995.239728 31.6430 64.1910  422  418.6452 17.8357 4.7649 36.4853  -9.9900 -9.9900 0.0600   -9.9900
20078001 1995.239728 31.6430 64.1910  424  420.6272 17.8206 4.7630 36.4816  -9.9900 -9.9900 0.0570   -9.9900
20078001 1995.239728 31.6430 64.1910  426  422.6093 17.7747 4.7576 36.4757  -9.9900 -9.9900 0.0600   -9.9900
20078001 1995.239728 31.6430 64.1910  428  424.5913 17.7653 4.7565 36.4740  -9.9900 -9.9900 0.0620   -9.9900
20078001 1995.239728 31.6430 64.1910  430  426.5733 17.7585 4.7557 36.4721  -9.9900 -9.9900 0.0570   -9.9900
20078001 1995.239728 31.6430 64.1910  432  428.5553 17.7274 4.7519 36.4663  -9.9900 -9.9900 0.0560   -9.9900
20078001 1995.239728 31.6430 64.1910  434  430.5373 17.7024 4.7489 36.4621  -9.9900 -9.9900 0.0560   -9.9900
20078001 1995.239728 31.6430 64.1910  436  432.5193 17.7001 4.7487 36.4619  -9.9900 -9.9900 0.0590   -9.9900
20078001 1995.239728 31.6430 64.1910  438  434.5012 17.6704 4.7451 36.4565  -9.9900 -9.9900 0.0580   -9.9900
20078001 1995.239728 31.6430 64.1910  440  436.4831 17.6347 4.7408 36.4505  -9.9900 -9.9900 0.0590   -9.9900
20078001 1995.239728 31.6430 64.1910  442  438.4650 17.6020 4.7368 36.4446  -9.9900 -9.9900 0.0600   -9.9900
20078001 1995.239728 31.6430 64.1910  444  440.4469 17.5965 4.7362 36.4437  -9.9900 -9.9900 0.0610   -9.9900
20078001 1995.239728 31.6430 64.1910  446  442.4288 17.5682 4.7327 36.4376  -9.9900 -9.9900 0.0650   -9.9900
20078001 1995.239728 31.6430 64.1910  448  444.4106 17.5428 4.7297 36.4334  -9.9900 -9.9900 0.0660   -9.9900
20078001 1995.239728 31.6430 64.1910  450  446.3925 17.5282 4.7279 36.4305  -9.9900 -9.9900 0.0640   -9.9900
20078001 1995.239728 31.6430 64.1910  452  448.3743 17.5036 4.7249 36.4256  -9.9900 -9.9900 0.0590   -9.9900
20078001 1995.239728 31.6430 64.1910  454  450.3561 17.4544 4.7190 36.4179  -9.9900 -9.9900 0.0590   -9.9900
20078001 1995.239728 31.6430 64.1910  456  452.3378 17.4129 4.7140 36.4108  -9.9900 -9.9900 0.0590   -9.9900
20078001 1995.239728 31.6430 64.1910  458  454.3196 17.3986 4.7123 36.4082  -9.9900 -9.9900 0.0600   -9.9900
20078001 1995.239728 31.6430 64.1910  460  456.3013 17.3676 4.7080 36.3984  -9.9900 -9.9900 0.0600   -9.9900
20078001 1995.239728 31.6430 64.1910  462  458.2830 17.3004 4.7002 36.3897  -9.9900 -9.9900 0.0600   -9.9900
20078001 1995.239728 31.6430 64.1910  464  460.2647 17.2704 4.6967 36.3852  -9.9900 -9.9900 0.0610   -9.9900
20078001 1995.239728 31.6430 64.1910  466  462.2464 17.2378 4.6927 36.3794  -9.9900 -9.9900 0.0610   -9.9900
20078001 1995.239728 31.6430 64.1910  468  464.2280 17.2207 4.6908 36.3769  -9.9900 -9.9900 0.0620   -9.9900
20078001 1995.239728 31.6430 64.1910  470  466.2097 17.2034 4.6887 36.3738  -9.9900 -9.9900 0.0630   -9.9900
20078001 1995.239728 31.6430 64.1910  472  468.1913 17.1815 4.6861 36.3699  -9.9900 -9.9900 0.0650   -9.9900
20078001 1995.239728 31.6430 64.1910  474  470.1729 17.1682 4.6845 36.3676  -9.9900 -9.9900 0.0640   -9.9900
20078001 1995.239728 31.6430 64.1910  476  472.1545 17.1601 4.6836 36.3659  -9.9900 -9.9900 0.0620   -9.9900
20078001 1995.239728 31.6430 64.1910  478  474.1360 17.1502 4.6825 36.3646  -9.9900 -9.9900 0.0610   -9.9900
20078001 1995.239728 31.6430 64.1910  480  476.1176 17.1401 4.6813 36.3624  -9.9900 -9.9900 0.0620   -9.9900
20078001 1995.239728 31.6430 64.1910  482  478.0991 17.1346 4.6807 36.3609  -9.9900 -9.9900 0.0630   -9.9900
20078001 1995.239728 31.6430 64.1910  484  480.0806 17.1226 4.6794 36.3596  -9.9900 -9.9900 0.0610   -9.9900
20078001 1995.239728 31.6430 64.1910  486  482.0621 17.1202 4.6791 36.3590  -9.9900 -9.9900 0.0590   -9.9900
20078001 1995.239728 31.6430 64.1910  488  484.0435 17.1165 4.6788 36.3582  -9.9900 -9.9900 0.0630   -9.9900
20078001 1995.239728 31.6430 64.1910  490  486.0250 17.1148 4.6786 36.3578  -9.9900 -9.9900 0.0620   -9.9900
20078001 1995.239728 31.6430 64.1910  492  488.0064 17.1097 4.6780 36.3564  -9.9900 -9.9900 0.0640   -9.9900
20078001 1995.239728 31.6430 64.1910  494  489.9878 17.1047 4.6774 36.3545  -9.9900 -9.9900 0.0590   -9.9900
20078001 1995.239728 31.6430 64.1910  496  491.9692 17.0965 4.6765 36.3530  -9.9900 -9.9900 0.0610   -9.9900
20078001 1995.239728 31.6430 64.1910  498  493.9506 17.1055 4.6775 36.3537  -9.9900 -9.9900 0.0620   -9.9900
20078001 1995.239728 31.6430 64.1910  500  495.9319 17.0876 4.6753 36.3496  -9.9900 -9.9900 0.0610   -9.9900
20078001 1995.239728 31.6430 64.1910  502  497.9133 17.0486 4.6705 36.3420  -9.9900 -9.9900 0.0620   -9.9900
20078001 1995.239728 31.6430 64.1910  504  499.8946 17.0320 4.6687 36.3406  -9.9900 -9.9900 0.0620   -9.9900
20078001 1995.239728 31.6430 64.1910  506  501.8759 16.9939 4.6638 36.3305  -9.9900 -9.9900 0.0640   -9.9900
20078002 1995.240175 31.6390 64.1880    7    6.9513 18.8585 4.8684 36.6161  -9.9900 -9.9900 0.4430   -9.9900
20078002 1995.240175 31.6390 64.1880    9    8.9374 18.8570 4.8683 36.6156  -9.9900 -9.9900 0.4630   -9.9900
20078002 1995.240175 31.6390 64.1880   11   10.9234 18.8507 4.8676 36.6151  -9.9900 -9.9900 0.4670   -9.9900
20078002 1995.240175 31.6390 64.1880   13   12.9094 18.8464 4.8672 36.6147  -9.9900 -9.9900 0.5130   -9.9900
20078002 1995.240175 31.6390 64.1880   15   14.8954 18.8464 4.8673 36.6149  -9.9900 -9.9900 0.5250   -9.9900
20078002 1995.240175 31.6390 64.1880   17   16.8814 18.8517 4.8681 36.6157  -9.9900 -9.9900 0.5360   -9.9900
20078002 1995.240175 31.6390 64.1880   19   18.8673 18.8567 4.8687 36.6159  -9.9900 -9.9900 0.5190   -9.9900
20078002 1995.240175 31.6390 64.1880   21   20.8533 18.8550 4.8686 36.6158  -9.9900 -9.9900 0.5220   -9.9900
20078002 1995.240175 31.6390 64.1880   23   22.8392 18.8559 4.8688 36.6161  -9.9900 -9.9900 0.4800   -9.9900
20078002 1995.240175 31.6390 64.1880   25   24.8251 18.8589 4.8693 36.6163  -9.9900 -9.9900 0.5420   -9.9900
20078002 1995.240175 31.6390 64.1880   27   26.8110 18.8576 4.8691 36.6155  -9.9900 -9.9900 0.5300   -9.9900
20078002 1995.240175 31.6390 64.1880   29   28.7968 18.8455 4.8679 36.6147  -9.9900 -9.9900 0.4840   -9.9900
20078002 1995.240175 31.6390 64.1880   31   30.7827 18.8478 4.8682 36.6150  -9.9900 -9.9900 0.5090   -9.9900
20078002 1995.240175 31.6390 64.1880   33   32.7685 18.8448 4.8680 36.6146  -9.9900 -9.9900 0.5220   -9.9900
20078002 1995.240175 31.6390 64.1880   35   34.7543 18.8450 4.8681 36.6147  -9.9900 -9.9900 0.5360   -9.9900
20078002 1995.240175 31.6390 64.1880   37   36.7401 18.8438 4.8680 36.6145  -9.9900 -9.9900 0.5430   -9.9900
20078002 1995.240175 31.6390 64.1880   39   38.7258 18.8428 4.8680 36.6147  -9.9900 -9.9900 0.5490   -9.9900
20078002 1995.240175 31.6390 64.1880   41   40.7116 18.8446 4.8683 36.6147  -9.9900 -9.9900 0.5740   -9.9900
20078002 1995.240175 31.6390 64.1880   43   42.6973 18.8437 4.8683 36.6149  -9.9900 -9.9900 0.5620   -9.9900
20078002 1995.240175 31.6390 64.1880   45   44.6830 18.8439 4.8684 36.6147  -9.9900 -9.9900 0.5490   -9.9900
20078002 1995.240175 31.6390 64.1880   47   46.6687 18.8435 4.8685 36.6148  -9.9900 -9.9900 0.5500   -9.9900
20078002 1995.240175 31.6390 64.1880   49   48.6543 18.8434 4.8685 36.6147  -9.9900 -9.9900 0.5480   -9.9900
20078002 1995.240175 31.6390 64.1880   51   50.6400 18.8432 4.8686 36.6146  -9.9900 -9.9900 0.5540   -9.9900
20078002 1995.240175 31.6390 64.1880   53   52.6256 18.8430 4.8687 36.6146  -9.9900 -9.9900 0.5680   -9.9900
20078002 1995.240175 31.6390 64.1880   55   54.6112 18.8430 4.8688 36.6147  -9.9900 -9.9900 0.5630   -9.9900
20078002 1995.240175 31.6390 64.1880   57   56.5968 18.8430 4.8689 36.6148  -9.9900 -9.9900 0.5420   -9.9900
20078002 1995.240175 31.6390 64.1880   59   58.5824 18.8433 4.8690 36.6148  -9.9900 -9.9900 0.5390   -9.9900
20078002 1995.240175 31.6390 64.1880   61   60.5679 18.8437 4.8691 36.6148  -9.9900 -9.9900 0.5450   -9.9900
20078002 1995.240175 31.6390 64.1880   63   62.5534 18.8435 4.8692 36.6150  -9.9900 -9.9900 0.5440   -9.9900
20078002 1995.240175 31.6390 64.1880   65   64.5390 18.8443 4.8694 36.6150  -9.9900 -9.9900 0.5380   -9.9900
20078002 1995.240175 31.6390 64.1880   67   66.5244 18.8451 4.8696 36.6149  -9.9900 -9.9900 0.5330   -9.9900
20078002 1995.240175 31.6390 64.1880   69   68.5099 18.8448 4.8696 36.6150  -9.9900 -9.9900 0.5230   -9.9900
20078002 1995.240175 31.6390 64.1880   71   70.4954 18.8445 4.8697 36.6152  -9.9900 -9.9900 0.5070   -9.9900
20078002 1995.240175 31.6390 64.1880   73   72.4808 18.8447 4.8698 36.6152  -9.9900 -9.9900 0.4930   -9.9900
20078002 1995.240175 31.6390 64.1880   75   74.4662 18.8450 4.8700 36.6154  -9.9900 -9.9900 0.4900   -9.9900
20078002 1995.240175 31.6390 64.1880   77   76.4516 18.8453 4.8701 36.6154  -9.9900 -9.9900 0.5060   -9.9900
20078002 1995.240175 31.6390 64.1880   79   78.4370 18.8457 4.8702 36.6155  -9.9900 -9.9900 0.4690   -9.9900
20078002 1995.240175 31.6390 64.1880   81   80.4223 18.8460 4.8704 36.6155  -9.9900 -9.9900 0.4610   -9.9900
20078002 1995.240175 31.6390 64.1880   83   82.4077 18.8460 4.8704 36.6155  -9.9900 -9.9900 0.4630   -9.9900
20078002 1995.240175 31.6390 64.1880   85   84.3930 18.8461 4.8705 36.6155  -9.9900 -9.9900 0.4690   -9.9900
20078002 1995.240175 31.6390 64.1880   87   86.3783 18.8466 4.8707 36.6156  -9.9900 -9.9900 0.4760   -9.9900
20078002 1995.240175 31.6390 64.1880   89   88.3636 18.8473 4.8709 36.6158  -9.9900 -9.9900 0.4830   -9.9900
20078002 1995.240175 31.6390 64.1880   91   90.3488 18.8475 4.8710 36.6155  -9.9900 -9.9900 0.4570   -9.9900
20078002 1995.240175 31.6390 64.1880   93   92.3341 18.8481 4.8711 36.6155  -9.9900 -9.9900 0.4430   -9.9900
20078002 1995.240175 31.6390 64.1880   95   94.3193 18.8490 4.8714 36.6159  -9.9900 -9.9900 0.4390   -9.9900
20078002 1995.240175 31.6390 64.1880   97   96.3045 18.8494 4.8715 36.6159  -9.9900 -9.9900 0.4480   -9.9900
20078002 1995.240175 31.6390 64.1880   99   98.2897 18.8498 4.8716 36.6159  -9.9900 -9.9900 0.4520   -9.9900
20078002 1995.240175 31.6390 64.1880  101  100.2749 18.8496 4.8717 36.6157  -9.9900 -9.9900 0.4470   -9.9900
20078002 1995.240175 31.6390 64.1880  103  102.2600 18.8492 4.8717 36.6155  -9.9900 -9.9900 0.4440   -9.9900
20078002 1995.240175 31.6390 64.1880  105  104.2451 18.8490 4.8718 36.6156  -9.9900 -9.9900 0.4420   -9.9900
20078002 1995.240175 31.6390 64.1880  107  106.2302 18.8492 4.8719 36.6156  -9.9900 -9.9900 0.4450   -9.9900
20078002 1995.240175 31.6390 64.1880  109  108.2153 18.8495 4.8720 36.6157  -9.9900 -9.9900 0.4710   -9.9900
20078002 1995.240175 31.6390 64.1880  111  110.2004 18.8499 4.8722 36.6158  -9.9900 -9.9900 0.5080   -9.9900
20078002 1995.240175 31.6390 64.1880  113  112.1854 18.8505 4.8723 36.6157  -9.9900 -9.9900 0.4620   -9.9900
20078002 1995.240175 31.6390 64.1880  115  114.1705 18.8506 4.8724 36.6158  -9.9900 -9.9900 0.4590   -9.9900
20078002 1995.240175 31.6390 64.1880  117  116.1555 18.8508 4.8725 36.6158  -9.9900 -9.9900 0.4550   -9.9900
20078002 1995.240175 31.6390 64.1880  119  118.1405 18.8511 4.8727 36.6159  -9.9900 -9.9900 0.4510   -9.9900
20078002 1995.240175 31.6390 64.1880  121  120.1254 18.8514 4.8728 36.6158  -9.9900 -9.9900 0.4410   -9.9900
20078002 1995.240175 31.6390 64.1880  123  122.1104 18.8514 4.8728 36.6157  -9.9900 -9.9900 0.4370   -9.9900
20078002 1995.240175 31.6390 64.1880  125  124.0953 18.8515 4.8729 36.6156  -9.9900 -9.9900 0.4370   -9.9900
20078002 1995.240175 31.6390 64.1880  127  126.0802 18.8514 4.8730 36.6158  -9.9900 -9.9900 0.4400   -9.9900
20078002 1995.240175 31.6390 64.1880  129  128.0651 18.8518 4.8731 36.6156  -9.9900 -9.9900 0.4570   -9.9900
20078002 1995.240175 31.6390 64.1880  131  130.0500 18.8522 4.8733 36.6156  -9.9900 -9.9900 0.4640   -9.9900
20078002 1995.240175 31.6390 64.1880  133  132.0349 18.8524 4.8734 36.6156  -9.9900 -9.9900 0.4510   -9.9900
20078002 1995.240175 31.6390 64.1880  135  134.0197 18.8528 4.8735 36.6157  -9.9900 -9.9900 0.4510   -9.9900
20078002 1995.240175 31.6390 64.1880  137  136.0045 18.8533 4.8737 36.6157  -9.9900 -9.9900 0.4640   -9.9900
20078002 1995.240175 31.6390 64.1880  139  137.9893 18.8533 4.8738 36.6158  -9.9900 -9.9900 0.4610   -9.9900
20078002 1995.240175 31.6390 64.1880  141  139.9741 18.8537 4.8739 36.6157  -9.9900 -9.9900 0.4610   -9.9900
20078002 1995.240175 31.6390 64.1880  143  141.9589 18.8541 4.8740 36.6158  -9.9900 -9.9900 0.4470   -9.9900
20078002 1995.240175 31.6390 64.1880  145  143.9436 18.8542 4.8742 36.6160  -9.9900 -9.9900 0.4500   -9.9900
20078002 1995.240175 31.6390 64.1880  147  145.9283 18.8550 4.8743 36.6158  -9.9900 -9.9900 0.4500   -9.9900
20078002 1995.240175 31.6390 64.1880  149  147.9130 18.8556 4.8745 36.6161  -9.9900 -9.9900 0.4680   -9.9900
20078002 1995.240175 31.6390 64.1880  151  149.8977 18.8556 4.8746 36.6162  -9.9900 -9.9900 0.4610   -9.9900
20078002 1995.240175 31.6390 64.1880  153  151.8824 18.8561 4.8747 36.6159  -9.9900 -9.9900 0.4660   -9.9900
20078002 1995.240175 31.6390 64.1880  155  153.8670 18.8561 4.8748 36.6159  -9.9900 -9.9900 0.4560   -9.9900
20078002 1995.240175 31.6390 64.1880  157  155.8517 18.8561 4.8749 36.6159  -9.9900 -9.9900 0.4470   -9.9900
20078002 1995.240175 31.6390 64.1880  159  157.8363 18.8563 4.8750 36.6160  -9.9900 -9.9900 0.4310   -9.9900
20078002 1995.240175 31.6390 64.1880  161  159.8209 18.8566 4.8751 36.6160  -9.9900 -9.9900 0.4260   -9.9900
20078002 1995.240175 31.6390 64.1880  163  161.8054 18.8570 4.8753 36.6160  -9.9900 -9.9900 0.4210   -9.9900
20078002 1995.240175 31.6390 64.1880  165  163.7900 18.8572 4.8754 36.6159  -9.9900 -9.9900 0.4210   -9.9900
20078002 1995.240175 31.6390 64.1880  167  165.7745 18.8576 4.8755 36.6159  -9.9900 -9.9900 0.4260   -9.9900
20078002 1995.240175 31.6390 64.1880  169  167.7590 18.8576 4.8756 36.6160  -9.9900 -9.9900 0.4250   -9.9900
20078002 1995.240175 31.6390 64.1880  171  169.7435 18.8570 4.8756 36.6161  -9.9900 -9.9900 0.4160   -9.9900
20078002 1995.240175 31.6390 64.1880  173  171.7280 18.8561 4.8756 36.6161  -9.9900 -9.9900 0.4060   -9.9900
20078002 1995.240175 31.6390 64.1880  175  173.7124 18.8552 4.8756 36.6160  -9.9900 -9.9900 0.3900   -9.9900
20078002 1995.240175 31.6390 64.1880  177  175.6969 18.8545 4.8756 36.6160  -9.9900 -9.9900 0.3750   -9.9900
20078002 1995.240175 31.6390 64.1880  179  177.6813 18.8551 4.8758 36.6162  -9.9900 -9.9900 0.3600   -9.9900
20078002 1995.240175 31.6390 64.1880  181  179.6657 18.8558 4.8760 36.6166  -9.9900 -9.9900 0.3730   -9.9900
20078002 1995.240175 31.6390 64.1880  183  181.6501 18.8563 4.8761 36.6164  -9.9900 -9.9900 0.3760   -9.9900
20078002 1995.240175 31.6390 64.1880  185  183.6344 18.8565 4.8762 36.6161  -9.9900 -9.9900 0.3590   -9.9900
20078002 1995.240175 31.6390 64.1880  187  185.6187 18.8563 4.8763 36.6160  -9.9900 -9.9900 0.3520   -9.9900
20078002 1995.240175 31.6390 64.1880  189  187.6031 18.8562 4.8764 36.6160  -9.9900 -9.9900 0.3560   -9.9900
20078002 1995.240175 31.6390 64.1880  191  189.5874 18.8562 4.8764 36.6160  -9.9900 -9.9900 0.3730   -9.9900
20078002 1995.240175 31.6390 64.1880  193  191.5716 18.8564 4.8766 36.6161  -9.9900 -9.9900 0.4190   -9.9900
20078002 1995.240175 31.6390 64.1880  195  193.5559 18.8559 4.8766 36.6162  -9.9900 -9.9900 0.3740   -9.9900
20078002 1995.240175 31.6390 64.1880  197  195.5402 18.8550 4.8766 36.6165  -9.9900 -9.9900 0.3790   -9.9900
20078002 1995.240175 31.6390 64.1880  199  197.5244 18.8555 4.8768 36.6164  -9.9900 -9.9900 0.3350   -9.9900
20078002 1995.240175 31.6390 64.1880  201  199.5086 18.8556 4.8769 36.6164  -9.9900 -9.9900 0.3140   -9.9900
20078002 1995.240175 31.6390 64.1880  203  201.4928 18.8545 4.8768 36.6161  -9.9900 -9.9900 0.2980   -9.9900
20078002 1995.240175 31.6390 64.1880  205  203.4769 18.8393 4.8750 36.6132  -9.9900 -9.9900 0.2820   -9.9900
20078002 1995.240175 31.6390 64.1880  207  205.4611 18.8226 4.8729 36.6101  -9.9900 -9.9900 0.2670   -9.9900
20078002 1995.240175 31.6390 64.1880  209  207.4452 18.7923 4.8693 36.6051  -9.9900 -9.9900 0.2310   -9.9900
20078002 1995.240175 31.6390 64.1880  211  209.4293 18.7634 4.8659 36.6014  -9.9900 -9.9900 0.1670   -9.9900
20078002 1995.240175 31.6390 64.1880  213  211.4134 18.7555 4.8651 36.6014  -9.9900 -9.9900 0.0990   -9.9900
20078002 1995.240175 31.6390 64.1880  215  213.3975 18.7488 4.8646 36.6017  -9.9900 -9.9900 0.0810   -9.9900
20078002 1995.240175 31.6390 64.1880  217  215.3815 18.7440 4.8641 36.6014  -9.9900 -9.9900 0.0750   -9.9900
20078002 1995.240175 31.6390 64.1880  219  217.3656 18.7126 4.8606 36.5986  -9.9900 -9.9900 0.0740   -9.9900
20078002 1995.240175 31.6390 64.1880  221  219.3496 18.7082 4.8602 36.5981  -9.9900 -9.9900 0.0730   -9.9900
20078002 1995.240175 31.6390 64.1880  223  221.3336 18.6904 4.8583 36.5976  -9.9900 -9.9900 0.0700   -9.9900
20078002 1995.240175 31.6390 64.1880  225  223.3175 18.6855 4.8577 36.5963  -9.9900 -9.9900 0.0660   -9.9900
20078002 1995.240175 31.6390 64.1880  227  225.3015 18.6802 4.8572 36.5958  -9.9900 -9.9900 0.0640   -9.9900
20078002 1995.240175 31.6390 64.1880  229  227.2854 18.6752 4.8567 36.5952  -9.9900 -9.9900 0.0640   -9.9900
20078002 1995.240175 31.6390 64.1880  231  229.2693 18.6731 4.8566 36.5949  -9.9900 -9.9900 0.0660   -9.9900
20078002 1995.240175 31.6390 64.1880  233  231.2532 18.6729 4.8566 36.5947  -9.9900 -9.9900 0.0630   -9.9900
20078002 1995.240175 31.6390 64.1880  235  233.2371 18.6718 4.8565 36.5945  -9.9900 -9.9900 0.0630   -9.9900
20078002 1995.240175 31.6390 64.1880  237  235.2210 18.6704 4.8565 36.5943  -9.9900 -9.9900 0.0650   -9.9900
20078002 1995.240175 31.6390 64.1880  239  237.2048 18.6671 4.8561 36.5935  -9.9900 -9.9900 0.0660   -9.9900
20078002 1995.240175 31.6390 64.1880  241  239.1886 18.6638 4.8558 36.5928  -9.9900 -9.9900 0.0690   -9.9900
20078002 1995.240175 31.6390 64.1880  243  241.1724 18.6606 4.8555 36.5925  -9.9900 -9.9900 0.0700   -9.9900
20078002 1995.240175 31.6390 64.1880  245  243.1562 18.6531 4.8547 36.5913  -9.9900 -9.9900 0.0660   -9.9900
20078002 1995.240175 31.6390 64.1880  247  245.1400 18.6409 4.8532 36.5893  -9.9900 -9.9900 0.0660   -9.9900
20078002 1995.240175 31.6390 64.1880  249  247.1237 18.6165 4.8503 36.5855  -9.9900 -9.9900 0.0670   -9.9900
20078002 1995.240175 31.6390 64.1880  251  249.1075 18.5885 4.8471 36.5822  -9.9900 -9.9900 0.0660   -9.9900
20078002 1995.240175 31.6390 64.1880  253  251.0912 18.5693 4.8450 36.5804  -9.9900 -9.9900 0.0680   -9.9900
20078002 1995.240175 31.6390 64.1880  255  253.0749 18.5632 4.8443 36.5793  -9.9900 -9.9900 0.0710   -9.9900
20078002 1995.240175 31.6390 64.1880  257  255.0585 18.5461 4.8423 36.5772  -9.9900 -9.9900 0.0690   -9.9900
20078002 1995.240175 31.6390 64.1880  259  257.0422 18.5275 4.8403 36.5755  -9.9900 -9.9900 0.0690   -9.9900
20078002 1995.240175 31.6390 64.1880  261  259.0258 18.5153 4.8390 36.5743  -9.9900 -9.9900 0.0680   -9.9900
20078002 1995.240175 31.6390 64.1880  263  261.0094 18.5153 4.8389 36.5732  -9.9900 -9.9900 0.0660   -9.9900
20078002 1995.240175 31.6390 64.1880  265  262.9930 18.5107 4.8385 36.5728  -9.9900 -9.9900 0.0630   -9.9900
20078002 1995.240175 31.6390 64.1880  267  264.9766 18.5003 4.8373 36.5714  -9.9900 -9.9900 0.0610   -9.9900
20078002 1995.240175 31.6390 64.1880  269  266.9601 18.4930 4.8365 36.5706  -9.9900 -9.9900 0.0600   -9.9900
20078002 1995.240175 31.6390 64.1880  271  268.9437 18.4828 4.8353 36.5687  -9.9900 -9.9900 0.0590   -9.9900
20078002 1995.240175 31.6390 64.1880  273  270.9272 18.4615 4.8330 36.5669  -9.9900 -9.9900 0.0580   -9.9900
20078002 1995.240175 31.6390 64.1880  275  272.9107 18.4500 4.8317 36.5655  -9.9900 -9.9900 0.0570   -9.9900
20078002 1995.240175 31.6390 64.1880  277  274.8941 18.4302 4.8296 36.5640  -9.9900 -9.9900 0.0570   -9.9900
20078002 1995.240175 31.6390 64.1880  279  276.8776 18.4114 4.8276 36.5628  -9.9900 -9.9900 0.0590   -9.9900
20078002 1995.240175 31.6390 64.1880  281  278.8610 18.4058 4.8270 36.5621  -9.9900 -9.9900 0.0580   -9.9900
20078002 1995.240175 31.6390 64.1880  283  280.8445 18.3999 4.8265 36.5623  -9.9900 -9.9900 0.0610   -9.9900
20078002 1995.240175 31.6390 64.1880  285  282.8279 18.3972 4.8262 36.5618  -9.9900 -9.9900 0.0600   -9.9900
20078002 1995.240175 31.6390 64.1880  287  284.8112 18.3945 4.8260 36.5616  -9.9900 -9.9900 0.0610   -9.9900
20078002 1995.240175 31.6390 64.1880  289  286.7946 18.3943 4.8261 36.5616  -9.9900 -9.9900 0.0630   -9.9900
20078002 1995.240175 31.6390 64.1880  291  288.7779 18.3927 4.8260 36.5613  -9.9900 -9.9900 0.0600   -9.9900
20078002 1995.240175 31.6390 64.1880  293  290.7613 18.3873 4.8254 36.5607  -9.9900 -9.9900 0.0600   -9.9900
20078002 1995.240175 31.6390 64.1880  295  292.7446 18.3828 4.8250 36.5604  -9.9900 -9.9900 0.0620   -9.9900
20078002 1995.240175 31.6390 64.1880  297  294.7279 18.3762 4.8243 36.5594  -9.9900 -9.9900 0.0610   -9.9900
20078002 1995.240175 31.6390 64.1880  299  296.7111 18.3736 4.8240 36.5588  -9.9900 -9.9900 0.0600   -9.9900
20078002 1995.240175 31.6390 64.1880  301  298.6944 18.3520 4.8216 36.5565  -9.9900 -9.9900 0.0610   -9.9900
20078002 1995.240175 31.6390 64.1880  303  300.6776 18.3426 4.8208 36.5572  -9.9900 -9.9900 0.0650   -9.9900
20078002 1995.240175 31.6390 64.1880  305  302.6608 18.3353 4.8200 36.5566  -9.9900 -9.9900 0.0660   -9.9900
20078002 1995.240175 31.6390 64.1880  307  304.6440 18.3282 4.8193 36.5559  -9.9900 -9.9900 0.0650   -9.9900
20078002 1995.240175 31.6390 64.1880  309  306.6272 18.3235 4.8188 36.5552  -9.9900 -9.9900 0.0630   -9.9900
20078002 1995.240175 31.6390 64.1880  311  308.6103 18.3198 4.8185 36.5547  -9.9900 -9.9900 0.0620   -9.9900
20078002 1995.240175 31.6390 64.1880  313  310.5935 18.3135 4.8178 36.5541  -9.9900 -9.9900 0.0610   -9.9900
20078002 1995.240175 31.6390 64.1880  315  312.5766 18.3030 4.8166 36.5525  -9.9900 -9.9900 0.1010   -9.9900
20078002 1995.240175 31.6390 64.1880  317  314.5597 18.2962 4.8160 36.5520  -9.9900 -9.9900 0.1330   -9.9900
20078002 1995.240175 31.6390 64.1880  319  316.5427 18.2930 4.8157 36.5520  -9.9900 -9.9900 0.1000   -9.9900
20078002 1995.240175 31.6390 64.1880  321  318.5258 18.2886 4.8153 36.5519  -9.9900 -9.9900 0.0750   -9.9900
20078002 1995.240175 31.6390 64.1880  323  320.5088 18.2843 4.8149 36.5512  -9.9900 -9.9900 0.0970   -9.9900
20078002 1995.240175 31.6390 64.1880  325  322.4918 18.2742 4.8138 36.5502  -9.9900 -9.9900 0.1190   -9.9900
20078002 1995.240175 31.6390 64.1880  327  324.4748 18.2670 4.8132 36.5503  -9.9900 -9.9900 0.0940   -9.9900
20078002 1995.240175 31.6390 64.1880  329  326.4578 18.2638 4.8129 36.5500  -9.9900 -9.9900 0.0800   -9.9900
20078002 1995.240175 31.6390 64.1880  331  328.4408 18.2604 4.8126 36.5498  -9.9900 -9.9900 0.0710   -9.9900
20078002 1995.240175 31.6390 64.1880  333  330.4237 18.2553 4.8121 36.5496  -9.9900 -9.9900 0.0680   -9.9900
20078002 1995.240175 31.6390 64.1880  335  332.4066 18.2491 4.8115 36.5493  -9.9900 -9.9900 0.0680   -9.9900
20078002 1995.240175 31.6390 64.1880  337  334.3896 18.2482 4.8117 36.5504  -9.9900 -9.9900 0.0660   -9.9900
20078002 1995.240175 31.6390 64.1880  339  336.3724 18.2505 4.8121 36.5513  -9.9900 -9.9900 0.0630   -9.9900
20078002 1995.240175 31.6390 64.1880  341  338.3553 18.2505 4.8122 36.5518  -9.9900 -9.9900 0.0610   -9.9900
20078002 1995.240175 31.6390 64.1880  343  340.3381 18.2450 4.8117 36.5513  -9.9900 -9.9900 0.0630   -9.9900
20078002 1995.240175 31.6390 64.1880  345  342.3210 18.2379 4.8109 36.5502  -9.9900 -9.9900 0.0640   -9.9900
20078002 1995.240175 31.6390 64.1880  347  344.3038 18.2334 4.8105 36.5497  -9.9900 -9.9900 0.0620   -9.9900
20078002 1995.240175 31.6390 64.1880  349  346.2866 18.2302 4.8102 36.5495  -9.9900 -9.9900 0.0620   -9.9900
20078002 1995.240175 31.6390 64.1880  351  348.2693 18.2286 4.8101 36.5495  -9.9900 -9.9900 0.0610   -9.9900
20078002 1995.240175 31.6390 64.1880  353  350.2521 18.2264 4.8099 36.5492  -9.9900 -9.9900 0.0610   -9.9900
20078002 1995.240175 31.6390 64.1880  355  352.2348 18.2242 4.8098 36.5488  -9.9900 -9.9900 0.0610   -9.9900
20078002 1995.240175 31.6390 64.1880  357  354.2175 18.2186 4.8092 36.5481  -9.9900 -9.9900 0.0590   -9.9900
20078002 1995.240175 31.6390 64.1880  359  356.2002 18.2015 4.8074 36.5469  -9.9900 -9.9900 0.0590   -9.9900
20078002 1995.240175 31.6390 64.1880  361  358.1829 18.1802 4.8049 36.5440  -9.9900 -9.9900 0.0570   -9.9900
20078002 1995.240175 31.6390 64.1880  363  360.1656 18.1710 4.8038 36.5422  -9.9900 -9.9900 0.0600   -9.9900
20078002 1995.240175 31.6390 64.1880  365  362.1482 18.1653 4.8032 36.5416  -9.9900 -9.9900 0.0650   -9.9900
20078002 1995.240175 31.6390 64.1880  367  364.1308 18.1655 4.8037 36.5445  -9.9900 -9.9900 0.0680   -9.9900
20078002 1995.240175 31.6390 64.1880  369  366.1134 18.1593 4.8029 36.5428  -9.9900 -9.9900 0.0640   -9.9900
20078002 1995.240175 31.6390 64.1880  371  368.0960 18.1484 4.8014 36.5387  -9.9900 -9.9900 0.0630   -9.9900
20078002 1995.240175 31.6390 64.1880  373  370.0785 18.1185 4.7974 36.5301  -9.9900 -9.9900 0.0600   -9.9900
20078002 1995.240175 31.6390 64.1880  375  372.0611 18.1112 4.7968 36.5307  -9.9900 -9.9900 0.0600   -9.9900
20078002 1995.240175 31.6390 64.1880  377  374.0436 18.1093 4.7966 36.5303  -9.9900 -9.9900 0.0610   -9.9900
20078002 1995.240175 31.6390 64.1880  379  376.0261 18.1072 4.7965 36.5303  -9.9900 -9.9900 0.0610   -9.9900
20078002 1995.240175 31.6390 64.1880  381  378.0086 18.1051 4.7964 36.5306  -9.9900 -9.9900 0.0610   -9.9900
20078002 1995.240175 31.6390 64.1880  383  379.9911 18.1014 4.7961 36.5305  -9.9900 -9.9900 0.0640   -9.9900
20078002 1995.240175 31.6390 64.1880  385  381.9735 18.0925 4.7951 36.5295  -9.9900 -9.9900 0.0640   -9.9900
20078002 1995.240175 31.6390 64.1880  387  383.9559 18.0825 4.7940 36.5282  -9.9900 -9.9900 0.0640   -9.9900
20078002 1995.240175 31.6390 64.1880  389  385.9383 18.0804 4.7938 36.5277  -9.9900 -9.9900 0.0630   -9.9900
20078002 1995.240175 31.6390 64.1880  391  387.9207 18.0728 4.7928 36.5251  -9.9900 -9.9900 0.0650   -9.9900
20078002 1995.240175 31.6390 64.1880  393  389.9031 18.0555 4.7908 36.5223  -9.9900 -9.9900 0.0670   -9.9900
20078002 1995.240175 31.6390 64.1880  395  391.8854 18.0446 4.7896 36.5209  -9.9900 -9.9900 0.0680   -9.9900
20078002 1995.240175 31.6390 64.1880  397  393.8678 18.0361 4.7886 36.5194  -9.9900 -9.9900 0.0660   -9.9900
20078002 1995.240175 31.6390 64.1880  399  395.8501 18.0255 4.7874 36.5180  -9.9900 -9.9900 0.0630   -9.9900
20078002 1995.240175 31.6390 64.1880  401  397.8324 18.0227 4.7871 36.5171  -9.9900 -9.9900 0.0630   -9.9900
20078002 1995.240175 31.6390 64.1880  403  399.8147 18.0196 4.7868 36.5162  -9.9900 -9.9900 0.0640   -9.9900
20078003 1995.240226 31.6380 64.1900   14   13.9024 18.8597 4.8690 36.6172  -9.9900 -9.9900 0.4530   -9.9900
20078003 1995.240226 31.6380 64.1900   16   15.8884 18.8595 4.8690 36.6172  -9.9900 -9.9900 0.4530   -9.9900
20078003 1995.240226 31.6380 64.1900   18   17.8744 18.8594 4.8691 36.6171  -9.9900 -9.9900 0.4480   -9.9900
20078003 1995.240226 31.6380 64.1900   20   19.8603 18.8593 4.8692 36.6170  -9.9900 -9.9900 0.4870   -9.9900
20078003 1995.240226 31.6380 64.1900   22   21.8462 18.8600 4.8693 36.6171  -9.9900 -9.9900 0.4870   -9.9900
20078003 1995.240226 31.6380 64.1900   24   23.8321 18.8608 4.8695 36.6171  -9.9900 -9.9900 0.4730   -9.9900
20078003 1995.240226 31.6380 64.1900   26   25.8180 18.8610 4.8696 36.6172  -9.9900 -9.9900 0.4670   -9.9900
20078003 1995.240226 31.6380 64.1900   28   27.8039 18.8613 4.8698 36.6173  -9.9900 -9.9900 0.4820   -9.9900
20078003 1995.240226 31.6380 64.1900   30   29.7897 18.8614 4.8698 36.6170  -9.9900 -9.9900 0.5240   -9.9900
20078003 1995.240226 31.6380 64.1900   32   31.7756 18.8618 4.8700 36.6171  -9.9900 -9.9900 0.4950   -9.9900
20078003 1995.240226 31.6380 64.1900   34   33.7614 18.8623 4.8701 36.6170  -9.9900 -9.9900 0.4870   -9.9900
20078003 1995.240226 31.6380 64.1900   36   35.7472 18.8620 4.8702 36.6170  -9.9900 -9.9900 0.4940   -9.9900
20078003 1995.240226 31.6380 64.1900   38   37.7329 18.8620 4.8703 36.6170  -9.9900 -9.9900 0.4880   -9.9900
20078003 1995.240226 31.6380 64.1900   40   39.7187 18.8624 4.8704 36.6170  -9.9900 -9.9900 0.4860   -9.9900
20078003 1995.240226 31.6380 64.1900   42   41.7044 18.8625 4.8705 36.6169  -9.9900 -9.9900 0.4970   -9.9900
20078003 1995.240226 31.6380 64.1900   44   43.6901 18.8618 4.8705 36.6166  -9.9900 -9.9900 0.5040   -9.9900
20078003 1995.240226 31.6380 64.1900   46   45.6758 18.8536 4.8696 36.6160  -9.9900 -9.9900 0.5170   -9.9900
20078003 1995.240226 31.6380 64.1900   48   47.6615 18.8537 4.8698 36.6162  -9.9900 -9.9900 0.5380   -9.9900
20078003 1995.240226 31.6380 64.1900   50   49.6472 18.8517 4.8696 36.6158  -9.9900 -9.9900 0.5380   -9.9900
20078003 1995.240226 31.6380 64.1900   52   51.6328 18.8473 4.8692 36.6157  -9.9900 -9.9900 0.5350   -9.9900
20078003 1995.240226 31.6380 64.1900   54   53.6184 18.8442 4.8690 36.6157  -9.9900 -9.9900 0.5330   -9.9900
20078003 1995.240226 31.6380 64.1900   56   55.6040 18.8448 4.8691 36.6158  -9.9900 -9.9900 0.5240   -9.9900
20078003 1995.240226 31.6380 64.1900   58   57.5896 18.8451 4.8693 36.6159  -9.9900 -9.9900 0.5200   -9.9900
20078003 1995.240226 31.6380 64.1900   60   59.5751 18.8458 4.8694 36.6159  -9.9900 -9.9900 0.5250   -9.9900
20078003 1995.240226 31.6380 64.1900   62   61.5607 18.8463 4.8696 36.6159  -9.9900 -9.9900 0.5190   -9.9900
20078003 1995.240226 31.6380 64.1900   64   63.5462 18.8462 4.8697 36.6159  -9.9900 -9.9900 0.5120   -9.9900
20078003 1995.240226 31.6380 64.1900   66   65.5317 18.8460 4.8697 36.6158  -9.9900 -9.9900 0.5060   -9.9900
20078003 1995.240226 31.6380 64.1900   68   67.5172 18.8464 4.8699 36.6160  -9.9900 -9.9900 0.5070   -9.9900
20078003 1995.240226 31.6380 64.1900   70   69.5027 18.8464 4.8700 36.6163  -9.9900 -9.9900 0.5130   -9.9900
20078003 1995.240226 31.6380 64.1900   72   71.4881 18.8468 4.8701 36.6163  -9.9900 -9.9900 0.5400   -9.9900
20078003 1995.240226 31.6380 64.1900   74   73.4735 18.8475 4.8703 36.6165  -9.9900 -9.9900 0.5290   -9.9900
20078003 1995.240226 31.6380 64.1900   76   75.4589 18.8484 4.8705 36.6166  -9.9900 -9.9900 0.5160   -9.9900
20078003 1995.240226 31.6380 64.1900   78   77.4443 18.8498 4.8708 36.6171  -9.9900 -9.9900 0.4840   -9.9900
20078003 1995.240226 31.6380 64.1900   80   79.4297 18.8510 4.8710 36.6173  -9.9900 -9.9900 0.4370   -9.9900
20078003 1995.240226 31.6380 64.1900   82   81.4150 18.8512 4.8712 36.6173  -9.9900 -9.9900 0.4130   -9.9900
20078003 1995.240226 31.6380 64.1900   84   83.4004 18.8518 4.8713 36.6174  -9.9900 -9.9900 0.3900   -9.9900
20078003 1995.240226 31.6380 64.1900   86   85.3857 18.8515 4.8714 36.6172  -9.9900 -9.9900 0.4050   -9.9900
20078003 1995.240226 31.6380 64.1900   88   87.3710 18.8508 4.8714 36.6172  -9.9900 -9.9900 0.4070   -9.9900
20078003 1995.240226 31.6380 64.1900   90   89.3562 18.8511 4.8715 36.6169  -9.9900 -9.9900 0.4090   -9.9900
20078003 1995.240226 31.6380 64.1900   92   91.3415 18.8510 4.8715 36.6169  -9.9900 -9.9900 0.4130   -9.9900
20078003 1995.240226 31.6380 64.1900   94   93.3267 18.8509 4.8717 36.6172  -9.9900 -9.9900 0.4120   -9.9900
20078003 1995.240226 31.6380 64.1900   96   95.3119 18.8513 4.8717 36.6168  -9.9900 -9.9900 0.4600   -9.9900
20078003 1995.240226 31.6380 64.1900   98   97.2971 18.8526 4.8720 36.6173  -9.9900 -9.9900 0.4590   -9.9900
20078003 1995.240226 31.6380 64.1900  100   99.2823 18.8545 4.8723 36.6175  -9.9900 -9.9900 0.4200   -9.9900
20078003 1995.240226 31.6380 64.1900  102  101.2674 18.8553 4.8725 36.6175  -9.9900 -9.9900 0.3800   -9.9900
20078003 1995.240226 31.6380 64.1900  104  103.2526 18.8542 4.8724 36.6170  -9.9900 -9.9900 0.5460   -9.9900
20078003 1995.240226 31.6380 64.1900  106  105.2377 18.8545 4.8726 36.6171  -9.9900 -9.9900 0.4890   -9.9900
20078003 1995.240226 31.6380 64.1900  108  107.2228 18.8550 4.8727 36.6173  -9.9900 -9.9900 0.4340   -9.9900
20078003 1995.240226 31.6380 64.1900  110  109.2079 18.8554 4.8729 36.6175  -9.9900 -9.9900 0.4040   -9.9900
20078003 1995.240226 31.6380 64.1900  112  111.1929 18.8562 4.8731 36.6175  -9.9900 -9.9900 0.4170   -9.9900
20078003 1995.240226 31.6380 64.1900  114  113.1780 18.8566 4.8732 36.6176  -9.9900 -9.9900 0.4090   -9.9900
20078003 1995.240226 31.6380 64.1900  116  115.1630 18.8569 4.8733 36.6177  -9.9900 -9.9900 0.3880   -9.9900
20078003 1995.240226 31.6380 64.1900  118  117.1480 18.8569 4.8735 36.6179  -9.9900 -9.9900 0.3270   -9.9900
20078003 1995.240226 31.6380 64.1900  120  119.1330 18.8566 4.8735 36.6177  -9.9900 -9.9900 0.3260   -9.9900
20078003 1995.240226 31.6380 64.1900  122  121.1179 18.8558 4.8734 36.6173  -9.9900 -9.9900 0.3320   -9.9900
20078003 1995.240226 31.6380 64.1900  124  123.1029 18.8555 4.8735 36.6173  -9.9900 -9.9900 0.3470   -9.9900
20078003 1995.240226 31.6380 64.1900  126  125.0878 18.8552 4.8736 36.6172  -9.9900 -9.9900 0.3550   -9.9900
20078003 1995.240226 31.6380 64.1900  128  127.0727 18.8547 4.8736 36.6170  -9.9900 -9.9900 0.3580   -9.9900
20078003 1995.240226 31.6380 64.1900  130  129.0576 18.8547 4.8736 36.6169  -9.9900 -9.9900 0.3640   -9.9900
20078003 1995.240226 31.6380 64.1900  132  131.0425 18.8554 4.8738 36.6170  -9.9900 -9.9900 0.3780   -9.9900
20078003 1995.240226 31.6380 64.1900  134  133.0273 18.8554 4.8739 36.6168  -9.9900 -9.9900 0.3850   -9.9900
20078003 1995.240226 31.6380 64.1900  136  135.0121 18.8559 4.8740 36.6168  -9.9900 -9.9900 0.3820   -9.9900
20078003 1995.240226 31.6380 64.1900  138  136.9969 18.8562 4.8742 36.6171  -9.9900 -9.9900 0.3750   -9.9900
20078003 1995.240226 31.6380 64.1900  140  138.9817 18.8567 4.8743 36.6170  -9.9900 -9.9900 0.3830   -9.9900
20078003 1995.240226 31.6380 64.1900  142  140.9665 18.8573 4.8744 36.6168  -9.9900 -9.9900 0.4170   -9.9900
20078003 1995.240226 31.6380 64.1900  144  142.9513 18.8576 4.8746 36.6168  -9.9900 -9.9900 0.4040   -9.9900
20078003 1995.240226 31.6380 64.1900  146  144.9360 18.8579 4.8747 36.6168  -9.9900 -9.9900 0.3840   -9.9900
20078003 1995.240226 31.6380 64.1900  148  146.9207 18.8580 4.8748 36.6168  -9.9900 -9.9900 0.3750   -9.9900
20078003 1995.240226 31.6380 64.1900  150  148.9054 18.8575 4.8748 36.6167  -9.9900 -9.9900 0.3810   -9.9900
20078003 1995.240226 31.6380 64.1900  152  150.8901 18.8574 4.8749 36.6165  -9.9900 -9.9900 0.3850   -9.9900
20078003 1995.240226 31.6380 64.1900  154  152.8747 18.8558 4.8748 36.6164  -9.9900 -9.9900 0.3820   -9.9900
20078003 1995.240226 31.6380 64.1900  156  154.8594 18.8552 4.8748 36.6165  -9.9900 -9.9900 0.3790   -9.9900
20078003 1995.240226 31.6380 64.1900  158  156.8440 18.8564 4.8750 36.6162  -9.9900 -9.9900 0.4100   -9.9900
20078003 1995.240226 31.6380 64.1900  160  158.8286 18.8555 4.8750 36.6162  -9.9900 -9.9900 0.4010   -9.9900
20078003 1995.240226 31.6380 64.1900  162  160.8132 18.8551 4.8750 36.6162  -9.9900 -9.9900 0.3890   -9.9900
20078003 1995.240226 31.6380 64.1900  164  162.7977 18.8550 4.8751 36.6162  -9.9900 -9.9900 0.4260   -9.9900
20078003 1995.240226 31.6380 64.1900  166  164.7822 18.8548 4.8752 36.6163  -9.9900 -9.9900 0.4270   -9.9900
20078003 1995.240226 31.6380 64.1900  168  166.7668 18.8547 4.8753 36.6162  -9.9900 -9.9900 0.3890   -9.9900
20078003 1995.240226 31.6380 64.1900  170  168.7513 18.8543 4.8753 36.6162  -9.9900 -9.9900 0.3740   -9.9900
20078003 1995.240226 31.6380 64.1900  172  170.7358 18.8539 4.8754 36.6162  -9.9900 -9.9900 0.3650   -9.9900
20078003 1995.240226 31.6380 64.1900  174  172.7202 18.8541 4.8755 36.6164  -9.9900 -9.9900 0.3490   -9.9900
20078003 1995.240226 31.6380 64.1900  176  174.7047 18.8541 4.8756 36.6165  -9.9900 -9.9900 0.3480   -9.9900
20078003 1995.240226 31.6380 64.1900  178  176.6891 18.8548 4.8758 36.6164  -9.9900 -9.9900 0.3450   -9.9900
20078003 1995.240226 31.6380 64.1900  180  178.6735 18.8557 4.8759 36.6162  -9.9900 -9.9900 0.3450   -9.9900
20078003 1995.240226 31.6380 64.1900  182  180.6579 18.8559 4.8760 36.6162  -9.9900 -9.9900 0.3500   -9.9900
20078003 1995.240226 31.6380 64.1900  184  182.6422 18.8554 4.8761 36.6162  -9.9900 -9.9900 0.3530   -9.9900
20078003 1995.240226 31.6380 64.1900  186  184.6266 18.8555 4.8762 36.6162  -9.9900 -9.9900 0.3480   -9.9900
20078003 1995.240226 31.6380 64.1900  188  186.6109 18.8552 4.8762 36.6163  -9.9900 -9.9900 0.3440   -9.9900
20078003 1995.240226 31.6380 64.1900  190  188.5952 18.8563 4.8764 36.6163  -9.9900 -9.9900 0.3290   -9.9900
20078003 1995.240226 31.6380 64.1900  192  190.5795 18.8561 4.8765 36.6164  -9.9900 -9.9900 0.3330   -9.9900
20078003 1995.240226 31.6380 64.1900  194  192.5638 18.8558 4.8766 36.6164  -9.9900 -9.9900 0.3350   -9.9900
20078003 1995.240226 31.6380 64.1900  196  194.5480 18.8562 4.8767 36.6165  -9.9900 -9.9900 0.3330   -9.9900
20078003 1995.240226 31.6380 64.1900  198  196.5323 18.8545 4.8766 36.6164  -9.9900 -9.9900 0.3420   -9.9900
20078003 1995.240226 31.6380 64.1900  200  198.5165 18.8465 4.8757 36.6147  -9.9900 -9.9900 0.3100   -9.9900
20078003 1995.240226 31.6380 64.1900  202  200.5007 18.8209 4.8725 36.6097  -9.9900 -9.9900 0.2690   -9.9900
20078003 1995.240226 31.6380 64.1900  204  202.4849 18.7828 4.8679 36.6039  -9.9900 -9.9900 0.2330   -9.9900
20078003 1995.240226 31.6380 64.1900  206  204.4690 18.7530 4.8646 36.6015  -9.9900 -9.9900 0.1580   -9.9900
20078003 1995.240226 31.6380 64.1900  208  206.4532 18.7424 4.8636 36.6022  -9.9900 -9.9900 0.1190   -9.9900
20078003 1995.240226 31.6380 64.1900  210  208.4373 18.7447 4.8639 36.6016  -9.9900 -9.9900 0.1100   -9.9900
20078003 1995.240226 31.6380 64.1900  212  210.4214 18.7136 4.8605 36.5992  -9.9900 -9.9900 0.1040   -9.9900
20078003 1995.240226 31.6380 64.1900  214  212.4055 18.7388 4.8635 36.6018  -9.9900 -9.9900 0.0840   -9.9900
20078003 1995.240226 31.6380 64.1900  216  214.3895 18.6944 4.8584 36.5976  -9.9900 -9.9900 0.0770   -9.9900
20078003 1995.240226 31.6380 64.1900  218  216.3736 18.6808 4.8570 36.5964  -9.9900 -9.9900 0.0700   -9.9900
20078003 1995.240226 31.6380 64.1900  220  218.3576 18.6816 4.8571 36.5958  -9.9900 -9.9900 0.0680   -9.9900
20078003 1995.240226 31.6380 64.1900  222  220.3416 18.6772 4.8567 36.5955  -9.9900 -9.9900 0.0670   -9.9900
20078003 1995.240226 31.6380 64.1900  224  222.3256 18.6756 4.8565 36.5949  -9.9900 -9.9900 0.0660   -9.9900
20078003 1995.240226 31.6380 64.1900  226  224.3095 18.6695 4.8559 36.5941  -9.9900 -9.9900 0.0640   -9.9900
20078003 1995.240226 31.6380 64.1900  228  226.2935 18.6665 4.8556 36.5939  -9.9900 -9.9900 0.0610   -9.9900
20078003 1995.240226 31.6380 64.1900  230  228.2774 18.6614 4.8551 36.5931  -9.9900 -9.9900 0.0640   -9.9900
20078003 1995.240226 31.6380 64.1900  232  230.2613 18.6589 4.8548 36.5926  -9.9900 -9.9900 0.0660   -9.9900
20078003 1995.240226 31.6380 64.1900  234  232.2452 18.6564 4.8546 36.5922  -9.9900 -9.9900 0.0630   -9.9900
20078003 1995.240226 31.6380 64.1900  236  234.2291 18.6548 4.8545 36.5920  -9.9900 -9.9900 0.0610   -9.9900
20078003 1995.240226 31.6380 64.1900  238  236.2129 18.6568 4.8548 36.5920  -9.9900 -9.9900 0.0620   -9.9900
20078003 1995.240226 31.6380 64.1900  240  238.1968 18.6543 4.8545 36.5905  -9.9900 -9.9900 0.0660   -9.9900
20078003 1995.240226 31.6380 64.1900  242  240.1806 18.6068 4.8489 36.5845  -9.9900 -9.9900 0.0680   -9.9900
20078003 1995.240226 31.6380 64.1900  244  242.1644 18.5842 4.8463 36.5815  -9.9900 -9.9900 0.0660   -9.9900
20078003 1995.240226 31.6380 64.1900  246  244.1481 18.5757 4.8453 36.5803  -9.9900 -9.9900 0.0630   -9.9900
20078003 1995.240226 31.6380 64.1900  248  246.1319 18.5549 4.8431 36.5794  -9.9900 -9.9900 0.0640   -9.9900
20078003 1995.240226 31.6380 64.1900  250  248.1156 18.5551 4.8432 36.5790  -9.9900 -9.9900 0.0650   -9.9900
20078003 1995.240226 31.6380 64.1900  252  250.0993 18.5517 4.8428 36.5780  -9.9900 -9.9900 0.0670   -9.9900
20078003 1995.240226 31.6380 64.1900  254  252.0830 18.5405 4.8416 36.5771  -9.9900 -9.9900 0.0670   -9.9900
20078003 1995.240226 31.6380 64.1900  256  254.0667 18.5209 4.8393 36.5745  -9.9900 -9.9900 0.0660   -9.9900
20078003 1995.240226 31.6380 64.1900  258  256.0504 18.5046 4.8375 36.5725  -9.9900 -9.9900 0.0670   -9.9900
20078003 1995.240226 31.6380 64.1900  260  258.0340 18.5007 4.8370 36.5714  -9.9900 -9.9900 0.0640   -9.9900
20078003 1995.240226 31.6380 64.1900  262  260.0176 18.4868 4.8355 36.5697  -9.9900 -9.9900 0.0620   -9.9900
20078003 1995.240226 31.6380 64.1900  264  262.0012 18.4653 4.8332 36.5683  -9.9900 -9.9900 0.0620   -9.9900
20078003 1995.240226 31.6380 64.1900  266  263.9848 18.4539 4.8320 36.5674  -9.9900 -9.9900 0.0610   -9.9900
20078003 1995.240226 31.6380 64.1900  268  265.9684 18.4321 4.8295 36.5654  -9.9900 -9.9900 0.0610   -9.9900
20078003 1995.240226 31.6380 64.1900  270  267.9519 18.4324 4.8296 36.5651  -9.9900 -9.9900 0.0600   -9.9900
20078003 1995.240226 31.6380 64.1900  272  269.9354 18.4326 4.8296 36.5644  -9.9900 -9.9900 0.0600   -9.9900
20078003 1995.240226 31.6380 64.1900  274  271.9189 18.4173 4.8281 36.5643  -9.9900 -9.9900 0.0570   -9.9900
20078003 1995.240226 31.6380 64.1900  276  273.9024 18.4132 4.8276 36.5628  -9.9900 -9.9900 0.0590   -9.9900
20078003 1995.240226 31.6380 64.1900  278  275.8859 18.4006 4.8262 36.5612  -9.9900 -9.9900 0.0620   -9.9900
20078003 1995.240226 31.6380 64.1900  280  277.8693 18.3977 4.8260 36.5613  -9.9900 -9.9900 0.0600   -9.9900
20078003 1995.240226 31.6380 64.1900  282  279.8528 18.3992 4.8262 36.5613  -9.9900 -9.9900 0.0610   -9.9900
20078003 1995.240226 31.6380 64.1900  284  281.8362 18.4060 4.8272 36.5625  -9.9900 -9.9900 0.0620   -9.9900
20078003 1995.240226 31.6380 64.1900  286  283.8196 18.3779 4.8240 36.5595  -9.9900 -9.9900 0.0610   -9.9900
20078003 1995.240226 31.6380 64.1900  288  285.8029 18.3731 4.8235 36.5593  -9.9900 -9.9900 0.0590   -9.9900
20078003 1995.240226 31.6380 64.1900  290  287.7863 18.3620 4.8223 36.5580  -9.9900 -9.9900 0.0560   -9.9900
20078003 1995.240226 31.6380 64.1900  292  289.7696 18.3444 4.8205 36.5577  -9.9900 -9.9900 0.0560   -9.9900
20078003 1995.240226 31.6380 64.1900  294  291.7529 18.3333 4.8194 36.5568  -9.9900 -9.9900 0.0570   -9.9900
20078003 1995.240226 31.6380 64.1900  296  293.7362 18.3283 4.8189 36.5562  -9.9900 -9.9900 0.0650   -9.9900
20078003 1995.240226 31.6380 64.1900  298  295.7195 18.3224 4.8183 36.5555  -9.9900 -9.9900 0.0750   -9.9900
20078003 1995.240226 31.6380 64.1900  300  297.7028 18.3191 4.8180 36.5551  -9.9900 -9.9900 0.0750   -9.9900
20078003 1995.240226 31.6380 64.1900  302  299.6860 18.3155 4.8176 36.5546  -9.9900 -9.9900 0.0690   -9.9900
20078003 1995.240226 31.6380 64.1900  304  301.6692 18.3083 4.8168 36.5530  -9.9900 -9.9900 0.0630   -9.9900
20078003 1995.240226 31.6380 64.1900  306  303.6524 18.3015 4.8161 36.5525  -9.9900 -9.9900 0.0580   -9.9900
20078003 1995.240226 31.6380 64.1900  308  305.6356 18.2950 4.8155 36.5522  -9.9900 -9.9900 0.0590   -9.9900
20078003 1995.240226 31.6380 64.1900  310  307.6188 18.2922 4.8152 36.5521  -9.9900 -9.9900 0.0580   -9.9900
20078003 1995.240226 31.6380 64.1900  312  309.6019 18.2863 4.8147 36.5518  -9.9900 -9.9900 0.0570   -9.9900
20078003 1995.240226 31.6380 64.1900  314  311.5850 18.2783 4.8138 36.5511  -9.9900 -9.9900 0.0580   -9.9900
20078003 1995.240226 31.6380 64.1900  316  313.5681 18.2696 4.8130 36.5505  -9.9900 -9.9900 0.0590   -9.9900
20078003 1995.240226 31.6380 64.1900  318  315.5512 18.2649 4.8125 36.5504  -9.9900 -9.9900 0.0590   -9.9900
20078003 1995.240226 31.6380 64.1900  320  317.5343 18.2637 4.8125 36.5503  -9.9900 -9.9900 0.0600   -9.9900
20078003 1995.240226 31.6380 64.1900  322  319.5173 18.2631 4.8125 36.5498  -9.9900 -9.9900 0.0610   -9.9900
20078003 1995.240226 31.6380 64.1900  324  321.5004 18.2528 4.8115 36.5497  -9.9900 -9.9900 0.0580   -9.9900
20078003 1995.240226 31.6380 64.1900  326  323.4834 18.2440 4.8105 36.5486  -9.9900 -9.9900 0.0610   -9.9900
20078003 1995.240226 31.6380 64.1900  328  325.4664 18.2442 4.8108 36.5505  -9.9900 -9.9900 0.0620   -9.9900
20078003 1995.240226 31.6380 64.1900  330  327.4493 18.2498 4.8118 36.5526  -9.9900 -9.9900 0.0610   -9.9900
20078003 1995.240226 31.6380 64.1900  332  329.4323 18.2487 4.8116 36.5516  -9.9900 -9.9900 0.0620   -9.9900
20078003 1995.240226 31.6380 64.1900  334  331.4152 18.2449 4.8113 36.5517  -9.9900 -9.9900 0.0620   -9.9900
20078003 1995.240226 31.6380 64.1900  336  333.3981 18.2396 4.8108 36.5509  -9.9900 -9.9900 0.0620   -9.9900
20078003 1995.240226 31.6380 64.1900  338  335.3810 18.2359 4.8104 36.5503  -9.9900 -9.9900 0.0610   -9.9900
20078003 1995.240226 31.6380 64.1900  340  337.3639 18.2316 4.8100 36.5500  -9.9900 -9.9900 0.0620   -9.9900
20078003 1995.240226 31.6380 64.1900  342  339.3468 18.2293 4.8098 36.5499  -9.9900 -9.9900 0.0610   -9.9900
20078003 1995.240226 31.6380 64.1900  344  341.3296 18.2275 4.8097 36.5498  -9.9900 -9.9900 0.0600   -9.9900
20078003 1995.240226 31.6380 64.1900  346  343.3124 18.2247 4.8096 36.5500  -9.9900 -9.9900 0.0590   -9.9900
20078003 1995.240226 31.6380 64.1900  348  345.2952 18.2199 4.8092 36.5501  -9.9900 -9.9900 0.0620   -9.9900
20078003 1995.240226 31.6380 64.1900  350  347.2780 18.2114 4.8084 36.5504  -9.9900 -9.9900 0.0630   -9.9900
20078003 1995.240226 31.6380 64.1900  352  349.2607 18.1976 4.8069 36.5493  -9.9900 -9.9900 0.0640   -9.9900
20078003 1995.240226 31.6380 64.1900  354  351.2435 18.1888 4.8059 36.5480  -9.9900 -9.9900 0.0580   -9.9900
20078003 1995.240226 31.6380 64.1900  356  353.2262 18.1780 4.8046 36.5456  -9.9900 -9.9900 0.0580   -9.9900
20078003 1995.240226 31.6380 64.1900  358  355.2089 18.1755 4.8044 36.5456  -9.9900 -9.9900 0.0620   -9.9900
20078003 1995.240226 31.6380 64.1900  360  357.1916 18.1687 4.8039 36.5466  -9.9900 -9.9900 0.0660   -9.9900
20078003 1995.240226 31.6380 64.1900  362  359.1743 18.1655 4.8036 36.5454  -9.9900 -9.9900 0.0670   -9.9900
20078003 1995.240226 31.6380 64.1900  364  361.1569 18.1505 4.8015 36.5401  -9.9900 -9.9900 0.0610   -9.9900
20078003 1995.240226 31.6380 64.1900  366  363.1395 18.1139 4.7967 36.5314  -9.9900 -9.9900 0.0630   -9.9900
20078003 1995.240226 31.6380 64.1900  368  365.1221 18.1134 4.7968 36.5317  -9.9900 -9.9900 0.0640   -9.9900
20078003 1995.240226 31.6380 64.1900  370  367.1047 18.1093 4.7964 36.5310  -9.9900 -9.9900 0.0630   -9.9900
20078003 1995.240226 31.6380 64.1900  372  369.0873 18.1052 4.7960 36.5307  -9.9900 -9.9900 0.0640   -9.9900
20078003 1995.240226 31.6380 64.1900  374  371.0699 18.1059 4.7962 36.5307  -9.9900 -9.9900 0.0650   -9.9900
20078003 1995.240226 31.6380 64.1900  376  373.0524 18.1035 4.7960 36.5307  -9.9900 -9.9900 0.0650   -9.9900
20078003 1995.240226 31.6380 64.1900  378  375.0349 18.0954 4.7952 36.5299  -9.9900 -9.9900 0.0660   -9.9900
20078003 1995.240226 31.6380 64.1900  380  377.0174 18.0870 4.7942 36.5288  -9.9900 -9.9900 0.0640   -9.9900
20078003 1995.240226 31.6380 64.1900  382  378.9999 18.0831 4.7939 36.5283  -9.9900 -9.9900 0.0630   -9.9900
20078003 1995.240226 31.6380 64.1900  384  380.9823 18.0775 4.7932 36.5271  -9.9900 -9.9900 0.0610   -9.9900
20078003 1995.240226 31.6380 64.1900  386  382.9648 18.0631 4.7915 36.5242  -9.9900 -9.9900 0.0610   -9.9900
20078003 1995.240226 31.6380 64.1900  388  384.9472 18.0502 4.7900 36.5224  -9.9900 -9.9900 0.0640   -9.9900
20078003 1995.240226 31.6380 64.1900  390  386.9296 18.0439 4.7893 36.5209  -9.9900 -9.9900 0.0650   -9.9900
20078003 1995.240226 31.6380 64.1900  392  388.9119 18.0285 4.7875 36.5184  -9.9900 -9.9900 0.0660   -9.9900
20078003 1995.240226 31.6380 64.1900  394  390.8943 18.0277 4.7874 36.5181  -9.9900 -9.9900 0.0640   -9.9900
20078003 1995.240226 31.6380 64.1900  396  392.8766 18.0205 4.7867 36.5171  -9.9900 -9.9900 0.0610   -9.9900
20078003 1995.240226 31.6380 64.1900  398  394.8590 18.0177 4.7864 36.5164  -9.9900 -9.9900 0.0590   -9.9900
20078003 1995.240226 31.6380 64.1900  400  396.8413 18.0049 4.7848 36.5134  -9.9900 -9.9900 0.0650   -9.9900
20078003 1995.240226 31.6380 64.1900  402  398.8236 17.9836 4.7823 36.5103  -9.9900 -9.9900 0.0640   -9.9900
20078003 1995.240226 31.6380 64.1900  404  400.8058 17.9674 4.7804 36.5076  -9.9900 -9.9900 0.0630   -9.9900
20078003 1995.240226 31.6380 64.1900  406  402.7881 17.9629 4.7799 36.5070  -9.9900 -9.9900 0.0620   -9.9900
20078003 1995.240226 31.6380 64.1900  408  404.7703 17.9556 4.7791 36.5058  -9.9900 -9.9900 0.0650   -9.9900
20078003 1995.240226 31.6380 64.1900  410  406.7525 17.9431 4.7776 36.5035  -9.9900 -9.9900 0.0640   -9.9900
20078003 1995.240226 31.6380 64.1900  412  408.7347 17.9330 4.7765 36.5018  -9.9900 -9.9900 0.0650   -9.9900
20078003 1995.240226 31.6380 64.1900  414  410.7169 17.9274 4.7758 36.4999  -9.9900 -9.9900 0.0610   -9.9900
20078003 1995.240226 31.6380 64.1900  416  412.6990 17.9068 4.7734 36.4975  -9.9900 -9.9900 0.0610   -9.9900
20078003 1995.240226 31.6380 64.1900  418  414.6811 17.8993 4.7726 36.4961  -9.9900 -9.9900 0.0650   -9.9900
20078003 1995.240226 31.6380 64.1900  420  416.6633 17.8860 4.7712 36.4949  -9.9900 -9.9900 0.0640   -9.9900
20078003 1995.240226 31.6380 64.1900  422  418.6453 17.8834 4.7709 36.4943  -9.9900 -9.9900 0.0660   -9.9900
20078003 1995.240226 31.6380 64.1900  424  420.6274 17.8855 4.7712 36.4940  -9.9900 -9.9900 0.0700   -9.9900
20078003 1995.240226 31.6380 64.1900  426  422.6095 17.8637 4.7686 36.4908  -9.9900 -9.9900 0.0690   -9.9900
20078003 1995.240226 31.6380 64.1900  428  424.5915 17.8554 4.7677 36.4895  -9.9900 -9.9900 0.0700   -9.9900
20078003 1995.240226 31.6380 64.1900  430  426.5735 17.8445 4.7663 36.4867  -9.9900 -9.9900 0.0710   -9.9900
20078003 1995.240226 31.6380 64.1900  432  428.5555 17.8306 4.7648 36.4852  -9.9900 -9.9900 0.0690   -9.9900
20078003 1995.240226 31.6380 64.1900  434  430.5375 17.8224 4.7639 36.4836  -9.9900 -9.9900 0.0680   -9.9900
20078003 1995.240226 31.6380 64.1900  436  432.5195 17.8185 4.7633 36.4817  -9.9900 -9.9900 0.0640   -9.9900
20078003 1995.240226 31.6380 64.1900  438  434.5014 17.7986 4.7609 36.4776  -9.9900 -9.9900 0.0610   -9.9900
20078003 1995.240226 31.6380 64.1900  440  436.4833 17.7740 4.7579 36.4737  -9.9900 -9.9900 0.0610   -9.9900
20078003 1995.240226 31.6380 64.1900  442  438.4652 17.7537 4.7555 36.4704  -9.9900 -9.9900 0.0620   -9.9900
20078003 1995.240226 31.6380 64.1900  444  440.4471 17.7245 4.7520 36.4656  -9.9900 -9.9900 0.0640   -9.9900
20078003 1995.240226 31.6380 64.1900  446  442.4290 17.7102 4.7504 36.4633  -9.9900 -9.9900 0.0630   -9.9900
20078003 1995.240226 31.6380 64.1900  448  444.4108 17.6834 4.7471 36.4579  -9.9900 -9.9900 0.0620   -9.9900
20078003 1995.240226 31.6380 64.1900  450  446.3926 17.6713 4.7456 36.4555  -9.9900 -9.9900 0.0610   -9.9900
20078003 1995.240226 31.6380 64.1900  452  448.3745 17.6332 4.7410 36.4491  -9.9900 -9.9900 0.0620   -9.9900
20078003 1995.240226 31.6380 64.1900  454  450.3562 17.6031 4.7374 36.4440  -9.9900 -9.9900 0.0600   -9.9900
20078003 1995.240226 31.6380 64.1900  456  452.3380 17.5878 4.7356 36.4417  -9.9900 -9.9900 0.0610   -9.9900
20078003 1995.240226 31.6380 64.1900  458  454.3198 17.5761 4.7343 36.4398  -9.9900 -9.9900 0.0620   -9.9900
20078003 1995.240226 31.6380 64.1900  460  456.3015 17.5633 4.7328 36.4375  -9.9900 -9.9900 0.0640   -9.9900
20078003 1995.240226 31.6380 64.1900  462  458.2832 17.5505 4.7313 36.4355  -9.9900 -9.9900 0.0660   -9.9900
20078003 1995.240226 31.6380 64.1900  464  460.2649 17.5454 4.7307 36.4340  -9.9900 -9.9900 0.0670   -9.9900
20078003 1995.240226 31.6380 64.1900  466  462.2466 17.5302 4.7288 36.4304  -9.9900 -9.9900 0.0640   -9.9900
20078003 1995.240226 31.6380 64.1900  468  464.2282 17.4941 4.7244 36.4238  -9.9900 -9.9900 0.0640   -9.9900
20078003 1995.240226 31.6380 64.1900  470  466.2099 17.4567 4.7199 36.4178  -9.9900 -9.9900 0.0620   -9.9900
20078003 1995.240226 31.6380 64.1900  472  468.1915 17.4471 4.7189 36.4164  -9.9900 -9.9900 0.0640   -9.9900
20078003 1995.240226 31.6380 64.1900  474  470.1731 17.4426 4.7185 36.4165  -9.9900 -9.9900 0.0660   -9.9900
20078003 1995.240226 31.6380 64.1900  476  472.1547 17.4408 4.7184 36.4161  -9.9900 -9.9900 0.0650   -9.9900
20078003 1995.240226 31.6380 64.1900  478  474.1362 17.4397 4.7183 36.4158  -9.9900 -9.9900 0.0640   -9.9900
20078003 1995.240226 31.6380 64.1900  480  476.1178 17.4386 4.7183 36.4158  -9.9900 -9.9900 0.0650   -9.9900
20078003 1995.240226 31.6380 64.1900  482  478.0993 17.4366 4.7181 36.4154  -9.9900 -9.9900 0.0660   -9.9900
20078003 1995.240226 31.6380 64.1900  484  480.0808 17.4325 4.7177 36.4144  -9.9900 -9.9900 0.0660   -9.9900
20078003 1995.240226 31.6380 64.1900  486  482.0623 17.4234 4.7165 36.4121  -9.9900 -9.9900 0.0650   -9.9900
20078003 1995.240226 31.6380 64.1900  488  484.0437 17.4080 4.7146 36.4080  -9.9900 -9.9900 0.0660   -9.9900
20078003 1995.240226 31.6380 64.1900  490  486.0252 17.3689 4.7099 36.4018  -9.9900 -9.9900 0.0650   -9.9900
20078003 1995.240226 31.6380 64.1900  492  488.0066 17.3543 4.7083 36.4002  -9.9900 -9.9900 0.0650   -9.9900
20078003 1995.240226 31.6380 64.1900  494  489.9880 17.3481 4.7076 36.3992  -9.9900 -9.9900 0.0660   -9.9900
20078003 1995.240226 31.6380 64.1900  496  491.9694 17.3503 4.7079 36.3989  -9.9900 -9.9900 0.0680   -9.9900
20078003 1995.240226 31.6380 64.1900  498  493.9508 17.3470 4.7076 36.3987  -9.9900 -9.9900 0.0680   -9.9900
20078003 1995.240226 31.6380 64.1900  500  495.9321 17.3409 4.7070 36.3977  -9.9900 -9.9900 0.0680   -9.9900
20078003 1995.240226 31.6380 64.1900  502  497.9135 17.3395 4.7068 36.3965  -9.9900 -9.9900 0.0660   -9.9900
20078003 1995.240226 31.6380 64.1900  504  499.8948 17.3171 4.7041 36.3922  -9.9900 -9.9900 0.0640   -9.9900
20078003 1995.240226 31.6380 64.1900  506  501.8761 17.2934 4.7011 36.3869  -9.9900 -9.9900 0.0640   -9.9900
20078003 1995.240226 31.6380 64.1900  508  503.8573 17.2467 4.6955 36.3794  -9.9900 -9.9900 0.0650   -9.9900
