20079001 1995.319269 31.7190 64.2030    6    5.9583 20.5955 5.0746 36.8043 223.7270 -9.9900 0.0640   -9.9900
20079001 1995.319269 31.7190 64.2030    8    7.9443 20.5740 5.0723 36.8030 223.5560 -9.9900 0.0660   -9.9900
20079001 1995.319269 31.7190 64.2030   10    9.9303 20.5332 5.0677 36.8003 223.6780 -9.9900 0.0700   -9.9900
20079001 1995.319269 31.7190 64.2030   12   11.9163 20.5249 5.0668 36.7996 223.8550 -9.9900 0.0760   -9.9900
20079001 1995.319269 31.7190 64.2030   14   13.9023 20.5127 5.0654 36.7984 224.0130 -9.9900 0.0840   -9.9900
20079001 1995.319269 31.7190 64.2030   16   15.8883 20.5075 5.0649 36.7978 224.1660 -9.9900 0.0860   -9.9900
20079001 1995.319269 31.7190 64.2030   18   17.8742 20.5025 5.0644 36.7974 224.2600 -9.9900 0.0860   -9.9900
20079001 1995.319269 31.7190 64.2030   20   19.8602 20.4995 5.0641 36.7969 224.0840 -9.9900 0.0870   -9.9900
20079001 1995.319269 31.7190 64.2030   22   21.8461 20.4958 5.0638 36.7963 224.1140 -9.9900 0.0850   -9.9900
20079001 1995.319269 31.7190 64.2030   24   23.8320 20.4893 5.0631 36.7955 224.0240 -9.9900 0.0890   -9.9900
20079001 1995.319269 31.7190 64.2030   26   25.8179 20.4855 5.0627 36.7949 224.1640 -9.9900 0.0970   -9.9900
20079001 1995.319269 31.7190 64.2030   28   27.8037 20.4824 5.0624 36.7947 224.0240 -9.9900 0.1000   -9.9900
20079001 1995.319269 31.7190 64.2030   30   29.7895 20.4813 5.0624 36.7946 224.1780 -9.9900 0.1070   -9.9900
20079001 1995.319269 31.7190 64.2030   32   31.7754 20.4784 5.0621 36.7944 224.3670 -9.9900 0.1080   -9.9900
20079001 1995.319269 31.7190 64.2030   34   33.7612 20.4747 5.0617 36.7938 224.1870 -9.9900 0.1120   -9.9900
20079001 1995.319269 31.7190 64.2030   36   35.7469 20.4713 5.0615 36.7943 224.1380 -9.9900 0.1120   -9.9900
20079001 1995.319269 31.7190 64.2030   38   37.7327 20.3956 5.0530 36.7895 224.6430 -9.9900 0.1190   -9.9900
20079001 1995.319269 31.7190 64.2030   40   39.7184 20.2675 5.0381 36.7787 225.0350 -9.9900 0.1230   -9.9900
20079001 1995.319269 31.7190 64.2030   42   41.7041 20.1614 5.0260 36.7710 225.4140 -9.9900 0.1260   -9.9900
20079001 1995.319269 31.7190 64.2030   44   43.6898 20.0645 5.0151 36.7645 225.7890 -9.9900 0.1320   -9.9900
20079001 1995.319269 31.7190 64.2030   46   45.6755 19.9899 5.0068 36.7609 226.2530 -9.9900 0.1430   -9.9900
20079001 1995.319269 31.7190 64.2030   48   47.6612 19.9673 5.0043 36.7591 226.4040 -9.9900 0.1620   -9.9900
20079001 1995.319269 31.7190 64.2030   50   49.6468 19.8673 4.9925 36.7483 226.6840 -9.9900 0.1890   -9.9900
20079001 1995.319269 31.7190 64.2030   52   51.6325 19.7994 4.9845 36.7407 226.8220 -9.9900 0.2100   -9.9900
20079001 1995.319269 31.7190 64.2030   54   53.6181 19.7054 4.9729 36.7269 226.6550 -9.9900 0.2470   -9.9900
20079001 1995.319269 31.7190 64.2030   56   55.6036 19.6502 4.9661 36.7182 226.4970 -9.9900 0.2660   -9.9900
20079001 1995.319269 31.7190 64.2030   58   57.5892 19.5627 4.9555 36.7059 226.3740 -9.9900 0.3430   -9.9900
20079001 1995.319269 31.7190 64.2030   60   59.5748 19.4927 4.9471 36.6962 226.6660 -9.9900 0.3710   -9.9900
20079001 1995.319269 31.7190 64.2030   62   61.5603 19.4432 4.9413 36.6906 227.1890 -9.9900 0.3950   -9.9900
20079001 1995.319269 31.7190 64.2030   64   63.5458 19.3602 4.9314 36.6809 228.3800 -9.9900 0.4240   -9.9900
20079001 1995.319269 31.7190 64.2030   66   65.5313 19.3101 4.9257 36.6766 226.9970 -9.9900 0.4900   -9.9900
20079001 1995.319269 31.7190 64.2030   68   67.5167 19.2230 4.9158 36.6693 224.7250 -9.9900 0.7750   -9.9900
20079001 1995.319269 31.7190 64.2030   70   69.5022 19.2002 4.9135 36.6697 224.3880 -9.9900 0.8380   -9.9900
20079001 1995.319269 31.7190 64.2030   72   71.4876 19.1886 4.9124 36.6701 224.7090 -9.9900 0.8660   -9.9900
20079001 1995.319269 31.7190 64.2030   74   73.4730 19.1603 4.9094 36.6693 225.1220 -9.9900 0.9120   -9.9900
20079001 1995.319269 31.7190 64.2030   76   75.4584 19.1386 4.9073 36.6693 226.4350 -9.9900 0.8640   -9.9900
20079001 1995.319269 31.7190 64.2030   78   77.4438 19.1052 4.9036 36.6677 227.9340 -9.9900 0.7860   -9.9900
20079001 1995.319269 31.7190 64.2030   80   79.4291 19.0890 4.9019 36.6667 228.1130 -9.9900 0.7690   -9.9900
20079001 1995.319269 31.7190 64.2030   82   81.4145 19.0765 4.9006 36.6658 227.9970 -9.9900 0.7570   -9.9900
20079001 1995.319269 31.7190 64.2030   84   83.3998 19.0680 4.8997 36.6653 227.8460 -9.9900 0.7690   -9.9900
20079001 1995.319269 31.7190 64.2030   86   85.3851 19.0614 4.8990 36.6647 227.6930 -9.9900 0.7900   -9.9900
20079001 1995.319269 31.7190 64.2030   88   87.3704 19.0564 4.8985 36.6642 227.5020 -9.9900 0.8040   -9.9900
20079001 1995.319269 31.7190 64.2030   90   89.3556 19.0510 4.8980 36.6637 227.2720 -9.9900 0.7740   -9.9900
20079001 1995.319269 31.7190 64.2030   92   91.3409 19.0441 4.8973 36.6630 227.1240 -9.9900 0.6810   -9.9900
20079001 1995.319269 31.7190 64.2030   94   93.3261 19.0414 4.8971 36.6632 226.9640 -9.9900 0.6070   -9.9900
20079001 1995.319269 31.7190 64.2030   96   95.3113 19.0362 4.8967 36.6635 226.9820 -9.9900 0.7690   -9.9900
20079001 1995.319269 31.7190 64.2030   98   97.2965 19.0317 4.8963 36.6635 226.7570 -9.9900 0.6730   -9.9900
20079001 1995.319269 31.7190 64.2030  100   99.2816 19.0284 4.8960 36.6633 226.1930 -9.9900 0.6670   -9.9900
20079001 1995.319269 31.7190 64.2030  102  101.2668 19.0231 4.8955 36.6629 225.7620 -9.9900 0.6460   -9.9900
20079001 1995.319269 31.7190 64.2030  104  103.2519 19.0205 4.8953 36.6622 225.4410 -9.9900 0.5210   -9.9900
20079001 1995.319269 31.7190 64.2030  106  105.2370 19.0189 4.8951 36.6618 225.0960 -9.9900 0.4370   -9.9900
20079001 1995.319269 31.7190 64.2030  108  107.2221 19.0175 4.8951 36.6620 225.1740 -9.9900 0.4030   -9.9900
20079001 1995.319269 31.7190 64.2030  110  109.2071 19.0174 4.8952 36.6623 224.9640 -9.9900 0.3810   -9.9900
20079001 1995.319269 31.7190 64.2030  112  111.1922 19.0164 4.8952 36.6620 224.6580 -9.9900 0.3590   -9.9900
20079001 1995.319269 31.7190 64.2030  114  113.1772 19.0110 4.8945 36.6608 224.3350 -9.9900 0.3390   -9.9900
20079001 1995.319269 31.7190 64.2030  116  115.1622 19.0054 4.8939 36.6595 224.0330 -9.9900 0.3210   -9.9900
20079001 1995.319269 31.7190 64.2030  118  117.1472 19.0026 4.8936 36.6590 224.0100 -9.9900 0.3140   -9.9900
20079001 1995.319269 31.7190 64.2030  120  119.1322 18.9944 4.8927 36.6573 223.7310 -9.9900 0.3070   -9.9900
20079001 1995.319269 31.7190 64.2030  122  121.1171 18.9852 4.8915 36.6553 223.2700 -9.9900 0.2920   -9.9900
20079001 1995.319269 31.7190 64.2030  124  123.1021 18.9784 4.8907 36.6538 222.8730 -9.9900 0.2780   -9.9900
20079001 1995.319269 31.7190 64.2030  126  125.0870 18.9710 4.8898 36.6521 222.4730 -9.9900 0.2590   -9.9900
20079001 1995.319269 31.7190 64.2030  128  127.0719 18.9591 4.8884 36.6494 222.0910 -9.9900 0.2450   -9.9900
20079001 1995.319269 31.7190 64.2030  130  129.0567 18.9382 4.8857 36.6449 221.5010 -9.9900 0.2240   -9.9900
20079001 1995.319269 31.7190 64.2030  132  131.0416 18.9307 4.8849 36.6436 221.2890 -9.9900 0.2120   -9.9900
20079001 1995.319269 31.7190 64.2030  134  133.0264 18.9269 4.8845 36.6431 221.0630 -9.9900 0.1940   -9.9900
20079001 1995.319269 31.7190 64.2030  136  135.0112 18.9259 4.8845 36.6431 220.9450 -9.9900 0.1840   -9.9900
20079001 1995.319269 31.7190 64.2030  138  136.9960 18.9247 4.8845 36.6431 220.8370 -9.9900 0.1720   -9.9900
20079001 1995.319269 31.7190 64.2030  140  138.9808 18.9209 4.8841 36.6424 220.7290 -9.9900 0.1640   -9.9900
20079001 1995.319269 31.7190 64.2030  142  140.9656 18.9076 4.8824 36.6395 220.5190 -9.9900 0.1520   -9.9900
20079001 1995.319269 31.7190 64.2030  144  142.9503 18.8946 4.8808 36.6366 220.3830 -9.9900 0.1480   -9.9900
20079001 1995.319269 31.7190 64.2030  146  144.9350 18.8775 4.8787 36.6329 220.2190 -9.9900 0.1370   -9.9900
20079001 1995.319269 31.7190 64.2030  148  146.9197 18.8573 4.8761 36.6287 219.8880 -9.9900 0.1270   -9.9900
20079001 1995.319269 31.7190 64.2030  150  148.9044 18.8458 4.8747 36.6262 219.6100 -9.9900 0.1140   -9.9900
20079001 1995.319269 31.7190 64.2030  152  150.8891 18.8402 4.8741 36.6248 219.7090 -9.9900 0.1030   -9.9900
20079001 1995.319269 31.7190 64.2030  154  152.8737 18.8362 4.8737 36.6243 219.4650 -9.9900 0.0960   -9.9900
20079001 1995.319269 31.7190 64.2030  156  154.8583 18.8312 4.8731 36.6235 219.2930 -9.9900 0.0920   -9.9900
20079001 1995.319269 31.7190 64.2030  158  156.8429 18.8236 4.8723 36.6225 219.1180 -9.9900 0.0870   -9.9900
20079001 1995.319269 31.7190 64.2030  160  158.8275 18.8158 4.8715 36.6219 218.8100 -9.9900 0.0800   -9.9900
20079001 1995.319269 31.7190 64.2030  162  160.8121 18.8119 4.8712 36.6218 218.5460 -9.9900 0.0740   -9.9900
20079001 1995.319269 31.7190 64.2030  164  162.7966 18.8099 4.8711 36.6221 218.2590 -9.9900 0.0700   -9.9900
20079001 1995.319269 31.7190 64.2030  166  164.7811 18.8093 4.8712 36.6226 218.0950 -9.9900 0.0700   -9.9900
20079001 1995.319269 31.7190 64.2030  168  166.7657 18.8068 4.8710 36.6226 217.8900 -9.9900 0.0700   -9.9900
20079001 1995.319269 31.7190 64.2030  170  168.7501 18.8008 4.8703 36.6215 217.6230 -9.9900 0.0670   -9.9900
20079001 1995.319269 31.7190 64.2030  172  170.7346 18.7958 4.8698 36.6204 217.4910 -9.9900 0.0630   -9.9900
20079001 1995.319269 31.7190 64.2030  174  172.7191 18.7920 4.8694 36.6198 217.3870 -9.9900 0.0610   -9.9900
20079001 1995.319269 31.7190 64.2030  176  174.7035 18.7885 4.8691 36.6195 217.3240 -9.9900 0.0570   -9.9900
20079001 1995.319269 31.7190 64.2030  178  176.6879 18.7817 4.8684 36.6186 216.9110 -9.9900 0.0540   -9.9900
20079001 1995.319269 31.7190 64.2030  180  178.6723 18.7768 4.8679 36.6180 216.7120 -9.9900 0.0510   -9.9900
20079001 1995.319269 31.7190 64.2030  182  180.6567 18.7737 4.8676 36.6180 216.4080 -9.9900 0.0480   -9.9900
20079001 1995.319269 31.7190 64.2030  184  182.6410 18.7756 4.8681 36.6196 216.4430 -9.9900 0.0430   -9.9900
20079001 1995.319269 31.7190 64.2030  186  184.6254 18.7751 4.8682 36.6199 216.5060 -9.9900 0.0450   -9.9900
20079001 1995.319269 31.7190 64.2030  188  186.6097 18.7743 4.8684 36.6214 216.5310 -9.9900 0.0460   -9.9900
20079001 1995.319269 31.7190 64.2030  190  188.5940 18.7712 4.8681 36.6213 216.5300 -9.9900 0.0450   -9.9900
20079001 1995.319269 31.7190 64.2030  192  190.5783 18.7684 4.8680 36.6217 216.4770 -9.9900 0.0430   -9.9900
20079001 1995.319269 31.7190 64.2030  194  192.5625 18.7675 4.8680 36.6219 216.4540 -9.9900 0.0410   -9.9900
20079001 1995.319269 31.7190 64.2030  196  194.5467 18.7654 4.8678 36.6218 216.5400 -9.9900 0.0400   -9.9900
20079001 1995.319269 31.7190 64.2030  198  196.5310 18.7647 4.8678 36.6216 216.4710 -9.9900 0.0400   -9.9900
20079001 1995.319269 31.7190 64.2030  200  198.5152 18.7611 4.8675 36.6210 216.3860 -9.9900 0.0420   -9.9900
20079001 1995.319269 31.7190 64.2030  202  200.4994 18.7602 4.8674 36.6208 216.2220 -9.9900 0.0430   -9.9900
20079001 1995.319269 31.7190 64.2030  204  202.4835 18.7557 4.8670 36.6202 215.9200 -9.9900 0.0450   -9.9900
20079001 1995.319269 31.7190 64.2030  206  204.4677 18.7534 4.8668 36.6196 215.6010 -9.9900 0.0450   -9.9900
20079001 1995.319269 31.7190 64.2030  208  206.4518 18.7483 4.8662 36.6185 215.2550 -9.9900 0.0460   -9.9900
20079001 1995.319269 31.7190 64.2030  210  208.4359 18.7287 4.8637 36.6143 214.6100 -9.9900 0.0460   -9.9900
20079001 1995.319269 31.7190 64.2030  212  210.4200 18.7063 4.8609 36.6099 213.0420 -9.9900 0.0440   -9.9900
20079001 1995.319269 31.7190 64.2030  214  212.4040 18.6985 4.8600 36.6081 211.4770 -9.9900 0.0440   -9.9900
20079001 1995.319269 31.7190 64.2030  216  214.3881 18.6953 4.8597 36.6077 209.4880 -9.9900 0.0450   -9.9900
20079001 1995.319269 31.7190 64.2030  218  216.3721 18.6916 4.8593 36.6070 208.3800 -9.9900 0.0470   -9.9900
20079001 1995.319269 31.7190 64.2030  220  218.3561 18.6869 4.8588 36.6058 207.7380 -9.9900 0.0460   -9.9900
20079001 1995.319269 31.7190 64.2030  222  220.3401 18.6665 4.8563 36.6018 207.9430 -9.9900 0.0490   -9.9900
20079001 1995.319269 31.7190 64.2030  224  222.3241 18.6458 4.8538 36.5981 208.0290 -9.9900 0.0470   -9.9900
20079001 1995.319269 31.7190 64.2030  226  224.3080 18.6326 4.8522 36.5959 207.9200 -9.9900 0.0440   -9.9900
20079001 1995.319269 31.7190 64.2030  228  226.2920 18.6204 4.8507 36.5934 208.0580 -9.9900 0.0430   -9.9900
20079001 1995.319269 31.7190 64.2030  230  228.2759 18.6175 4.8505 36.5930 208.0400 -9.9900 0.0450   -9.9900
20079001 1995.319269 31.7190 64.2030  232  230.2598 18.5899 4.8470 36.5874 206.4800 -9.9900 0.0450   -9.9900
20079001 1995.319269 31.7190 64.2030  234  232.2437 18.5591 4.8432 36.5814 205.4060 -9.9900 0.0470   -9.9900
20079001 1995.319269 31.7190 64.2030  236  234.2275 18.5339 4.8402 36.5779 204.7220 -9.9900 0.0470   -9.9900
20079001 1995.319269 31.7190 64.2030  238  236.2113 18.5221 4.8389 36.5768 204.3480 -9.9900 0.0460   -9.9900
20079001 1995.319269 31.7190 64.2030  240  238.1952 18.5150 4.8382 36.5765 204.0470 -9.9900 0.0450   -9.9900
20079001 1995.319269 31.7190 64.2030  242  240.1790 18.5073 4.8375 36.5764 203.6520 -9.9900 0.0430   -9.9900
20079001 1995.319269 31.7190 64.2030  244  242.1627 18.4962 4.8364 36.5761 203.0270 -9.9900 0.0410   -9.9900
20079001 1995.319269 31.7190 64.2030  246  244.1465 18.4805 4.8348 36.5759 201.6960 -9.9900 0.0390   -9.9900
20079001 1995.319269 31.7190 64.2030  248  246.1302 18.4653 4.8334 36.5761 200.5750 -9.9900 0.0400   -9.9900
20079001 1995.319269 31.7190 64.2030  250  248.1140 18.4460 4.8313 36.5747 200.1980 -9.9900 0.0390   -9.9900
20079001 1995.319269 31.7190 64.2030  252  250.0977 18.4367 4.8301 36.5725 200.8350 -9.9900 0.0390   -9.9900
20079001 1995.319269 31.7190 64.2030  254  252.0813 18.4147 4.8275 36.5691 201.3420 -9.9900 0.0400   -9.9900
20079001 1995.319269 31.7190 64.2030  256  254.0650 18.4052 4.8265 36.5685 201.4050 -9.9900 0.0390   -9.9900
20079001 1995.319269 31.7190 64.2030  258  256.0487 18.4025 4.8264 36.5692 201.1300 -9.9900 0.0370   -9.9900
20079001 1995.319269 31.7190 64.2030  260  258.0323 18.3981 4.8261 36.5697 201.2360 -9.9900 0.0370   -9.9900
20079001 1995.319269 31.7190 64.2030  262  260.0159 18.3818 4.8242 36.5667 201.9950 -9.9900 0.0400   -9.9900
20079001 1995.319269 31.7190 64.2030  264  261.9995 18.3646 4.8221 36.5638 202.5560 -9.9900 0.0410   -9.9900
20079001 1995.319269 31.7190 64.2030  266  263.9830 18.3516 4.8206 36.5620 202.7130 -9.9900 0.0410   -9.9900
20079001 1995.319269 31.7190 64.2030  268  265.9666 18.3504 4.8206 36.5621 202.3480 -9.9900 0.0410   -9.9900
20079001 1995.319269 31.7190 64.2030  270  267.9501 18.3482 4.8205 36.5625 201.9150 -9.9900 0.0410   -9.9900
20079001 1995.319269 31.7190 64.2030  272  269.9336 18.3378 4.8195 36.5622 201.6980 -9.9900 0.0400   -9.9900
20079001 1995.319269 31.7190 64.2030  274  271.9171 18.3245 4.8180 36.5608 202.1370 -9.9900 0.0370   -9.9900
20079001 1995.319269 31.7190 64.2030  276  273.9006 18.3140 4.8168 36.5587 202.8190 -9.9900 0.0380   -9.9900
20079001 1995.319269 31.7190 64.2030  278  275.8841 18.2998 4.8151 36.5562 203.0520 -9.9900 0.0370   -9.9900
20079001 1995.319269 31.7190 64.2030  280  277.8675 18.2894 4.8139 36.5545 203.4830 -9.9900 0.0400   -9.9900
20079001 1995.319269 31.7190 64.2030  282  279.8509 18.2811 4.8130 36.5535 203.6160 -9.9900 0.0410   -9.9900
20079001 1995.319269 31.7190 64.2030  284  281.8343 18.2726 4.8120 36.5519 203.3660 -9.9900 0.0410   -9.9900
20079001 1995.319269 31.7190 64.2030  286  283.8177 18.2671 4.8114 36.5509 203.0100 -9.9900 0.0430   -9.9900
20079001 1995.319269 31.7190 64.2030  288  285.8010 18.2571 4.8103 36.5495 202.9930 -9.9900 0.0430   -9.9900
20079001 1995.319269 31.7190 64.2030  290  287.7844 18.2505 4.8096 36.5488 203.0240 -9.9900 0.0440   -9.9900
20079001 1995.319269 31.7190 64.2030  292  289.7677 18.2442 4.8089 36.5480 202.8400 -9.9900 0.0450   -9.9900
20079001 1995.319269 31.7190 64.2030  294  291.7510 18.2327 4.8078 36.5475 202.9770 -9.9900 0.0410   -9.9900
20079001 1995.319269 31.7190 64.2030  296  293.7343 18.2221 4.8067 36.5467 202.6360 -9.9900 0.0400   -9.9900
20079001 1995.319269 31.7190 64.2030  298  295.7175 18.2230 4.8068 36.5465 202.4160 -9.9900 0.0390   -9.9900
20079001 1995.319269 31.7190 64.2030  300  297.7008 18.2172 4.8063 36.5463 201.4020 -9.9900 0.0390   -9.9900
20079001 1995.319269 31.7190 64.2030  302  299.6840 18.2117 4.8058 36.5460 200.8570 -9.9900 0.0420   -9.9900
20079001 1995.319269 31.7190 64.2030  304  301.6672 18.2105 4.8057 36.5458 200.7360 -9.9900 0.0430   -9.9900
20079001 1995.319269 31.7190 64.2030  306  303.6504 18.2087 4.8056 36.5456 200.4970 -9.9900 0.0420   -9.9900
20079001 1995.319269 31.7190 64.2030  308  305.6336 18.2041 4.8051 36.5445 200.7590 -9.9900 0.0410   -9.9900
20079001 1995.319269 31.7190 64.2030  310  307.6167 18.1961 4.8042 36.5431 201.0710 -9.9900 0.0430   -9.9900
20079001 1995.319269 31.7190 64.2030  312  309.5998 18.1817 4.8025 36.5410 201.2850 -9.9900 0.0430   -9.9900
20079001 1995.319269 31.7190 64.2030  314  311.5830 18.1599 4.7999 36.5378 201.5820 -9.9900 0.0420   -9.9900
20079001 1995.319269 31.7190 64.2030  316  313.5660 18.1450 4.7983 36.5359 201.4130 -9.9900 0.0410   -9.9900
20079001 1995.319269 31.7190 64.2030  318  315.5491 18.1315 4.7967 36.5342 201.2710 -9.9900 0.0420   -9.9900
20079001 1995.319269 31.7190 64.2030  320  317.5322 18.1235 4.7959 36.5332 201.0900 -9.9900 0.0410   -9.9900
20079001 1995.319269 31.7190 64.2030  322  319.5152 18.1227 4.7959 36.5331 201.0660 -9.9900 0.0410   -9.9900
20079001 1995.319269 31.7190 64.2030  324  321.4982 18.1220 4.7959 36.5331 201.0610 -9.9900 0.0390   -9.9900
20079001 1995.319269 31.7190 64.2030  326  323.4812 18.1211 4.7959 36.5329 200.9920 -9.9900 0.0370   -9.9900
20079001 1995.319269 31.7190 64.2030  328  325.4642 18.1198 4.7958 36.5327 201.0270 -9.9900 0.0350   -9.9900
20079001 1995.319269 31.7190 64.2030  330  327.4471 18.1118 4.7949 36.5316 200.9150 -9.9900 0.0360   -9.9900
20079001 1995.319269 31.7190 64.2030  332  329.4301 18.1039 4.7941 36.5306 200.7130 -9.9900 0.0360   -9.9900
20079001 1995.319269 31.7190 64.2030  334  331.4130 18.0916 4.7927 36.5289 200.7470 -9.9900 0.0350   -9.9900
20079001 1995.319269 31.7190 64.2030  336  333.3959 18.0813 4.7915 36.5274 200.7670 -9.9900 0.0380   -9.9900
20079001 1995.319269 31.7190 64.2030  338  335.3788 18.0583 4.7888 36.5242 200.5010 -9.9900 0.0400   -9.9900
20079001 1995.319269 31.7190 64.2030  340  337.3616 18.0427 4.7871 36.5221 200.1850 -9.9900 0.0380   -9.9900
20079001 1995.319269 31.7190 64.2030  342  339.3445 18.0264 4.7852 36.5195 200.1860 -9.9900 0.0370   -9.9900
20079001 1995.319269 31.7190 64.2030  344  341.3273 18.0153 4.7839 36.5177 200.3550 -9.9900 0.0370   -9.9900
20079001 1995.319269 31.7190 64.2030  346  343.3101 18.0105 4.7834 36.5171 200.0350 -9.9900 0.0370   -9.9900
20079001 1995.319269 31.7190 64.2030  348  345.2929 18.0066 4.7830 36.5166 200.1360 -9.9900 0.0370   -9.9900
20079001 1995.319269 31.7190 64.2030  350  347.2757 18.0003 4.7823 36.5155 200.0020 -9.9900 0.0370   -9.9900
20079001 1995.319269 31.7190 64.2030  352  349.2584 17.9855 4.7806 36.5132 199.8590 -9.9900 0.0380   -9.9900
20079001 1995.319269 31.7190 64.2030  354  351.2411 17.9753 4.7795 36.5116 199.6730 -9.9900 0.0390   -9.9900
20079001 1995.319269 31.7190 64.2030  356  353.2239 17.9707 4.7790 36.5109 199.7290 -9.9900 0.0390   -9.9900
20079001 1995.319269 31.7190 64.2030  358  355.2065 17.9671 4.7786 36.5103 199.4600 -9.9900 0.0390   -9.9900
20079001 1995.319269 31.7190 64.2030  360  357.1892 17.9627 4.7782 36.5096 199.2160 -9.9900 0.0390   -9.9900
20079001 1995.319269 31.7190 64.2030  362  359.1719 17.9555 4.7774 36.5085 199.2030 -9.9900 0.0380   -9.9900
20079001 1995.319269 31.7190 64.2030  364  361.1545 17.9515 4.7770 36.5077 199.1800 -9.9900 0.0360   -9.9900
20079001 1995.319269 31.7190 64.2030  366  363.1371 17.9476 4.7766 36.5072 198.8340 -9.9900 0.0360   -9.9900
20079001 1995.319269 31.7190 64.2030  368  365.1197 17.9382 4.7755 36.5057 198.6440 -9.9900 0.0360   -9.9900
20079001 1995.319269 31.7190 64.2030  370  367.1023 17.9252 4.7740 36.5034 198.6150 -9.9900 0.0350   -9.9900
20079001 1995.319269 31.7190 64.2030  372  369.0848 17.9152 4.7728 36.5016 198.3520 -9.9900 0.0350   -9.9900
20079001 1995.319269 31.7190 64.2030  374  371.0674 17.9013 4.7712 36.4992 198.1530 -9.9900 0.0370   -9.9900
20079001 1995.319269 31.7190 64.2030  376  373.0499 17.8816 4.7689 36.4960 198.3400 -9.9900 0.0390   -9.9900
20079001 1995.319269 31.7190 64.2030  378  375.0324 17.8616 4.7665 36.4926 198.1170 -9.9900 0.0400   -9.9900
20079001 1995.319269 31.7190 64.2030  380  377.0149 17.8533 4.7656 36.4912 197.9410 -9.9900 0.0400   -9.9900
20079001 1995.319269 31.7190 64.2030  382  378.9973 17.8357 4.7635 36.4883 197.7690 -9.9900 0.0410   -9.9900
20079001 1995.319269 31.7190 64.2030  384  380.9798 17.8146 4.7610 36.4847 197.4460 -9.9900 0.0400   -9.9900
20079001 1995.319269 31.7190 64.2030  386  382.9622 17.7954 4.7587 36.4813 197.0600 -9.9900 0.0370   -9.9900
20079001 1995.319269 31.7190 64.2030  388  384.9446 17.7890 4.7580 36.4802 197.0720 -9.9900 0.0370   -9.9900
20079001 1995.319269 31.7190 64.2030  390  386.9270 17.7775 4.7566 36.4781 196.8830 -9.9900 0.0380   -9.9900
20079001 1995.319269 31.7190 64.2030  392  388.9094 17.7682 4.7555 36.4764 196.5070 -9.9900 0.0380   -9.9900
20079001 1995.319269 31.7190 64.2030  394  390.8917 17.7598 4.7546 36.4749 196.4100 -9.9900 0.0410   -9.9900
20079001 1995.319269 31.7190 64.2030  396  392.8740 17.7524 4.7537 36.4736 196.3560 -9.9900 0.0420   -9.9900
20079001 1995.319269 31.7190 64.2030  398  394.8563 17.7465 4.7531 36.4724 196.1580 -9.9900 0.0400   -9.9900
20079001 1995.319269 31.7190 64.2030  400  396.8386 17.7445 4.7529 36.4722 196.2070 -9.9900 0.0400   -9.9900
20079001 1995.319269 31.7190 64.2030  402  398.8209 17.7237 4.7505 36.4689 196.0590 -9.9900 0.0400   -9.9900
20079001 1995.319269 31.7190 64.2030  404  400.8031 17.7000 4.7477 36.4650 195.8400 -9.9900 0.0390   -9.9900
20079001 1995.319269 31.7190 64.2030  406  402.7854 17.6846 4.7458 36.4623 195.4900 -9.9900 0.0390   -9.9900
20079001 1995.319269 31.7190 64.2030  408  404.7676 17.6771 4.7450 36.4608 195.2930 -9.9900 0.0380   -9.9900
20079001 1995.319269 31.7190 64.2030  410  406.7498 17.6687 4.7440 36.4593 195.0900 -9.9900 0.0380   -9.9900
20079001 1995.319269 31.7190 64.2030  412  408.7320 17.6446 4.7411 36.4550 194.9160 -9.9900 0.0390   -9.9900
20079001 1995.319269 31.7190 64.2030  414  410.7141 17.6092 4.7368 36.4487 194.6870 -9.9900 0.0390   -9.9900
20079001 1995.319269 31.7190 64.2030  416  412.6963 17.5790 4.7332 36.4436 194.2980 -9.9900 0.0420   -9.9900
20079001 1995.319269 31.7190 64.2030  418  414.6784 17.5458 4.7291 36.4375 193.9930 -9.9900 0.0440   -9.9900
20079001 1995.319269 31.7190 64.2030  420  416.6605 17.5359 4.7280 36.4357 193.8990 -9.9900 0.0440   -9.9900
20079001 1995.319269 31.7190 64.2030  422  418.6425 17.5250 4.7267 36.4339 193.6880 -9.9900 0.0450   -9.9900
20079001 1995.319269 31.7190 64.2030  424  420.6246 17.5095 4.7249 36.4313 193.5520 -9.9900 0.0450   -9.9900
20079001 1995.319269 31.7190 64.2030  426  422.6067 17.4964 4.7234 36.4290 193.1790 -9.9900 0.0440   -9.9900
20079001 1995.319269 31.7190 64.2030  428  424.5887 17.4805 4.7215 36.4260 192.9990 -9.9900 0.0440   -9.9900
20079001 1995.319269 31.7190 64.2030  430  426.5707 17.4532 4.7182 36.4212 192.7070 -9.9900 0.0440   -9.9900
20079001 1995.319269 31.7190 64.2030  432  428.5527 17.4386 4.7165 36.4185 192.3680 -9.9900 0.0440   -9.9900
20079001 1995.319269 31.7190 64.2030  434  430.5346 17.3979 4.7115 36.4113 192.0360 -9.9900 0.0420   -9.9900
20079001 1995.319269 31.7190 64.2030  436  432.5166 17.3648 4.7075 36.4053 191.9900 -9.9900 0.0430   -9.9900
20079001 1995.319269 31.7190 64.2030  438  434.4985 17.3566 4.7066 36.4038 191.8730 -9.9900 0.0430   -9.9900
20079001 1995.319269 31.7190 64.2030  440  436.4804 17.3484 4.7056 36.4024 191.4920 -9.9900 0.0410   -9.9900
20079001 1995.319269 31.7190 64.2030  442  438.4623 17.3384 4.7045 36.4007 191.0990 -9.9900 0.0390   -9.9900
20079001 1995.319269 31.7190 64.2030  444  440.4442 17.3240 4.7028 36.3982 190.8510 -9.9900 0.0420   -9.9900
20079001 1995.319269 31.7190 64.2030  446  442.4260 17.2883 4.6985 36.3921 190.6430 -9.9900 0.0440   -9.9900
20079001 1995.319269 31.7190 64.2030  448  444.4079 17.2532 4.6943 36.3861 190.5170 -9.9900 0.0420   -9.9900
20079001 1995.319269 31.7190 64.2030  450  446.3897 17.2405 4.6928 36.3839 190.5480 -9.9900 0.0420   -9.9900
20079001 1995.319269 31.7190 64.2030  452  448.3715 17.2254 4.6910 36.3812 190.2530 -9.9900 0.0420   -9.9900
20079001 1995.319269 31.7190 64.2030  454  450.3532 17.2119 4.6895 36.3788 189.8610 -9.9900 0.0410   -9.9900
20079001 1995.319269 31.7190 64.2030  456  452.3350 17.2033 4.6885 36.3774 189.6870 -9.9900 0.0430   -9.9900
20079001 1995.319269 31.7190 64.2030  458  454.3167 17.1859 4.6864 36.3744 189.3790 -9.9900 0.0460   -9.9900
20079001 1995.319269 31.7190 64.2030  460  456.2984 17.1730 4.6849 36.3720 189.1200 -9.9900 0.0490   -9.9900
20079001 1995.319269 31.7190 64.2030  462  458.2801 17.1642 4.6839 36.3706 189.1750 -9.9900 0.0460   -9.9900
20079001 1995.319269 31.7190 64.2030  464  460.2618 17.1429 4.6814 36.3667 189.1030 -9.9900 0.0460   -9.9900
20079001 1995.319269 31.7190 64.2030  466  462.2435 17.1071 4.6771 36.3605 188.9490 -9.9900 0.0490   -9.9900
20079001 1995.319269 31.7190 64.2030  468  464.2251 17.0624 4.6717 36.3530 188.6620 -9.9900 0.0500   -9.9900
20079001 1995.319269 31.7190 64.2030  470  466.2068 17.0497 4.6702 36.3503 188.1000 -9.9900 0.0470   -9.9900
20079001 1995.319269 31.7190 64.2030  472  468.1884 17.0096 4.6654 36.3437 187.8840 -9.9900 0.0470   -9.9900
20079001 1995.319269 31.7190 64.2030  474  470.1699 16.9891 4.6629 36.3401 187.7450 -9.9900 0.0480   -9.9900
20079001 1995.319269 31.7190 64.2030  476  472.1515 16.9632 4.6599 36.3356 187.2690 -9.9900 0.0490   -9.9900
20079001 1995.319269 31.7190 64.2030  478  474.1331 16.9342 4.6564 36.3304 186.9560 -9.9900 0.0460   -9.9900
20079001 1995.319269 31.7190 64.2030  480  476.1146 16.8986 4.6521 36.3244 186.6820 -9.9900 0.0440   -9.9900
20079001 1995.319269 31.7190 64.2030  482  478.0961 16.8478 4.6460 36.3157 185.8770 -9.9900 0.0420   -9.9900
20079001 1995.319269 31.7190 64.2030  484  480.0776 16.8026 4.6406 36.3083 185.7090 -9.9900 0.0420   -9.9900
20079001 1995.319269 31.7190 64.2030  486  482.0591 16.7585 4.6353 36.3011 185.5710 -9.9900 0.0440   -9.9900
20079001 1995.319269 31.7190 64.2030  488  484.0405 16.7279 4.6317 36.2961 185.4730 -9.9900 0.0450   -9.9900
20079001 1995.319269 31.7190 64.2030  490  486.0219 16.7176 4.6306 36.2945 185.4840 -9.9900 0.0450   -9.9900
20079001 1995.319269 31.7190 64.2030  492  488.0034 16.6741 4.6254 36.2876 185.3360 -9.9900 0.0440   -9.9900
20079001 1995.319269 31.7190 64.2030  494  489.9848 16.6254 4.6196 36.2795 185.2030 -9.9900 0.0470   -9.9900
20079001 1995.319269 31.7190 64.2030  496  491.9661 16.6046 4.6171 36.2759 184.9940 -9.9900 0.0490   -9.9900
20079001 1995.319269 31.7190 64.2030  498  493.9475 16.5861 4.6150 36.2728 184.7180 -9.9900 0.0500   -9.9900
20079001 1995.319269 31.7190 64.2030  500  495.9288 16.5679 4.6129 36.2700 184.5360 -9.9900 0.0500   -9.9900
20079001 1995.319269 31.7190 64.2030  502  497.9101 16.5387 4.6095 36.2658 184.3170 -9.9900 0.0480   -9.9900
20079001 1995.319269 31.7190 64.2030  504  499.8914 16.5129 4.6065 36.2620 184.2530 -9.9900 0.0470   -9.9900
20079001 1995.319269 31.7190 64.2030  506  501.8727 16.4876 4.6035 36.2575 184.1930 -9.9900 0.0480   -9.9900
20079001 1995.319269 31.7190 64.2030  508  503.8540 16.4686 4.6012 36.2540 184.0300 -9.9900 0.0480   -9.9900
20079001 1995.319269 31.7190 64.2030  510  505.8352 16.4587 4.6001 36.2523 183.9760 -9.9900 0.0470   -9.9900
20079001 1995.319269 31.7190 64.2030  512  507.8165 16.4408 4.5980 36.2492 183.7290 -9.9900 0.0460   -9.9900
20079001 1995.319269 31.7190 64.2030  514  509.7977 16.4216 4.5958 36.2457 183.4830 -9.9900 0.0470   -9.9900
20079002 1995.319697 31.7460 64.1940    6    5.9582 20.7656 5.0944 36.8177 222.7410 -9.9900 0.0850   -9.9900
20079002 1995.319697 31.7460 64.1940    8    7.9443 20.7105 5.0883 36.8151 222.8550 -9.9900 0.0840   -9.9900
20079002 1995.319697 31.7460 64.1940   10    9.9303 20.6532 5.0819 36.8120 223.1980 -9.9900 0.0890   -9.9900
20079002 1995.319697 31.7460 64.1940   12   11.9163 20.6118 5.0773 36.8101 223.4000 -9.9900 0.0920   -9.9900
20079002 1995.319697 31.7460 64.1940   14   13.9023 20.5893 5.0749 36.8090 223.5690 -9.9900 0.0950   -9.9900
20079002 1995.319697 31.7460 64.1940   16   15.8883 20.5675 5.0725 36.8080 223.6000 -9.9900 0.0970   -9.9900
20079002 1995.319697 31.7460 64.1940   18   17.8742 20.5639 5.0722 36.8075 223.3060 -9.9900 0.0910   -9.9900
20079002 1995.319697 31.7460 64.1940   20   19.8601 20.5583 5.0716 36.8071 223.6050 -9.9900 0.0950   -9.9900
20079002 1995.319697 31.7460 64.1940   22   21.8460 20.5514 5.0710 36.8068 223.8140 -9.9900 0.0970   -9.9900
20079002 1995.319697 31.7460 64.1940   24   23.8319 20.5466 5.0705 36.8065 223.8810 -9.9900 0.0970   -9.9900
20079002 1995.319697 31.7460 64.1940   26   25.8178 20.5383 5.0696 36.8057 223.8220 -9.9900 0.1000   -9.9900
20079002 1995.319697 31.7460 64.1940   28   27.8036 20.5305 5.0688 36.8048 223.7320 -9.9900 0.0990   -9.9900
20079002 1995.319697 31.7460 64.1940   30   29.7895 20.5262 5.0684 36.8049 223.7810 -9.9900 0.1040   -9.9900
20079002 1995.319697 31.7460 64.1940   32   31.7753 20.5217 5.0679 36.8043 223.4810 -9.9900 0.1090   -9.9900
20079002 1995.319697 31.7460 64.1940   34   33.7611 20.5209 5.0681 36.8053 224.0580 -9.9900 0.1160   -9.9900
20079002 1995.319697 31.7460 64.1940   36   35.7469 20.5112 5.0670 36.8045 223.9350 -9.9900 0.1180   -9.9900
20079002 1995.319697 31.7460 64.1940   38   37.7326 20.4666 5.0617 36.7990 223.8690 -9.9900 0.1250   -9.9900
20079002 1995.319697 31.7460 64.1940   40   39.7183 20.3729 5.0504 36.7872 224.3390 -9.9900 0.1320   -9.9900
20079002 1995.319697 31.7460 64.1940   42   41.7041 20.2291 5.0337 36.7749 224.9990 -9.9900 0.1430   -9.9900
20079002 1995.319697 31.7460 64.1940   44   43.6897 20.0423 5.0127 36.7642 225.6950 -9.9900 0.1590   -9.9900
20079002 1995.319697 31.7460 64.1940   46   45.6754 19.9538 5.0031 36.7622 225.9470 -9.9900 0.1730   -9.9900
20079002 1995.319697 31.7460 64.1940   48   47.6611 19.8896 4.9958 36.7570 226.0030 -9.9900 0.1940   -9.9900
20079002 1995.319697 31.7460 64.1940   50   49.6467 19.8110 4.9861 36.7448 226.1390 -9.9900 0.2120   -9.9900
20079002 1995.319697 31.7460 64.1940   52   51.6323 19.7274 4.9757 36.7313 226.4040 -9.9900 0.2310   -9.9900
20079002 1995.319697 31.7460 64.1940   54   53.6179 19.6212 4.9625 36.7143 226.5850 -9.9900 0.2600   -9.9900
20079002 1995.319697 31.7460 64.1940   56   55.6035 19.5426 4.9529 36.7022 226.6760 -9.9900 0.3010   -9.9900
20079002 1995.319697 31.7460 64.1940   58   57.5891 19.4673 4.9438 36.6925 226.5120 -9.9900 0.3650   -9.9900
20079002 1995.319697 31.7460 64.1940   60   59.5746 19.4487 4.9421 36.6934 226.7490 -9.9900 0.3900   -9.9900
20079002 1995.319697 31.7460 64.1940   62   61.5601 19.4104 4.9380 36.6924 227.3650 -9.9900 0.4260   -9.9900
20079002 1995.319697 31.7460 64.1940   64   63.5456 19.3836 4.9350 36.6905 227.8980 -9.9900 0.4440   -9.9900
20079002 1995.319697 31.7460 64.1940   66   65.5311 19.3173 4.9272 36.6828 228.8650 -9.9900 0.4690   -9.9900
20079002 1995.319697 31.7460 64.1940   68   67.5166 19.2623 4.9205 36.6745 229.4420 -9.9900 0.5040   -9.9900
20079002 1995.319697 31.7460 64.1940   70   69.5020 19.1954 4.9125 36.6655 229.9980 -9.9900 0.5270   -9.9900
20079002 1995.319697 31.7460 64.1940   72   71.4875 19.1746 4.9104 36.6654 230.0220 -9.9900 0.5500   -9.9900
20079002 1995.319697 31.7460 64.1940   74   73.4729 19.1418 4.9070 36.6654 230.1030 -9.9900 0.5580   -9.9900
20079002 1995.319697 31.7460 64.1940   76   75.4583 19.1257 4.9054 36.6650 230.0130 -9.9900 0.5810   -9.9900
20079002 1995.319697 31.7460 64.1940   78   77.4436 19.1004 4.9027 36.6641 229.8530 -9.9900 0.6240   -9.9900
20079002 1995.319697 31.7460 64.1940   80   79.4290 19.0857 4.9009 36.6614 229.4990 -9.9900 0.6180   -9.9900
20079002 1995.319697 31.7460 64.1940   82   81.4143 19.0721 4.8996 36.6613 229.2360 -9.9900 0.6360   -9.9900
20079002 1995.319697 31.7460 64.1940   84   83.3996 19.0648 4.8990 36.6619 228.8410 -9.9900 0.6570   -9.9900
20079002 1995.319697 31.7460 64.1940   86   85.3849 19.0612 4.8988 36.6627 228.4410 -9.9900 0.6710   -9.9900
20079002 1995.319697 31.7460 64.1940   88   87.3702 19.0575 4.8986 36.6638 228.0140 -9.9900 0.6700   -9.9900
20079002 1995.319697 31.7460 64.1940   90   89.3554 19.0533 4.8983 36.6645 227.5310 -9.9900 0.7120   -9.9900
20079002 1995.319697 31.7460 64.1940   92   91.3407 19.0528 4.8984 36.6646 227.3380 -9.9900 0.7430   -9.9900
20079002 1995.319697 31.7460 64.1940   94   93.3259 19.0490 4.8981 36.6648 226.7520 -9.9900 0.7880   -9.9900
20079002 1995.319697 31.7460 64.1940   96   95.3111 19.0402 4.8972 36.6638 226.5730 -9.9900 0.7550   -9.9900
20079002 1995.319697 31.7460 64.1940   98   97.2962 19.0348 4.8966 36.6631 226.2870 -9.9900 0.6910   -9.9900
20079002 1995.319697 31.7460 64.1940  100   99.2814 19.0328 4.8965 36.6630 226.0100 -9.9900 0.5680   -9.9900
20079002 1995.319697 31.7460 64.1940  102  101.2665 19.0325 4.8965 36.6629 225.9420 -9.9900 0.5080   -9.9900
20079002 1995.319697 31.7460 64.1940  104  103.2517 19.0322 4.8966 36.6628 225.9930 -9.9900 0.5020   -9.9900
20079002 1995.319697 31.7460 64.1940  106  105.2368 19.0297 4.8963 36.6624 225.8770 -9.9900 0.5810   -9.9900
20079002 1995.319697 31.7460 64.1940  108  107.2218 19.0256 4.8959 36.6617 225.7000 -9.9900 0.6670   -9.9900
20079002 1995.319697 31.7460 64.1940  110  109.2069 19.0233 4.8958 36.6616 225.5580 -9.9900 0.5960   -9.9900
20079002 1995.319697 31.7460 64.1940  112  111.1919 19.0232 4.8959 36.6621 225.2920 -9.9900 0.5040   -9.9900
20079002 1995.319697 31.7460 64.1940  114  113.1770 19.0236 4.8961 36.6624 225.0990 -9.9900 0.4520   -9.9900
20079002 1995.319697 31.7460 64.1940  116  115.1620 19.0237 4.8962 36.6624 224.8980 -9.9900 0.4320   -9.9900
20079002 1995.319697 31.7460 64.1940  118  117.1469 19.0238 4.8963 36.6624 224.7020 -9.9900 0.4140   -9.9900
20079002 1995.319697 31.7460 64.1940  120  119.1319 19.0240 4.8964 36.6624 224.5290 -9.9900 0.3950   -9.9900
20079002 1995.319697 31.7460 64.1940  122  121.1169 19.0246 4.8966 36.6629 224.2280 -9.9900 0.3610   -9.9900
20079002 1995.319697 31.7460 64.1940  124  123.1018 19.0232 4.8965 36.6628 224.1060 -9.9900 0.3400   -9.9900
20079002 1995.319697 31.7460 64.1940  126  125.0867 19.0213 4.8964 36.6627 223.9860 -9.9900 0.3160   -9.9900
20079002 1995.319697 31.7460 64.1940  128  127.0716 19.0175 4.8960 36.6619 223.8300 -9.9900 0.2920   -9.9900
20079002 1995.319697 31.7460 64.1940  130  129.0564 19.0080 4.8948 36.6596 223.3660 -9.9900 0.2630   -9.9900
20079002 1995.319697 31.7460 64.1940  132  131.0413 19.0034 4.8942 36.6581 223.1100 -9.9900 0.2600   -9.9900
20079002 1995.319697 31.7460 64.1940  134  133.0261 18.9907 4.8926 36.6549 222.3660 -9.9900 0.2320   -9.9900
20079002 1995.319697 31.7460 64.1940  136  135.0109 18.9852 4.8920 36.6538 222.2460 -9.9900 0.2310   -9.9900
20079002 1995.319697 31.7460 64.1940  138  136.9957 18.9746 4.8907 36.6516 221.8190 -9.9900 0.2080   -9.9900
20079002 1995.319697 31.7460 64.1940  140  138.9805 18.9547 4.8882 36.6477 221.4150 -9.9900 0.1890   -9.9900
20079002 1995.319697 31.7460 64.1940  142  140.9652 18.9431 4.8868 36.6452 221.1580 -9.9900 0.1870   -9.9900
20079002 1995.319697 31.7460 64.1940  144  142.9500 18.9330 4.8856 36.6435 220.8260 -9.9900 0.1780   -9.9900
20079002 1995.319697 31.7460 64.1940  146  144.9347 18.9214 4.8843 36.6418 220.5430 -9.9900 0.1610   -9.9900
20079002 1995.319697 31.7460 64.1940  148  146.9194 18.9088 4.8827 36.6386 220.3190 -9.9900 0.1580   -9.9900
20079002 1995.319697 31.7460 64.1940  150  148.9041 18.9018 4.8819 36.6369 219.9580 -9.9900 0.1640   -9.9900
20079002 1995.319697 31.7460 64.1940  152  150.8887 18.8969 4.8814 36.6362 219.9550 -9.9900 0.1660   -9.9900
20079002 1995.319697 31.7460 64.1940  154  152.8734 18.8937 4.8810 36.6357 219.8910 -9.9900 0.1600   -9.9900
20079002 1995.319697 31.7460 64.1940  156  154.8580 18.8915 4.8809 36.6353 219.7950 -9.9900 0.1500   -9.9900
20079002 1995.319697 31.7460 64.1940  158  156.8426 18.8912 4.8809 36.6355 219.7880 -9.9900 0.1430   -9.9900
20079002 1995.319697 31.7460 64.1940  160  158.8272 18.8898 4.8809 36.6360 219.7440 -9.9900 0.1400   -9.9900
20079002 1995.319697 31.7460 64.1940  162  160.8117 18.8835 4.8802 36.6343 219.5880 -9.9900 0.1350   -9.9900
20079002 1995.319697 31.7460 64.1940  164  162.7963 18.8726 4.8788 36.6318 219.5330 -9.9900 0.1260   -9.9900
20079002 1995.319697 31.7460 64.1940  166  164.7808 18.8619 4.8775 36.6295 219.2840 -9.9900 0.1210   -9.9900
20079002 1995.319697 31.7460 64.1940  168  166.7653 18.8551 4.8767 36.6279 219.0540 -9.9900 0.1150   -9.9900
20079002 1995.319697 31.7460 64.1940  170  168.7498 18.8525 4.8764 36.6273 219.0070 -9.9900 0.1070   -9.9900
20079002 1995.319697 31.7460 64.1940  172  170.7342 18.8534 4.8767 36.6279 218.9090 -9.9900 0.1050   -9.9900
20079002 1995.319697 31.7460 64.1940  174  172.7187 18.8520 4.8766 36.6278 218.8130 -9.9900 0.1080   -9.9900
20079002 1995.319697 31.7460 64.1940  176  174.7031 18.8463 4.8760 36.6266 218.7490 -9.9900 0.1090   -9.9900
20079002 1995.319697 31.7460 64.1940  178  176.6875 18.8422 4.8755 36.6257 218.6910 -9.9900 0.1080   -9.9900
20079002 1995.319697 31.7460 64.1940  180  178.6719 18.8373 4.8750 36.6248 218.5340 -9.9900 0.1030   -9.9900
20079002 1995.319697 31.7460 64.1940  182  180.6563 18.8326 4.8745 36.6240 218.4220 -9.9900 0.0950   -9.9900
20079002 1995.319697 31.7460 64.1940  184  182.6406 18.8195 4.8730 36.6219 217.7810 -9.9900 0.0850   -9.9900
20079002 1995.319697 31.7460 64.1940  186  184.6250 18.8135 4.8723 36.6211 217.4230 -9.9900 0.0750   -9.9900
20079002 1995.319697 31.7460 64.1940  188  186.6093 18.8124 4.8723 36.6209 217.4450 -9.9900 0.0700   -9.9900
20079002 1995.319697 31.7460 64.1940  190  188.5936 18.8115 4.8723 36.6207 217.4820 -9.9900 0.0650   -9.9900
20079002 1995.319697 31.7460 64.1940  192  190.5778 18.8099 4.8721 36.6202 217.3350 -9.9900 0.0630   -9.9900
20079002 1995.319697 31.7460 64.1940  194  192.5621 18.8076 4.8719 36.6198 217.0110 -9.9900 0.0650   -9.9900
20079002 1995.319697 31.7460 64.1940  196  194.5463 18.8021 4.8714 36.6193 217.0410 -9.9900 0.0620   -9.9900
20079002 1995.319697 31.7460 64.1940  198  196.5305 18.8042 4.8719 36.6207 217.1070 -9.9900 0.0610   -9.9900
20079002 1995.319697 31.7460 64.1940  200  198.5147 18.8069 4.8725 36.6228 217.0920 -9.9900 0.0590   -9.9900
20079002 1995.319697 31.7460 64.1940  202  200.4989 18.8095 4.8730 36.6245 217.1350 -9.9900 0.0580   -9.9900
20079002 1995.319697 31.7460 64.1940  204  202.4831 18.8088 4.8731 36.6251 217.0960 -9.9900 0.0580   -9.9900
20079002 1995.319697 31.7460 64.1940  206  204.4672 18.8072 4.8731 36.6253 217.1050 -9.9900 0.0570   -9.9900
20079002 1995.319697 31.7460 64.1940  208  206.4513 18.8052 4.8730 36.6256 216.8300 -9.9900 0.0550   -9.9900
20079002 1995.319697 31.7460 64.1940  210  208.4354 18.8045 4.8730 36.6258 216.7130 -9.9900 0.0520   -9.9900
20079002 1995.319697 31.7460 64.1940  212  210.4195 18.8040 4.8730 36.6256 216.7550 -9.9900 0.0490   -9.9900
20079002 1995.319697 31.7460 64.1940  214  212.4036 18.8018 4.8729 36.6255 216.7220 -9.9900 0.0450   -9.9900
20079002 1995.319697 31.7460 64.1940  216  214.3876 18.7991 4.8726 36.6250 216.6840 -9.9900 0.0450   -9.9900
20079002 1995.319697 31.7460 64.1940  218  216.3716 18.7939 4.8721 36.6245 216.4960 -9.9900 0.0460   -9.9900
20079002 1995.319697 31.7460 64.1940  220  218.3556 18.7853 4.8712 36.6238 216.2660 -9.9900 0.0420   -9.9900
20079002 1995.319697 31.7460 64.1940  222  220.3396 18.7768 4.8703 36.6230 216.2460 -9.9900 0.0430   -9.9900
20079002 1995.319697 31.7460 64.1940  224  222.3236 18.7740 4.8701 36.6225 216.0610 -9.9900 0.0430   -9.9900
20079002 1995.319697 31.7460 64.1940  226  224.3075 18.7718 4.8699 36.6221 215.8240 -9.9900 0.0400   -9.9900
20079002 1995.319697 31.7460 64.1940  228  226.2915 18.7703 4.8698 36.6219 215.3470 -9.9900 0.0430   -9.9900
20079002 1995.319697 31.7460 64.1940  230  228.2754 18.7547 4.8678 36.6185 213.2210 -9.9900 0.0440   -9.9900
20079002 1995.319697 31.7460 64.1940  232  230.2593 18.7419 4.8663 36.6156 211.2530 -9.9900 0.0480   -9.9900
20079002 1995.319697 31.7460 64.1940  234  232.2431 18.7300 4.8648 36.6128 208.4200 -9.9900 0.0500   -9.9900
20079002 1995.319697 31.7460 64.1940  236  234.2270 18.7102 4.8623 36.6091 206.2850 -9.9900 0.0500   -9.9900
20079002 1995.319697 31.7460 64.1940  238  236.2108 18.6790 4.8586 36.6042 205.1010 -9.9900 0.0510   -9.9900
20079002 1995.319697 31.7460 64.1940  240  238.1946 18.6547 4.8557 36.6006 204.2490 -9.9900 0.0520   -9.9900
20079002 1995.319697 31.7460 64.1940  242  240.1784 18.6374 4.8536 36.5974 204.0930 -9.9900 0.0520   -9.9900
20079002 1995.319697 31.7460 64.1940  244  242.1622 18.6050 4.8495 36.5910 204.1860 -9.9900 0.0520   -9.9900
20079002 1995.319697 31.7460 64.1940  246  244.1460 18.5700 4.8452 36.5844 204.6580 -9.9900 0.0520   -9.9900
20079002 1995.319697 31.7460 64.1940  248  246.1297 18.5571 4.8437 36.5825 204.7050 -9.9900 0.0500   -9.9900
20079002 1995.319697 31.7460 64.1940  250  248.1134 18.5533 4.8434 36.5822 204.5810 -9.9900 0.0490   -9.9900
20079002 1995.319697 31.7460 64.1940  252  250.0971 18.5515 4.8433 36.5822 204.2770 -9.9900 0.0480   -9.9900
20079002 1995.319697 31.7460 64.1940  254  252.0808 18.5512 4.8434 36.5827 203.7920 -9.9900 0.0480   -9.9900
20079002 1995.319697 31.7460 64.1940  256  254.0644 18.5388 4.8421 36.5818 203.2930 -9.9900 0.0470   -9.9900
20079002 1995.319697 31.7460 64.1940  258  256.0481 18.5204 4.8400 36.5795 203.2570 -9.9900 0.0450   -9.9900
20079002 1995.319697 31.7460 64.1940  260  258.0317 18.5060 4.8384 36.5778 203.5560 -9.9900 0.0450   -9.9900
20079002 1995.319697 31.7460 64.1940  262  260.0153 18.4994 4.8377 36.5772 203.8290 -9.9900 0.0420   -9.9900
20079002 1995.319697 31.7460 64.1940  264  261.9989 18.4941 4.8373 36.5776 203.5710 -9.9900 0.0420   -9.9900
20079002 1995.319697 31.7460 64.1940  266  263.9825 18.4885 4.8368 36.5779 203.3300 -9.9900 0.0430   -9.9900
20079002 1995.319697 31.7460 64.1940  268  265.9660 18.4809 4.8361 36.5778 203.0050 -9.9900 0.0440   -9.9900
20079002 1995.319697 31.7460 64.1940  270  267.9495 18.4756 4.8356 36.5773 202.7920 -9.9900 0.0450   -9.9900
20079002 1995.319697 31.7460 64.1940  272  269.9330 18.4661 4.8345 36.5761 202.7860 -9.9900 0.0460   -9.9900
20079002 1995.319697 31.7460 64.1940  274  271.9165 18.4582 4.8336 36.5747 203.3730 -9.9900 0.0480   -9.9900
20079002 1995.319697 31.7460 64.1940  276  273.9000 18.4410 4.8315 36.5716 204.1240 -9.9900 0.0440   -9.9900
20079002 1995.319697 31.7460 64.1940  278  275.8834 18.4243 4.8295 36.5682 204.7820 -9.9900 0.0430   -9.9900
20079002 1995.319697 31.7460 64.1940  280  277.8669 18.4157 4.8285 36.5666 204.6350 -9.9900 0.0490   -9.9900
20079002 1995.319697 31.7460 64.1940  282  279.8503 18.4133 4.8283 36.5665 204.2180 -9.9900 0.0540   -9.9900
20079002 1995.319697 31.7460 64.1940  284  281.8337 18.4104 4.8280 36.5660 203.8960 -9.9900 0.0470   -9.9900
20079002 1995.319697 31.7460 64.1940  286  283.8170 18.4048 4.8275 36.5654 203.9160 -9.9900 0.0450   -9.9900
20079002 1995.319697 31.7460 64.1940  288  285.8004 18.3908 4.8259 36.5638 204.0740 -9.9900 0.0430   -9.9900
20079002 1995.319697 31.7460 64.1940  290  287.7837 18.3684 4.8233 36.5609 204.4300 -9.9900 0.0430   -9.9900
20079002 1995.319697 31.7460 64.1940  292  289.7671 18.3561 4.8219 36.5593 204.3590 -9.9900 0.0420   -9.9900
20079002 1995.319697 31.7460 64.1940  294  291.7503 18.3482 4.8211 36.5584 204.1040 -9.9900 0.0410   -9.9900
20079002 1995.319697 31.7460 64.1940  296  293.7336 18.3407 4.8203 36.5577 204.0880 -9.9900 0.0400   -9.9900
20079002 1995.319697 31.7460 64.1940  298  295.7169 18.3372 4.8200 36.5574 204.1870 -9.9900 0.0390   -9.9900
20079002 1995.319697 31.7460 64.1940  300  297.7001 18.3372 4.8201 36.5577 204.1500 -9.9900 0.0440   -9.9900
20079002 1995.319697 31.7460 64.1940  302  299.6833 18.3361 4.8201 36.5576 204.0780 -9.9900 0.0440   -9.9900
20079002 1995.319697 31.7460 64.1940  304  301.6665 18.3332 4.8199 36.5575 203.9510 -9.9900 0.0420   -9.9900
20079002 1995.319697 31.7460 64.1940  306  303.6497 18.3155 4.8180 36.5561 203.7930 -9.9900 0.0410   -9.9900
20079002 1995.319697 31.7460 64.1940  308  305.6329 18.2987 4.8161 36.5546 203.6470 -9.9900 0.0400   -9.9900
20079002 1995.319697 31.7460 64.1940  310  307.6160 18.2875 4.8149 36.5534 203.2890 -9.9900 0.0390   -9.9900
20079002 1995.319697 31.7460 64.1940  312  309.5992 18.2719 4.8131 36.5514 202.7930 -9.9900 0.0390   -9.9900
20079002 1995.319697 31.7460 64.1940  314  311.5823 18.2629 4.8121 36.5501 202.6240 -9.9900 0.0380   -9.9900
20079002 1995.319697 31.7460 64.1940  316  313.5653 18.2555 4.8113 36.5491 202.4670 -9.9900 0.0380   -9.9900
20079002 1995.319697 31.7460 64.1940  318  315.5484 18.2456 4.8103 36.5480 202.3010 -9.9900 0.0380   -9.9900
20079002 1995.319697 31.7460 64.1940  320  317.5315 18.2319 4.8087 36.5464 202.2840 -9.9900 0.0380   -9.9900
20079002 1995.319697 31.7460 64.1940  322  319.5145 18.2252 4.8080 36.5455 202.1020 -9.9900 0.0400   -9.9900
20079002 1995.319697 31.7460 64.1940  324  321.4975 18.2210 4.8076 36.5450 202.0650 -9.9900 0.0420   -9.9900
20079002 1995.319697 31.7460 64.1940  326  323.4805 18.2157 4.8071 36.5443 202.0420 -9.9900 0.0420   -9.9900
20079002 1995.319697 31.7460 64.1940  328  325.4635 18.2079 4.8062 36.5433 201.9360 -9.9900 0.0410   -9.9900
20079002 1995.319697 31.7460 64.1940  330  327.4464 18.1973 4.8050 36.5420 201.7720 -9.9900 0.0410   -9.9900
20079002 1995.319697 31.7460 64.1940  332  329.4294 18.1913 4.8044 36.5413 201.8130 -9.9900 0.0400   -9.9900
20079002 1995.319697 31.7460 64.1940  334  331.4123 18.1871 4.8040 36.5408 201.8930 -9.9900 0.0390   -9.9900
20079002 1995.319697 31.7460 64.1940  336  333.3952 18.1806 4.8033 36.5400 201.9290 -9.9900 0.0390   -9.9900
20079002 1995.319697 31.7460 64.1940  338  335.3780 18.1720 4.8024 36.5388 201.8250 -9.9900 0.0390   -9.9900
20079002 1995.319697 31.7460 64.1940  340  337.3609 18.1620 4.8013 36.5375 201.6860 -9.9900 0.0410   -9.9900
20079002 1995.319697 31.7460 64.1940  342  339.3437 18.1495 4.7999 36.5359 201.4830 -9.9900 0.0410   -9.9900
20079002 1995.319697 31.7460 64.1940  344  341.3266 18.1374 4.7985 36.5343 201.3650 -9.9900 0.0420   -9.9900
20079002 1995.319697 31.7460 64.1940  346  343.3094 18.1315 4.7979 36.5336 201.2540 -9.9900 0.0420   -9.9900
20079002 1995.319697 31.7460 64.1940  348  345.2921 18.1234 4.7970 36.5324 201.2020 -9.9900 0.0430   -9.9900
20079002 1995.319697 31.7460 64.1940  350  347.2749 18.1132 4.7959 36.5311 201.2710 -9.9900 0.0440   -9.9900
20079002 1995.319697 31.7460 64.1940  352  349.2576 18.1036 4.7949 36.5299 201.1410 -9.9900 0.0440   -9.9900
20079002 1995.319697 31.7460 64.1940  354  351.2404 18.0951 4.7939 36.5287 201.2280 -9.9900 0.0450   -9.9900
20079002 1995.319697 31.7460 64.1940  356  353.2231 18.0861 4.7929 36.5275 201.1750 -9.9900 0.0430   -9.9900
20079002 1995.319697 31.7460 64.1940  358  355.2058 18.0796 4.7922 36.5266 200.7520 -9.9900 0.0400   -9.9900
20079002 1995.319697 31.7460 64.1940  360  357.1884 18.0691 4.7911 36.5251 200.5540 -9.9900 0.0420   -9.9900
20079002 1995.319697 31.7460 64.1940  362  359.1711 18.0577 4.7898 36.5235 200.4520 -9.9900 0.0450   -9.9900
20079002 1995.319697 31.7460 64.1940  364  361.1537 18.0492 4.7888 36.5220 200.5650 -9.9900 0.0430   -9.9900
20079002 1995.319697 31.7460 64.1940  366  363.1363 18.0408 4.7879 36.5209 200.4970 -9.9900 0.0410   -9.9900
20079002 1995.319697 31.7460 64.1940  368  365.1189 18.0281 4.7864 36.5189 200.2640 -9.9900 0.0400   -9.9900
20079002 1995.319697 31.7460 64.1940  370  367.1015 18.0234 4.7859 36.5181 200.0930 -9.9900 0.0420   -9.9900
20079002 1995.319697 31.7460 64.1940  372  369.0840 18.0158 4.7851 36.5170 199.9380 -9.9900 0.0450   -9.9900
20079002 1995.319697 31.7460 64.1940  374  371.0665 18.0116 4.7847 36.5163 200.0520 -9.9900 0.0440   -9.9900
20079002 1995.319697 31.7460 64.1940  376  373.0491 17.9962 4.7829 36.5140 200.0830 -9.9900 0.0430   -9.9900
20079002 1995.319697 31.7460 64.1940  378  375.0316 17.9775 4.7807 36.5111 199.6900 -9.9900 0.0420   -9.9900
20079002 1995.319697 31.7460 64.1940  380  377.0140 17.9666 4.7794 36.5093 199.4730 -9.9900 0.0410   -9.9900
20079002 1995.319697 31.7460 64.1940  382  378.9965 17.9593 4.7786 36.5082 199.2750 -9.9900 0.0380   -9.9900
20079002 1995.319697 31.7460 64.1940  384  380.9789 17.9566 4.7784 36.5078 199.0560 -9.9900 0.0390   -9.9900
20079002 1995.319697 31.7460 64.1940  386  382.9613 17.9543 4.7782 36.5076 198.8690 -9.9900 0.0390   -9.9900
20079002 1995.319697 31.7460 64.1940  388  384.9437 17.9505 4.7778 36.5069 198.7400 -9.9900 0.0400   -9.9900
20079002 1995.319697 31.7460 64.1940  390  386.9261 17.9392 4.7765 36.5049 198.6290 -9.9900 0.0400   -9.9900
20079002 1995.319697 31.7460 64.1940  392  388.9085 17.9230 4.7746 36.5020 198.3590 -9.9900 0.0400   -9.9900
20079002 1995.319697 31.7460 64.1940  394  390.8908 17.9088 4.7729 36.4995 198.1490 -9.9900 0.0410   -9.9900
20079002 1995.319697 31.7460 64.1940  396  392.8731 17.8891 4.7706 36.4961 197.9500 -9.9900 0.0430   -9.9900
20079002 1995.319697 31.7460 64.1940  398  394.8555 17.8735 4.7687 36.4935 197.7690 -9.9900 0.0430   -9.9900
20079002 1995.319697 31.7460 64.1940  400  396.8377 17.8540 4.7664 36.4901 197.6750 -9.9900 0.0450   -9.9900
20079002 1995.319697 31.7460 64.1940  402  398.8200 17.8328 4.7639 36.4867 197.4540 -9.9900 0.0430   -9.9900
20079002 1995.319697 31.7460 64.1940  404  400.8023 17.8136 4.7616 36.4836 197.0860 -9.9900 0.0410   -9.9900
20079003 1995.319749 31.7520 64.1950   10    9.9303 20.6115 5.0773 36.8108 217.3040 -9.9900 0.0940   -9.9900
20079003 1995.319749 31.7520 64.1950   12   11.9163 20.5967 5.0757 36.8102 217.4330 -9.9900 0.0950   -9.9900
20079003 1995.319749 31.7520 64.1950   14   13.9023 20.5849 5.0745 36.8097 217.5620 -9.9900 0.0950   -9.9900
20079003 1995.319749 31.7520 64.1950   16   15.8883 20.5753 5.0735 36.8094 217.7320 -9.9900 0.0930   -9.9900
20079003 1995.319749 31.7520 64.1950   18   17.8742 20.5664 5.0726 36.8087 217.8620 -9.9900 0.0910   -9.9900
20079003 1995.319749 31.7520 64.1950   20   19.8601 20.5623 5.0722 36.8085 217.7980 -9.9900 0.0910   -9.9900
20079003 1995.319749 31.7520 64.1950   22   21.8460 20.5570 5.0717 36.8081 217.7880 -9.9900 0.0950   -9.9900
20079003 1995.319749 31.7520 64.1950   24   23.8319 20.5508 5.0711 36.8076 217.9570 -9.9900 0.1050   -9.9900
20079003 1995.319749 31.7520 64.1950   26   25.8178 20.5445 5.0705 36.8072 218.4130 -9.9900 0.1130   -9.9900
20079003 1995.319749 31.7520 64.1950   28   27.8036 20.5435 5.0705 36.8079 218.3790 -9.9900 0.1140   -9.9900
20079003 1995.319749 31.7520 64.1950   30   29.7895 20.5412 5.0704 36.8083 218.2720 -9.9900 0.1140   -9.9900
20079003 1995.319749 31.7520 64.1950   32   31.7753 20.5393 5.0704 36.8087 218.5940 -9.9900 0.1100   -9.9900
20079003 1995.319749 31.7520 64.1950   34   33.7611 20.5338 5.0698 36.8082 218.4450 -9.9900 0.1120   -9.9900
20079003 1995.319749 31.7520 64.1950   36   35.7468 20.5258 5.0689 36.8073 218.6760 -9.9900 0.1150   -9.9900
20079003 1995.319749 31.7520 64.1950   38   37.7326 20.5059 5.0666 36.8047 218.8980 -9.9900 0.1210   -9.9900
20079003 1995.319749 31.7520 64.1950   40   39.7183 20.4288 5.0573 36.7955 219.2800 -9.9900 0.1260   -9.9900
20079003 1995.319749 31.7520 64.1950   42   41.7040 20.2772 5.0397 36.7820 219.9570 -9.9900 0.1330   -9.9900
20079003 1995.319749 31.7520 64.1950   44   43.6897 20.1492 5.0251 36.7734 220.4670 -9.9900 0.1420   -9.9900
20079003 1995.319749 31.7520 64.1950   46   45.6754 20.0738 5.0168 36.7702 220.7320 -9.9900 0.1510   -9.9900
20079003 1995.319749 31.7520 64.1950   48   47.6611 19.9495 5.0029 36.7633 221.2690 -9.9900 0.1660   -9.9900
20079003 1995.319749 31.7520 64.1950   50   49.6467 19.9221 4.9999 36.7615 221.2920 -9.9900 0.1790   -9.9900
20079003 1995.319749 31.7520 64.1950   52   51.6323 19.8520 4.9913 36.7512 221.5430 -9.9900 0.2000   -9.9900
20079003 1995.319749 31.7520 64.1950   54   53.6179 19.7800 4.9823 36.7394 221.9880 -9.9900 0.2140   -9.9900
20079003 1995.319749 31.7520 64.1950   56   55.6035 19.6384 4.9647 36.7168 222.6780 -9.9900 0.2390   -9.9900
20079003 1995.319749 31.7520 64.1950   58   57.5890 19.5681 4.9562 36.7067 222.0950 -9.9900 0.2810   -9.9900
20079003 1995.319749 31.7520 64.1950   60   59.5746 19.5325 4.9519 36.7016 222.1500 -9.9900 0.3050   -9.9900
20079003 1995.319749 31.7520 64.1950   62   61.5601 19.4709 4.9446 36.6938 222.1720 -9.9900 0.3640   -9.9900
20079003 1995.319749 31.7520 64.1950   64   63.5456 19.4571 4.9432 36.6940 222.4630 -9.9900 0.4090   -9.9900
20079003 1995.319749 31.7520 64.1950   66   65.5311 19.4433 4.9421 36.6958 222.9470 -9.9900 0.4340   -9.9900
20079003 1995.319749 31.7520 64.1950   68   67.5166 19.4323 4.9411 36.6969 223.4250 -9.9900 0.4470   -9.9900
20079003 1995.319749 31.7520 64.1950   70   69.5020 19.3495 4.9312 36.6860 224.3820 -9.9900 0.4560   -9.9900
20079003 1995.319749 31.7520 64.1950   72   71.4874 19.2782 4.9226 36.6765 225.1050 -9.9900 0.4680   -9.9900
20079003 1995.319749 31.7520 64.1950   74   73.4728 19.1769 4.9106 36.6641 226.1960 -9.9900 0.5020   -9.9900
20079003 1995.319749 31.7520 64.1950   76   75.4582 19.1763 4.9108 36.6656 226.0060 -9.9900 0.5180   -9.9900
20079003 1995.319749 31.7520 64.1950   78   77.4436 19.1544 4.9086 36.6658 225.9450 -9.9900 0.5350   -9.9900
20079003 1995.319749 31.7520 64.1950   80   79.4289 19.1375 4.9069 36.6659 225.8230 -9.9900 0.5530   -9.9900
20079003 1995.319749 31.7520 64.1950   82   81.4143 19.1150 4.9047 36.6664 225.6540 -9.9900 0.5810   -9.9900
20079003 1995.319749 31.7520 64.1950   84   83.3996 19.0952 4.9026 36.6653 225.5370 -9.9900 0.6250   -9.9900
20079003 1995.319749 31.7520 64.1950   86   85.3849 19.0862 4.9017 36.6651 225.4800 -9.9900 0.6510   -9.9900
20079003 1995.319749 31.7520 64.1950   88   87.3701 19.0741 4.9004 36.6645 225.2390 -9.9900 0.6960   -9.9900
20079003 1995.319749 31.7520 64.1950   90   89.3554 19.0683 4.8999 36.6642 225.0890 -9.9900 0.7810   -9.9900
20079003 1995.319749 31.7520 64.1950   92   91.3406 19.0619 4.8993 36.6639 225.1470 -9.9900 0.8310   -9.9900
20079003 1995.319749 31.7520 64.1950   94   93.3258 19.0592 4.8991 36.6639 224.8810 -9.9900 0.8220   -9.9900
20079003 1995.319749 31.7520 64.1950   96   95.3110 19.0528 4.8985 36.6638 224.0230 -9.9900 0.7430   -9.9900
20079003 1995.319749 31.7520 64.1950   98   97.2962 19.0452 4.8977 36.6636 223.6220 -9.9900 0.6560   -9.9900
20079003 1995.319749 31.7520 64.1950  100   99.2814 19.0443 4.8978 36.6640 223.1890 -9.9900 0.6170   -9.9900
20079003 1995.319749 31.7520 64.1950  102  101.2665 19.0388 4.8972 36.6632 223.0690 -9.9900 0.7350   -9.9900
20079003 1995.319749 31.7520 64.1950  104  103.2516 19.0328 4.8965 36.6618 222.9690 -9.9900 0.7950   -9.9900
20079003 1995.319749 31.7520 64.1950  106  105.2367 19.0334 4.8967 36.6625 222.5950 -9.9900 0.6740   -9.9900
20079003 1995.319749 31.7520 64.1950  108  107.2218 19.0332 4.8969 36.6629 222.3800 -9.9900 0.5330   -9.9900
20079003 1995.319749 31.7520 64.1950  110  109.2068 19.0318 4.8968 36.6626 222.3860 -9.9900 0.5000   -9.9900
20079003 1995.319749 31.7520 64.1950  112  111.1919 19.0305 4.8967 36.6624 222.3220 -9.9900 0.4890   -9.9900
20079003 1995.319749 31.7520 64.1950  114  113.1769 19.0294 4.8967 36.6623 222.2580 -9.9900 0.4880   -9.9900
20079003 1995.319749 31.7520 64.1950  116  115.1619 19.0289 4.8967 36.6624 222.2060 -9.9900 0.5130   -9.9900
20079003 1995.319749 31.7520 64.1950  118  117.1469 19.0275 4.8966 36.6622 222.0920 -9.9900 0.4780   -9.9900
20079003 1995.319749 31.7520 64.1950  120  119.1318 19.0263 4.8966 36.6620 221.9970 -9.9900 0.4210   -9.9900
20079003 1995.319749 31.7520 64.1950  122  121.1168 19.0244 4.8964 36.6616 221.7250 -9.9900 0.3700   -9.9900
20079003 1995.319749 31.7520 64.1950  124  123.1017 19.0229 4.8963 36.6611 221.4170 -9.9900 0.3680   -9.9900
20079003 1995.319749 31.7520 64.1950  126  125.0866 19.0168 4.8955 36.6595 220.8550 -9.9900 0.3280   -9.9900
20079003 1995.319749 31.7520 64.1950  128  127.0715 19.0154 4.8954 36.6592 220.8680 -9.9900 0.3130   -9.9900
20079003 1995.319749 31.7520 64.1950  130  129.0564 19.0139 4.8954 36.6591 220.7090 -9.9900 0.2680   -9.9900
20079003 1995.319749 31.7520 64.1950  132  131.0412 19.0157 4.8958 36.6600 220.6460 -9.9900 0.2510   -9.9900
20079003 1995.319749 31.7520 64.1950  134  133.0261 19.0037 4.8943 36.6573 220.3740 -9.9900 0.2800   -9.9900
20079003 1995.319749 31.7520 64.1950  136  135.0109 18.9918 4.8928 36.6546 220.0960 -9.9900 0.2850   -9.9900
20079003 1995.319749 31.7520 64.1950  138  136.9957 18.9794 4.8913 36.6520 219.6760 -9.9900 0.2480   -9.9900
20079003 1995.319749 31.7520 64.1950  140  138.9804 18.9729 4.8905 36.6507 219.4780 -9.9900 0.2280   -9.9900
20079003 1995.319749 31.7520 64.1950  142  140.9652 18.9655 4.8897 36.6493 219.2100 -9.9900 0.2180   -9.9900
20079003 1995.319749 31.7520 64.1950  144  142.9499 18.9542 4.8883 36.6471 218.7790 -9.9900 0.2030   -9.9900
20079003 1995.319749 31.7520 64.1950  146  144.9346 18.9465 4.8875 36.6460 218.4740 -9.9900 0.1790   -9.9900
20079003 1995.319749 31.7520 64.1950  148  146.9193 18.9360 4.8862 36.6438 218.3540 -9.9900 0.2150   -9.9900
20079003 1995.319749 31.7520 64.1950  150  148.9040 18.9321 4.8857 36.6427 218.2750 -9.9900 0.1780   -9.9900
20079003 1995.319749 31.7520 64.1950  152  150.8886 18.9284 4.8853 36.6417 218.0300 -9.9900 0.1580   -9.9900
20079003 1995.319749 31.7520 64.1950  154  152.8733 18.9243 4.8848 36.6406 217.9630 -9.9900 0.1600   -9.9900
20079003 1995.319749 31.7520 64.1950  156  154.8579 18.9233 4.8848 36.6407 217.8620 -9.9900 0.1610   -9.9900
20079003 1995.319749 31.7520 64.1950  158  156.8425 18.9216 4.8847 36.6407 217.8140 -9.9900 0.1620   -9.9900
20079003 1995.319749 31.7520 64.1950  160  158.8271 18.9181 4.8844 36.6405 217.7870 -9.9900 0.1600   -9.9900
20079003 1995.319749 31.7520 64.1950  162  160.8116 18.9103 4.8836 36.6393 217.6710 -9.9900 0.1570   -9.9900
20079003 1995.319749 31.7520 64.1950  164  162.7962 18.9009 4.8825 36.6375 217.5690 -9.9900 0.1510   -9.9900
20079003 1995.319749 31.7520 64.1950  166  164.7807 18.8922 4.8814 36.6356 217.5480 -9.9900 0.1450   -9.9900
20079003 1995.319749 31.7520 64.1950  168  166.7652 18.8858 4.8807 36.6341 217.5160 -9.9900 0.1380   -9.9900
20079003 1995.319749 31.7520 64.1950  170  168.7497 18.8799 4.8800 36.6328 217.2460 -9.9900 0.1290   -9.9900
20079003 1995.319749 31.7520 64.1950  172  170.7341 18.8667 4.8783 36.6300 217.0140 -9.9900 0.1220   -9.9900
20079003 1995.319749 31.7520 64.1950  174  172.7186 18.8559 4.8770 36.6278 216.8160 -9.9900 0.1170   -9.9900
20079003 1995.319749 31.7520 64.1950  176  174.7030 18.8522 4.8766 36.6269 216.8580 -9.9900 0.1100   -9.9900
20079003 1995.319749 31.7520 64.1950  178  176.6874 18.8501 4.8764 36.6263 216.7860 -9.9900 0.1040   -9.9900
20079003 1995.319749 31.7520 64.1950  180  178.6718 18.8471 4.8762 36.6258 216.5760 -9.9900 0.0980   -9.9900
20079003 1995.319749 31.7520 64.1950  182  180.6562 18.8443 4.8759 36.6254 216.4110 -9.9900 0.1020   -9.9900
20079003 1995.319749 31.7520 64.1950  184  182.6405 18.8416 4.8757 36.6251 216.2680 -9.9900 0.1190   -9.9900
20079003 1995.319749 31.7520 64.1950  186  184.6249 18.8392 4.8755 36.6248 216.1060 -9.9900 0.1270   -9.9900
20079003 1995.319749 31.7520 64.1950  188  186.6092 18.8368 4.8753 36.6243 216.0250 -9.9900 0.1070   -9.9900
20079003 1995.319749 31.7520 64.1950  190  188.5935 18.8320 4.8748 36.6236 215.8810 -9.9900 0.0840   -9.9900
20079003 1995.319749 31.7520 64.1950  192  190.5777 18.8257 4.8741 36.6229 215.7090 -9.9900 0.0790   -9.9900
20079003 1995.319749 31.7520 64.1950  194  192.5620 18.8186 4.8734 36.6226 215.3820 -9.9900 0.0720   -9.9900
20079003 1995.319749 31.7520 64.1950  196  194.5462 18.8154 4.8732 36.6226 215.3170 -9.9900 0.0700   -9.9900
20079003 1995.319749 31.7520 64.1950  198  196.5304 18.8117 4.8729 36.6227 215.5040 -9.9900 0.0660   -9.9900
20079003 1995.319749 31.7520 64.1950  200  198.5146 18.8084 4.8726 36.6228 215.6540 -9.9900 0.0630   -9.9900
20079003 1995.319749 31.7520 64.1950  202  200.4988 18.8051 4.8724 36.6229 215.7620 -9.9900 0.0590   -9.9900
20079003 1995.319749 31.7520 64.1950  204  202.4830 18.8032 4.8724 36.6235 215.7020 -9.9900 0.0560   -9.9900
20079003 1995.319749 31.7520 64.1950  206  204.4671 18.8036 4.8726 36.6247 215.6630 -9.9900 0.0510   -9.9900
20079003 1995.319749 31.7520 64.1950  208  206.4512 18.8036 4.8728 36.6253 215.6580 -9.9900 0.0500   -9.9900
20079003 1995.319749 31.7520 64.1950  210  208.4353 18.8037 4.8729 36.6256 215.5580 -9.9900 0.0490   -9.9900
20079003 1995.319749 31.7520 64.1950  212  210.4194 18.8037 4.8730 36.6255 215.3730 -9.9900 0.0510   -9.9900
20079003 1995.319749 31.7520 64.1950  214  212.4035 18.8036 4.8731 36.6255 215.2910 -9.9900 0.0490   -9.9900
20079003 1995.319749 31.7520 64.1950  216  214.3875 18.8018 4.8730 36.6254 215.3660 -9.9900 0.0490   -9.9900
20079003 1995.319749 31.7520 64.1950  218  216.3715 18.7948 4.8722 36.6246 215.1450 -9.9900 0.0470   -9.9900
20079003 1995.319749 31.7520 64.1950  220  218.3555 18.7910 4.8719 36.6241 214.9820 -9.9900 0.0470   -9.9900
20079003 1995.319749 31.7520 64.1950  222  220.3395 18.7865 4.8714 36.6234 214.7190 -9.9900 0.0480   -9.9900
20079003 1995.319749 31.7520 64.1950  224  222.3235 18.7817 4.8709 36.6228 214.4790 -9.9900 0.0460   -9.9900
20079003 1995.319749 31.7520 64.1950  226  224.3074 18.7776 4.8705 36.6222 214.3610 -9.9900 0.0470   -9.9900
20079003 1995.319749 31.7520 64.1950  228  226.2914 18.7702 4.8696 36.6203 213.2170 -9.9900 0.0470   -9.9900
20079003 1995.319749 31.7520 64.1950  230  228.2753 18.7640 4.8689 36.6188 212.1160 -9.9900 0.0490   -9.9900
20079003 1995.319749 31.7520 64.1950  232  230.2591 18.7580 4.8682 36.6174 210.8200 -9.9900 0.0500   -9.9900
20079003 1995.319749 31.7520 64.1950  234  232.2430 18.7509 4.8673 36.6158 209.4910 -9.9900 0.0490   -9.9900
20079003 1995.319749 31.7520 64.1950  236  234.2269 18.7343 4.8653 36.6127 206.7270 -9.9900 0.0460   -9.9900
20079003 1995.319749 31.7520 64.1950  238  236.2107 18.7041 4.8616 36.6078 204.2770 -9.9900 0.0510   -9.9900
20079003 1995.319749 31.7520 64.1950  240  238.1945 18.6822 4.8590 36.6044 203.0850 -9.9900 0.0540   -9.9900
20079003 1995.319749 31.7520 64.1950  242  240.1783 18.6624 4.8567 36.6015 202.4510 -9.9900 0.0550   -9.9900
20079003 1995.319749 31.7520 64.1950  244  242.1621 18.6437 4.8545 36.5984 202.5010 -9.9900 0.0700   -9.9900
20079003 1995.319749 31.7520 64.1950  246  244.1458 18.6227 4.8519 36.5941 203.0560 -9.9900 0.0820   -9.9900
20079003 1995.319749 31.7520 64.1950  248  246.1296 18.5882 4.8475 36.5872 203.8180 -9.9900 0.0740   -9.9900
20079003 1995.319749 31.7520 64.1950  250  248.1133 18.5826 4.8469 36.5863 203.4910 -9.9900 0.0610   -9.9900
20079003 1995.319749 31.7520 64.1950  252  250.0970 18.5732 4.8459 36.5850 203.4160 -9.9900 0.0550   -9.9900
20079003 1995.319749 31.7520 64.1950  254  252.0807 18.5661 4.8452 36.5846 203.0020 -9.9900 0.0480   -9.9900
20079003 1995.319749 31.7520 64.1950  256  254.0643 18.5623 4.8449 36.5847 202.9750 -9.9900 0.0460   -9.9900
20079003 1995.319749 31.7520 64.1950  258  256.0480 18.5524 4.8438 36.5836 202.6300 -9.9900 0.0440   -9.9900
20079003 1995.319749 31.7520 64.1950  260  258.0316 18.5290 4.8411 36.5803 201.9930 -9.9900 0.0460   -9.9900
20079003 1995.319749 31.7520 64.1950  262  260.0152 18.5093 4.8388 36.5779 202.1120 -9.9900 0.0470   -9.9900
20079003 1995.319749 31.7520 64.1950  264  261.9988 18.4974 4.8375 36.5767 202.1450 -9.9900 0.0480   -9.9900
20079003 1995.319749 31.7520 64.1950  266  263.9823 18.4921 4.8372 36.5778 201.7350 -9.9900 0.0470   -9.9900
20079003 1995.319749 31.7520 64.1950  268  265.9659 18.4869 4.8367 36.5781 201.6290 -9.9900 0.0450   -9.9900
20079003 1995.319749 31.7520 64.1950  270  267.9494 18.4845 4.8366 36.5779 201.5030 -9.9900 0.0430   -9.9900
20079003 1995.319749 31.7520 64.1950  272  269.9329 18.4834 4.8366 36.5782 201.1950 -9.9900 0.0450   -9.9900
20079003 1995.319749 31.7520 64.1950  274  271.9164 18.4832 4.8367 36.5786 201.0600 -9.9900 0.0460   -9.9900
20079003 1995.319749 31.7520 64.1950  276  273.8999 18.4768 4.8360 36.5776 201.3980 -9.9900 0.0470   -9.9900
20079003 1995.319749 31.7520 64.1950  278  275.8833 18.4568 4.8335 36.5738 202.4240 -9.9900 0.0480   -9.9900
20079003 1995.319749 31.7520 64.1950  280  277.8667 18.4343 4.8308 36.5696 203.2180 -9.9900 0.0460   -9.9900
20079003 1995.319749 31.7520 64.1950  282  279.8501 18.4174 4.8287 36.5665 203.0290 -9.9900 0.0470   -9.9900
20079003 1995.319749 31.7520 64.1950  284  281.8335 18.4114 4.8281 36.5658 202.8640 -9.9900 0.0470   -9.9900
20079003 1995.319749 31.7520 64.1950  286  283.8169 18.4085 4.8279 36.5657 202.9190 -9.9900 0.0440   -9.9900
20079003 1995.319749 31.7520 64.1950  288  285.8003 18.4011 4.8271 36.5649 202.8210 -9.9900 0.0440   -9.9900
20079003 1995.319749 31.7520 64.1950  290  287.7836 18.3735 4.8239 36.5614 202.9220 -9.9900 0.0460   -9.9900
20079003 1995.319749 31.7520 64.1950  292  289.7669 18.3566 4.8220 36.5590 202.6190 -9.9900 0.0470   -9.9900
20079003 1995.319749 31.7520 64.1950  294  291.7502 18.3512 4.8214 36.5585 202.7640 -9.9900 0.0450   -9.9900
20079003 1995.319749 31.7520 64.1950  296  293.7335 18.3413 4.8204 36.5575 202.8310 -9.9900 0.0460   -9.9900
20079003 1995.319749 31.7520 64.1950  298  295.7167 18.3368 4.8200 36.5572 202.5980 -9.9900 0.0470   -9.9900
20079003 1995.319749 31.7520 64.1950  300  297.7000 18.3342 4.8197 36.5570 202.5040 -9.9900 0.0470   -9.9900
20079003 1995.319749 31.7520 64.1950  302  299.6832 18.3317 4.8196 36.5568 202.7010 -9.9900 0.0480   -9.9900
20079003 1995.319749 31.7520 64.1950  304  301.6664 18.3302 4.8195 36.5573 203.0430 -9.9900 0.0460   -9.9900
20079003 1995.319749 31.7520 64.1950  306  303.6496 18.3221 4.8188 36.5576 203.2200 -9.9900 0.0430   -9.9900
20079003 1995.319749 31.7520 64.1950  308  305.6327 18.3071 4.8172 36.5560 202.5480 -9.9900 0.0420   -9.9900
20079003 1995.319749 31.7520 64.1950  310  307.6159 18.2904 4.8153 36.5540 201.9500 -9.9900 0.0410   -9.9900
20079003 1995.319749 31.7520 64.1950  312  309.5990 18.2743 4.8134 36.5516 201.7450 -9.9900 0.0400   -9.9900
20079003 1995.319749 31.7520 64.1950  314  311.5821 18.2726 4.8133 36.5515 201.6980 -9.9900 0.0420   -9.9900
20079003 1995.319749 31.7520 64.1950  316  313.5652 18.2705 4.8131 36.5513 201.2840 -9.9900 0.0430   -9.9900
20079003 1995.319749 31.7520 64.1950  318  315.5483 18.2635 4.8124 36.5502 201.1660 -9.9900 0.0430   -9.9900
20079003 1995.319749 31.7520 64.1950  320  317.5313 18.2580 4.8118 36.5495 201.0320 -9.9900 0.0420   -9.9900
20079003 1995.319749 31.7520 64.1950  322  319.5143 18.2475 4.8106 36.5481 200.8780 -9.9900 0.0410   -9.9900
20079003 1995.319749 31.7520 64.1950  324  321.4973 18.2385 4.8097 36.5470 201.1280 -9.9900 0.0420   -9.9900
20079003 1995.319749 31.7520 64.1950  326  323.4803 18.2267 4.8083 36.5454 201.2300 -9.9900 0.0430   -9.9900
20079003 1995.319749 31.7520 64.1950  328  325.4633 18.2173 4.8073 36.5442 201.1410 -9.9900 0.0420   -9.9900
20079003 1995.319749 31.7520 64.1950  330  327.4463 18.2072 4.8062 36.5431 201.0800 -9.9900 0.0430   -9.9900
20079003 1995.319749 31.7520 64.1950  332  329.4292 18.1922 4.8045 36.5411 201.1700 -9.9900 0.0440   -9.9900
20079003 1995.319749 31.7520 64.1950  334  331.4121 18.1739 4.8024 36.5388 201.2620 -9.9900 0.0430   -9.9900
20079003 1995.319749 31.7520 64.1950  336  333.3950 18.1506 4.7997 36.5360 201.4050 -9.9900 0.0400   -9.9900
20079003 1995.319749 31.7520 64.1950  338  335.3779 18.1566 4.8005 36.5366 201.0350 -9.9900 0.0410   -9.9900
20079003 1995.319749 31.7520 64.1950  340  337.3607 18.1448 4.7992 36.5352 200.9350 -9.9900 0.0430   -9.9900
20079003 1995.319749 31.7520 64.1950  342  339.3436 18.1326 4.7979 36.5337 200.7640 -9.9900 0.0420   -9.9900
20079003 1995.319749 31.7520 64.1950  344  341.3264 18.1276 4.7974 36.5330 200.7690 -9.9900 0.0420   -9.9900
20079003 1995.319749 31.7520 64.1950  346  343.3092 18.1232 4.7969 36.5324 200.6350 -9.9900 0.0430   -9.9900
20079003 1995.319749 31.7520 64.1950  348  345.2920 18.1184 4.7964 36.5318 200.3050 -9.9900 0.0450   -9.9900
20079003 1995.319749 31.7520 64.1950  350  347.2747 18.1125 4.7958 36.5310 200.1570 -9.9900 0.0420   -9.9900
20079003 1995.319749 31.7520 64.1950  352  349.2575 18.1041 4.7949 36.5300 200.1950 -9.9900 0.0410   -9.9900
20079003 1995.319749 31.7520 64.1950  354  351.2402 18.0961 4.7940 36.5289 200.3220 -9.9900 0.0400   -9.9900
20079003 1995.319749 31.7520 64.1950  356  353.2229 18.0926 4.7937 36.5283 200.3230 -9.9900 0.0420   -9.9900
20079003 1995.319749 31.7520 64.1950  358  355.2056 18.0894 4.7934 36.5279 200.1740 -9.9900 0.0390   -9.9900
20079003 1995.319749 31.7520 64.1950  360  357.1882 18.0832 4.7928 36.5271 199.9370 -9.9900 0.0410   -9.9900
20079003 1995.319749 31.7520 64.1950  362  359.1709 18.0778 4.7922 36.5263 199.7850 -9.9900 0.0420   -9.9900
20079003 1995.319749 31.7520 64.1950  364  361.1535 18.0647 4.7907 36.5244 199.8750 -9.9900 0.0430   -9.9900
20079003 1995.319749 31.7520 64.1950  366  363.1361 18.0554 4.7896 36.5230 199.8430 -9.9900 0.0400   -9.9900
20079003 1995.319749 31.7520 64.1950  368  365.1187 18.0488 4.7889 36.5219 199.6100 -9.9900 0.0370   -9.9900
20079003 1995.319749 31.7520 64.1950  370  367.1013 18.0344 4.7873 36.5198 199.3320 -9.9900 0.0400   -9.9900
20079003 1995.319749 31.7520 64.1950  372  369.0838 18.0224 4.7859 36.5181 199.0590 -9.9900 0.0420   -9.9900
20079003 1995.319749 31.7520 64.1950  374  371.0664 18.0029 4.7836 36.5150 199.1310 -9.9900 0.0410   -9.9900
20079003 1995.319749 31.7520 64.1950  376  373.0489 17.9892 4.7820 36.5128 199.0740 -9.9900 0.0410   -9.9900
20079003 1995.319749 31.7520 64.1950  378  375.0314 17.9667 4.7794 36.5093 198.9910 -9.9900 0.0390   -9.9900
20079003 1995.319749 31.7520 64.1950  380  377.0138 17.9560 4.7781 36.5076 198.9360 -9.9900 0.0410   -9.9900
20079003 1995.319749 31.7520 64.1950  382  378.9963 17.9480 4.7772 36.5063 198.7860 -9.9900 0.0430   -9.9900
20079003 1995.319749 31.7520 64.1950  384  380.9787 17.9387 4.7762 36.5048 198.5820 -9.9900 0.0460   -9.9900
20079003 1995.319749 31.7520 64.1950  386  382.9612 17.9289 4.7751 36.5031 198.3360 -9.9900 0.0460   -9.9900
20079003 1995.319749 31.7520 64.1950  388  384.9436 17.9192 4.7740 36.5015 197.8800 -9.9900 0.0430   -9.9900
20079003 1995.319749 31.7520 64.1950  390  386.9259 17.9013 4.7718 36.4985 198.1630 -9.9900 0.0450   -9.9900
20079003 1995.319749 31.7520 64.1950  392  388.9083 17.8973 4.7714 36.4977 198.1120 -9.9900 0.0460   -9.9900
20079003 1995.319749 31.7520 64.1950  394  390.8906 17.8842 4.7698 36.4952 197.9910 -9.9900 0.0450   -9.9900
20079003 1995.319749 31.7520 64.1950  396  392.8730 17.8728 4.7685 36.4934 197.6930 -9.9900 0.0420   -9.9900
20079003 1995.319749 31.7520 64.1950  398  394.8553 17.8479 4.7656 36.4893 197.4240 -9.9900 0.0430   -9.9900
20079003 1995.319749 31.7520 64.1950  400  396.8375 17.8233 4.7627 36.4854 197.0920 -9.9900 0.0440   -9.9900
20079003 1995.319749 31.7520 64.1950  402  398.8198 17.8009 4.7600 36.4816 196.6680 -9.9900 0.0450   -9.9900
20079003 1995.319749 31.7520 64.1950  404  400.8021 17.7798 4.7575 36.4780 196.2530 -9.9900 0.0440   -9.9900
20079003 1995.319749 31.7520 64.1950  406  402.7843 17.7500 4.7538 36.4728 195.7600 -9.9900 0.0440   -9.9900
20079003 1995.319749 31.7520 64.1950  408  404.7665 17.7145 4.7495 36.4666 195.7790 -9.9900 0.0430   -9.9900
20079003 1995.319749 31.7520 64.1950  410  406.7487 17.6994 4.7477 36.4639 195.5540 -9.9900 0.0420   -9.9900
20079003 1995.319749 31.7520 64.1950  412  408.7308 17.6832 4.7458 36.4611 195.3000 -9.9900 0.0410   -9.9900
20079003 1995.319749 31.7520 64.1950  414  410.7130 17.6773 4.7452 36.4603 195.4480 -9.9900 0.0430   -9.9900
20079003 1995.319749 31.7520 64.1950  416  412.6951 17.6771 4.7453 36.4602 195.4680 -9.9900 0.0450   -9.9900
20079003 1995.319749 31.7520 64.1950  418  414.6772 17.6755 4.7452 36.4600 195.3290 -9.9900 0.0470   -9.9900
20079003 1995.319749 31.7520 64.1950  420  416.6593 17.6716 4.7448 36.4593 195.0100 -9.9900 0.0480   -9.9900
20079003 1995.319749 31.7520 64.1950  422  418.6414 17.6628 4.7437 36.4576 194.9240 -9.9900 0.0470   -9.9900
20079003 1995.319749 31.7520 64.1950  424  420.6235 17.6289 4.7396 36.4517 194.7330 -9.9900 0.0470   -9.9900
20079003 1995.319749 31.7520 64.1950  426  422.6055 17.6055 4.7368 36.4473 194.4050 -9.9900 0.0480   -9.9900
20079003 1995.319749 31.7520 64.1950  428  424.5875 17.5891 4.7349 36.4446 194.1090 -9.9900 0.0460   -9.9900
20079003 1995.319749 31.7520 64.1950  430  426.5695 17.5612 4.7316 36.4402 193.8970 -9.9900 0.0470   -9.9900
20079003 1995.319749 31.7520 64.1950  432  428.5515 17.5483 4.7300 36.4378 193.6920 -9.9900 0.0490   -9.9900
20079003 1995.319749 31.7520 64.1950  434  430.5335 17.5344 4.7284 36.4352 193.4550 -9.9900 0.0500   -9.9900
20079003 1995.319749 31.7520 64.1950  436  432.5154 17.5184 4.7265 36.4327 193.3130 -9.9900 0.0490   -9.9900
20079003 1995.319749 31.7520 64.1950  438  434.4973 17.5161 4.7263 36.4319 193.1280 -9.9900 0.0490   -9.9900
20079003 1995.319749 31.7520 64.1950  440  436.4792 17.5097 4.7256 36.4307 193.4930 -9.9900 0.0470   -9.9900
20079003 1995.319749 31.7520 64.1950  442  438.4611 17.4827 4.7223 36.4260 192.6020 -9.9900 0.0440   -9.9900
20079003 1995.319749 31.7520 64.1950  444  440.4430 17.4529 4.7187 36.4207 192.1400 -9.9900 0.0430   -9.9900
20079003 1995.319749 31.7520 64.1950  446  442.4248 17.4228 4.7151 36.4152 192.1610 -9.9900 0.0460   -9.9900
20079003 1995.319749 31.7520 64.1950  448  444.4066 17.3999 4.7123 36.4110 191.8090 -9.9900 0.0470   -9.9900
20079003 1995.319749 31.7520 64.1950  450  446.3885 17.3548 4.7069 36.4038 191.6300 -9.9900 0.0480   -9.9900
20079003 1995.319749 31.7520 64.1950  452  448.3702 17.3291 4.7038 36.3990 191.1530 -9.9900 0.0500   -9.9900
20079003 1995.319749 31.7520 64.1950  454  450.3520 17.2919 4.6993 36.3923 190.6800 -9.9900 0.0490   -9.9900
20079003 1995.319749 31.7520 64.1950  456  452.3338 17.2646 4.6960 36.3875 190.3040 -9.9900 0.0480   -9.9900
20079003 1995.319749 31.7520 64.1950  458  454.3155 17.2537 4.6947 36.3856 190.1700 -9.9900 0.0480   -9.9900
20079003 1995.319749 31.7520 64.1950  460  456.2972 17.2506 4.6944 36.3852 190.0570 -9.9900 0.0480   -9.9900
20079003 1995.319749 31.7520 64.1950  462  458.2789 17.2469 4.6941 36.3846 189.8750 -9.9900 0.0480   -9.9900
20079003 1995.319749 31.7520 64.1950  464  460.2606 17.2435 4.6938 36.3840 189.9480 -9.9900 0.0470   -9.9900
20079003 1995.319749 31.7520 64.1950  466  462.2422 17.2377 4.6931 36.3832 189.6890 -9.9900 0.0450   -9.9900
20079003 1995.319749 31.7520 64.1950  468  464.2239 17.2299 4.6923 36.3817 189.4100 -9.9900 0.0490   -9.9900
20079003 1995.319749 31.7520 64.1950  470  466.2055 17.2198 4.6911 36.3801 189.1130 -9.9900 0.0500   -9.9900
20079003 1995.319749 31.7520 64.1950  472  468.1871 17.1976 4.6884 36.3758 189.1700 -9.9900 0.0500   -9.9900
20079003 1995.319749 31.7520 64.1950  474  470.1687 17.1638 4.6843 36.3698 188.8900 -9.9900 0.0480   -9.9900
20079003 1995.319749 31.7520 64.1950  476  472.1502 17.1128 4.6782 36.3609 188.6390 -9.9900 0.0480   -9.9900
20079003 1995.319749 31.7520 64.1950  478  474.1318 17.0596 4.6717 36.3519 188.2570 -9.9900 0.0480   -9.9900
20079003 1995.319749 31.7520 64.1950  480  476.1133 17.0429 4.6697 36.3486 187.6150 -9.9900 0.0490   -9.9900
20079003 1995.319749 31.7520 64.1950  482  478.0948 17.0233 4.6674 36.3454 187.6600 -9.9900 0.0480   -9.9900
20079003 1995.319749 31.7520 64.1950  484  480.0763 17.0084 4.6657 36.3428 187.7070 -9.9900 0.0490   -9.9900
20079003 1995.319749 31.7520 64.1950  486  482.0577 17.0013 4.6649 36.3415 187.4460 -9.9900 0.0510   -9.9900
20079003 1995.319749 31.7520 64.1950  488  484.0392 16.9808 4.6625 36.3383 186.9830 -9.9900 0.0520   -9.9900
20079003 1995.319749 31.7520 64.1950  490  486.0206 16.9324 4.6567 36.3304 186.5210 -9.9900 0.0520   -9.9900
20079003 1995.319749 31.7520 64.1950  492  488.0020 16.8785 4.6502 36.3213 186.0300 -9.9900 0.0510   -9.9900
20079003 1995.319749 31.7520 64.1950  494  489.9834 16.8392 4.6455 36.3146 185.7120 -9.9900 0.0510   -9.9900
20079003 1995.319749 31.7520 64.1950  496  491.9648 16.7990 4.6407 36.3079 185.4620 -9.9900 0.0520   -9.9900
20079003 1995.319749 31.7520 64.1950  498  493.9461 16.7510 4.6350 36.3000 184.9560 -9.9900 0.0520   -9.9900
20079003 1995.319749 31.7520 64.1950  500  495.9275 16.7214 4.6315 36.2951 184.6220 -9.9900 0.0510   -9.9900
20079003 1995.319749 31.7520 64.1950  502  497.9088 16.7116 4.6304 36.2935 184.5450 -9.9900 0.0520   -9.9900
20079003 1995.319749 31.7520 64.1950  504  499.8901 16.7093 4.6302 36.2933 184.4680 -9.9900 0.0560   -9.9900
20079003 1995.319749 31.7520 64.1950  506  501.8714 16.6892 4.6278 36.2896 184.0720 -9.9900 0.0550   -9.9900
