20068001 1994.419422 31.7570 64.1590    5    4.9652 23.9202 5.3875 36.4644 214.7950 0.4700 0.1570   -9.9900
20068001 1994.419422 31.7570 64.1590    7    6.9513 23.9241 5.3880 36.4642 214.8160 0.4710 0.1490   -9.9900
20068001 1994.419422 31.7570 64.1590    9    8.9373 23.9233 5.3880 36.4642 214.8760 0.4710 0.1470   -9.9900
20068001 1994.419422 31.7570 64.1590   11   10.9233 23.8617 5.3817 36.4661 215.1070 0.4700 0.1470   -9.9900
20068001 1994.419422 31.7570 64.1590   13   12.9093 23.6611 5.3610 36.4722 215.7910 0.4690 0.1450   -9.9900
20068001 1994.419422 31.7570 64.1590   15   14.8953 23.3413 5.3282 36.4837 217.0450 0.4680 0.1440   -9.9900
20068001 1994.419422 31.7570 64.1590   17   16.8812 23.2070 5.3167 36.5052 217.4860 0.4710 0.1500   -9.9900
20068001 1994.419422 31.7570 64.1590   19   18.8672 23.1225 5.3114 36.5336 217.7170 0.4710 0.1470   -9.9900
20068001 1994.419422 31.7570 64.1590   21   20.8531 23.0385 5.3058 36.5595 217.8910 0.4710 0.1470   -9.9900
20068001 1994.419422 31.7570 64.1590   23   22.8390 23.0026 5.3061 36.5913 218.0330 0.4700 0.1380   -9.9900
20068001 1994.419422 31.7570 64.1590   25   24.8248 22.8883 5.2947 36.5972 218.9430 0.4680 0.1360   -9.9900
20068001 1994.419422 31.7570 64.1590   27   26.8107 22.6132 5.2653 36.5974 220.5020 0.4690 0.1310   -9.9900
20068001 1994.419422 31.7570 64.1590   29   28.7965 22.2993 5.2315 36.5952 222.2890 0.4690 0.1360   -9.9900
20068001 1994.419422 31.7570 64.1590   31   30.7824 22.2692 5.2288 36.5992 222.7720 0.4700 0.1420   -9.9900
20068001 1994.419422 31.7570 64.1590   33   32.7682 22.2301 5.2257 36.6067 222.8030 0.4740 0.1380   -9.9900
20068001 1994.419422 31.7570 64.1590   35   34.7539 22.1086 5.2133 36.6108 223.0730 0.4740 0.1410   -9.9900
20068001 1994.419422 31.7570 64.1590   37   36.7397 21.8922 5.1895 36.6045 224.1260 0.4740 0.1450   -9.9900
20068001 1994.419422 31.7570 64.1590   39   38.7254 21.6653 5.1646 36.5982 224.9590 0.4740 0.1530   -9.9900
20068001 1994.419422 31.7570 64.1590   41   40.7112 21.4893 5.1462 36.6002 224.7930 0.4760 0.1560   -9.9900
20068001 1994.419422 31.7570 64.1590   43   42.6969 21.4248 5.1395 36.6009 224.7260 0.4770 0.1620   -9.9900
20068001 1994.419422 31.7570 64.1590   45   44.6825 21.2397 5.1203 36.6043 225.1680 0.4780 0.1700   -9.9900
20068001 1994.419422 31.7570 64.1590   47   46.6682 21.0791 5.1039 36.6096 226.0580 0.4780 0.1750   -9.9900
20068001 1994.419422 31.7570 64.1590   49   48.6539 20.9584 5.0918 36.6142 226.6600 0.4780 0.1780   -9.9900
20068001 1994.419422 31.7570 64.1590   51   50.6395 20.8365 5.0795 36.6188 227.0470 0.4780 0.1790   -9.9900
20068001 1994.419422 31.7570 64.1590   53   52.6251 20.6975 5.0646 36.6171 227.2870 0.4770 0.1880   -9.9900
20068001 1994.419422 31.7570 64.1590   55   54.6107 20.5889 5.0526 36.6122 227.4570 0.4760 0.1970   -9.9900
20068001 1994.419422 31.7570 64.1590   57   56.5962 20.4637 5.0389 36.6084 227.9160 0.4770 0.2080   -9.9900
20068001 1994.419422 31.7570 64.1590   59   58.5818 20.3695 5.0288 36.6066 228.5220 0.4770 0.2200   -9.9900
20068001 1994.419422 31.7570 64.1590   61   60.5673 20.2565 5.0169 36.6059 229.0900 0.4780 0.2360   -9.9900
20068001 1994.419422 31.7570 64.1590   63   62.5528 20.1610 5.0069 36.6059 229.5160 0.4790 0.2500   -9.9900
20068001 1994.419422 31.7570 64.1590   65   64.5383 20.0694 4.9975 36.6079 229.3200 0.4780 0.2510   -9.9900
20068001 1994.419422 31.7570 64.1590   67   66.5238 19.9899 4.9893 36.6084 229.0210 0.4760 0.2600   -9.9900
20068001 1994.419422 31.7570 64.1590   69   68.5093 19.9456 4.9846 36.6076 228.9370 0.4760 0.2720   -9.9900
20068001 1994.419422 31.7570 64.1590   71   70.4947 19.8905 4.9788 36.6069 228.7280 0.4740 0.2850   -9.9900
20068001 1994.419422 31.7570 64.1590   73   72.4801 19.8407 4.9736 36.6067 228.4110 0.4730 0.2960   -9.9900
20068001 1994.419422 31.7570 64.1590   75   74.4655 19.7760 4.9668 36.6065 227.8620 0.4710 0.3150   -9.9900
20068001 1994.419422 31.7570 64.1590   77   76.4509 19.7107 4.9599 36.6056 227.3300 0.4700 0.3350   -9.9900
20068001 1994.419422 31.7570 64.1590   79   78.4362 19.6596 4.9545 36.6045 227.0960 0.4680 0.3390   -9.9900
20068001 1994.419422 31.7570 64.1590   81   80.4216 19.6465 4.9532 36.6042 226.7460 0.4660 0.3580   -9.9900
20068001 1994.419422 31.7570 64.1590   83   82.4069 19.5992 4.9481 36.6026 226.4470 0.4660 0.3780   -9.9900
20068001 1994.419422 31.7570 64.1590   85   84.3922 19.5533 4.9430 36.5998 226.5090 0.4640 0.3960   -9.9900
20068001 1994.419422 31.7570 64.1590   87   86.3775 19.5147 4.9392 36.6012 225.5710 0.4640 0.4350   -9.9900
20068001 1994.419422 31.7570 64.1590   89   88.3627 19.4670 4.9343 36.6015 223.8100 0.4620 0.4680   -9.9900
20068001 1994.419422 31.7570 64.1590   91   90.3480 19.4092 4.9279 36.5981 222.4580 0.4640 0.5350   -9.9900
20068001 1994.419422 31.7570 64.1590   93   92.3332 19.3603 4.9225 36.5951 222.0260 0.4650 0.6470   -9.9900
20068001 1994.419422 31.7570 64.1590   95   94.3184 19.3291 4.9193 36.5950 221.5760 0.4670 0.7440   -9.9900
20068001 1994.419422 31.7570 64.1590   97   96.3036 19.3109 4.9176 36.5960 221.3010 0.4670 0.8230   -9.9900
20068001 1994.419422 31.7570 64.1590   99   98.2887 19.2850 4.9148 36.5946 220.7540 0.4650 0.8040   -9.9900
20068001 1994.419422 31.7570 64.1590  101  100.2739 19.2631 4.9126 36.5945 219.6180 0.4640 0.8310   -9.9900
20068001 1994.419422 31.7570 64.1590  103  102.2590 19.2417 4.9104 36.5944 218.4640 0.4620 0.8240   -9.9900
20068001 1994.419422 31.7570 64.1590  105  104.2441 19.2323 4.9095 36.5947 218.0880 0.4620 0.7840   -9.9900
20068001 1994.419422 31.7570 64.1590  107  106.2292 19.2137 4.9077 36.5949 217.6610 0.4590 0.7280   -9.9900
20068001 1994.419422 31.7570 64.1590  109  108.2143 19.2006 4.9063 36.5941 217.3160 0.4560 0.6970   -9.9900
20068001 1994.419422 31.7570 64.1590  111  110.1993 19.1882 4.9051 36.5945 217.0080 0.4550 0.6720   -9.9900
20068001 1994.419422 31.7570 64.1590  113  112.1843 19.1773 4.9041 36.5948 216.7580 0.4530 0.6340   -9.9900
20068001 1994.419422 31.7570 64.1590  115  114.1694 19.1641 4.9030 36.5959 216.3590 0.4510 0.5890   -9.9900
20068001 1994.419422 31.7570 64.1590  117  116.1544 19.1503 4.9016 36.5963 215.9810 0.4480 0.5500   -9.9900
20068001 1994.419422 31.7570 64.1590  119  118.1393 19.1378 4.9004 36.5964 215.8870 0.4460 0.5160   -9.9900
20068001 1994.419422 31.7570 64.1590  121  120.1243 19.1268 4.8994 36.5968 215.9480 0.4450 0.4770   -9.9900
20068001 1994.419422 31.7570 64.1590  123  122.1092 19.1199 4.8990 36.5984 215.8040 0.4440 0.4610   -9.9900
20068001 1994.419422 31.7570 64.1590  125  124.0941 19.1096 4.8980 36.5989 215.6940 0.4440 0.4550   -9.9900
20068001 1994.419422 31.7570 64.1590  127  126.0790 19.0930 4.8964 36.5989 215.0500 0.4410 0.4320   -9.9900
20068001 1994.419422 31.7570 64.1590  129  128.0639 19.0817 4.8952 36.5984 214.5830 0.4400 0.4130   -9.9900
20068001 1994.419422 31.7570 64.1590  131  130.0488 19.0726 4.8944 36.5983 214.1200 0.4390 0.3930   -9.9900
20068001 1994.419422 31.7570 64.1590  133  132.0336 19.0579 4.8929 36.5983 213.5300 0.4380 0.3750   -9.9900
20068001 1994.419422 31.7570 64.1590  135  134.0184 19.0405 4.8912 36.5982 213.0490 0.4370 0.3540   -9.9900
20068001 1994.419422 31.7570 64.1590  137  136.0032 19.0250 4.8896 36.5982 212.7320 0.4360 0.3410   -9.9900
20068001 1994.419422 31.7570 64.1590  139  137.9880 19.0087 4.8880 36.5981 212.6160 0.4350 0.3240   -9.9900
20068001 1994.419422 31.7570 64.1590  141  139.9727 18.9879 4.8858 36.5975 212.7770 0.4340 0.3060   -9.9900
20068001 1994.419422 31.7570 64.1590  143  141.9575 18.9621 4.8831 36.5963 212.9930 0.4330 0.2810   -9.9900
20068001 1994.419422 31.7570 64.1590  145  143.9422 18.9318 4.8800 36.5964 212.8500 0.4310 0.2490   -9.9900
20068001 1994.419422 31.7570 64.1590  147  145.9269 18.9190 4.8786 36.5957 211.7290 0.4310 0.2440   -9.9900
20068001 1994.419422 31.7570 64.1590  149  147.9116 18.9093 4.8778 36.5962 211.5280 0.4310 0.2340   -9.9900
20068001 1994.419422 31.7570 64.1590  151  149.8963 18.8957 4.8764 36.5961 210.9430 0.4300 0.2250   -9.9900
20068001 1994.419422 31.7570 64.1590  153  151.8809 18.8787 4.8747 36.5960 210.5480 0.4300 0.2110   -9.9900
20068001 1994.419422 31.7570 64.1590  155  153.8655 18.8611 4.8728 36.5946 211.0800 0.4290 0.2090   -9.9900
20068001 1994.419422 31.7570 64.1590  157  155.8501 18.8378 4.8702 36.5924 211.7610 0.4280 0.1910   -9.9900
20068001 1994.419422 31.7570 64.1590  159  157.8347 18.8130 4.8673 36.5895 210.9100 0.4270 0.1660   -9.9900
20068001 1994.419422 31.7570 64.1590  161  159.8193 18.7977 4.8660 36.5909 208.8700 0.4270 0.1540   -9.9900
20068001 1994.419422 31.7570 64.1590  163  161.8038 18.7830 4.8646 36.5913 209.3320 0.4270 0.1680   -9.9900
20068001 1994.419422 31.7570 64.1590  165  163.7884 18.7671 4.8627 36.5883 211.1320 0.4270 0.1680   -9.9900
20068001 1994.419422 31.7570 64.1590  167  165.7729 18.7534 4.8610 36.5857 212.4480 0.4280 0.1740   -9.9900
20068001 1994.419422 31.7570 64.1590  169  167.7574 18.7393 4.8594 36.5839 213.5770 0.4280 0.1820   -9.9900
20068001 1994.419422 31.7570 64.1590  171  169.7419 18.7317 4.8587 36.5841 213.6820 0.4280 0.1610   -9.9900
20068001 1994.419422 31.7570 64.1590  173  171.7263 18.7252 4.8581 36.5840 213.7610 0.4270 0.1460   -9.9900
20068001 1994.419422 31.7570 64.1590  175  173.7107 18.7196 4.8576 36.5838 213.7620 0.4260 0.1370   -9.9900
20068001 1994.419422 31.7570 64.1590  177  175.6952 18.7135 4.8570 36.5837 213.8080 0.4260 0.1350   -9.9900
20068001 1994.419422 31.7570 64.1590  179  177.6795 18.7056 4.8563 36.5835 213.7250 0.4260 0.1300   -9.9900
20068001 1994.419422 31.7570 64.1590  181  179.6639 18.7007 4.8559 36.5837 213.6780 0.4260 0.1260   -9.9900
20068001 1994.419422 31.7570 64.1590  183  181.6483 18.6972 4.8556 36.5836 213.5080 0.4250 0.1170   -9.9900
20068001 1994.419422 31.7570 64.1590  185  183.6326 18.6883 4.8546 36.5821 213.3270 0.4250 0.1120   -9.9900
20068001 1994.419422 31.7570 64.1590  187  185.6169 18.6760 4.8531 36.5800 213.2930 0.4240 0.1080   -9.9900
20068001 1994.419422 31.7570 64.1590  189  187.6012 18.6718 4.8528 36.5799 213.1400 0.4230 0.1050   -9.9900
20068001 1994.419422 31.7570 64.1590  191  189.5855 18.6725 4.8532 36.5822 212.4500 0.4220 0.1060   -9.9900
20068001 1994.419422 31.7570 64.1590  193  191.5698 18.6763 4.8541 36.5859 211.4730 0.4210 0.1020   -9.9900
20068001 1994.419422 31.7570 64.1590  195  193.5540 18.6791 4.8548 36.5885 210.8640 0.4210 0.1020   -9.9900
20068001 1994.419422 31.7570 64.1590  197  195.5382 18.6774 4.8549 36.5904 209.9940 0.4200 0.0980   -9.9900
20068001 1994.419422 31.7570 64.1590  199  197.5225 18.6731 4.8546 36.5903 209.6470 0.4200 0.1000   -9.9900
20068001 1994.419422 31.7570 64.1590  201  199.5066 18.6655 4.8539 36.5903 209.1350 0.4200 0.1010   -9.9900
20068001 1994.419422 31.7570 64.1590  203  201.4908 18.6608 4.8534 36.5901 209.1630 0.4200 0.1000   -9.9900
20068001 1994.419422 31.7570 64.1590  205  203.4749 18.6538 4.8528 36.5898 209.4050 0.4190 0.0960   -9.9900
20068001 1994.419422 31.7570 64.1590  207  205.4591 18.6490 4.8523 36.5895 209.6320 0.4190 0.0950   -9.9900
20068001 1994.419422 31.7570 64.1590  209  207.4432 18.6427 4.8517 36.5891 210.0620 0.4190 0.0920   -9.9900
20068001 1994.419422 31.7570 64.1590  211  209.4273 18.6354 4.8511 36.5899 210.8900 0.4190 0.0960   -9.9900
20068001 1994.419422 31.7570 64.1590  213  211.4113 18.6332 4.8512 36.5915 211.9690 0.4190 0.0900   -9.9900
20068001 1994.419422 31.7570 64.1590  215  213.3954 18.6313 4.8511 36.5917 212.1740 0.4180 0.0860   -9.9900
20068002 1994.421699 31.7460 64.1340    6    5.9582 23.6224 5.3470 36.3990 213.3180 0.4710 0.1530   -9.9900
20068002 1994.421699 31.7460 64.1340    8    7.9443 23.6216 5.3469 36.3984 213.3460 0.4720 0.1550   -9.9900
20068002 1994.421699 31.7460 64.1340   10    9.9303 23.6208 5.3469 36.3983 213.3320 0.4720 0.1560   -9.9900
20068002 1994.421699 31.7460 64.1340   12   11.9163 23.6188 5.3468 36.3985 213.4860 0.4730 0.1570   -9.9900
20068002 1994.421699 31.7460 64.1340   14   13.9023 23.5834 5.3438 36.4043 213.5440 0.4720 0.1560   -9.9900
20068002 1994.421699 31.7460 64.1340   16   15.8883 23.3086 5.3182 36.4331 214.6870 0.4710 0.1520   -9.9900
20068002 1994.421699 31.7460 64.1340   18   17.8742 23.1066 5.2991 36.4523 215.7100 0.4750 0.1510   -9.9900
20068002 1994.421699 31.7460 64.1340   20   19.8601 23.0238 5.2932 36.4743 216.2490 0.4750 0.1570   -9.9900
20068002 1994.421699 31.7460 64.1340   22   21.8460 22.9514 5.2876 36.4902 216.4340 0.4760 0.1580   -9.9900
20068002 1994.421699 31.7460 64.1340   24   23.8319 22.7317 5.2699 36.5350 217.6150 0.4760 0.1560   -9.9900
20068002 1994.421699 31.7460 64.1340   26   25.8178 22.4599 5.2490 36.5991 219.3710 0.4760 0.1600   -9.9900
20068002 1994.421699 31.7460 64.1340   28   27.8036 22.2491 5.2312 36.6359 220.7470 0.4760 0.1580   -9.9900
20068002 1994.421699 31.7460 64.1340   30   29.7895 22.1907 5.2262 36.6451 221.2640 0.4740 0.1580   -9.9900
20068002 1994.421699 31.7460 64.1340   32   31.7753 22.0146 5.2072 36.6429 221.9550 0.4740 0.1870   -9.9900
20068002 1994.421699 31.7460 64.1340   34   33.7611 21.8455 5.1884 36.6369 222.1180 0.4740 0.1720   -9.9900
20068002 1994.421699 31.7460 64.1340   36   35.7469 21.4836 5.1485 36.6255 223.1750 0.4750 0.1720   -9.9900
20068002 1994.421699 31.7460 64.1340   38   37.7326 21.3319 5.1318 36.6210 223.9150 0.4750 0.1770   -9.9900
20068002 1994.421699 31.7460 64.1340   40   39.7183 21.1888 5.1171 36.6241 224.6990 0.4760 0.1760   -9.9900
20068002 1994.421699 31.7460 64.1340   42   41.7041 21.0370 5.1008 36.6223 224.4930 0.4750 0.1750   -9.9900
20068002 1994.421699 31.7460 64.1340   44   43.6897 20.9017 5.0858 36.6167 224.5450 0.4730 0.1880   -9.9900
20068002 1994.421699 31.7460 64.1340   46   45.6754 20.7688 5.0716 36.6152 224.7050 0.4730 0.2080   -9.9900
20068002 1994.421699 31.7460 64.1340   48   47.6611 20.6524 5.0597 36.6178 225.3730 0.4750 0.2130   -9.9900
20068002 1994.421699 31.7460 64.1340   50   49.6467 20.5356 5.0475 36.6186 225.3780 0.4760 0.2090   -9.9900
20068002 1994.421699 31.7460 64.1340   52   51.6323 20.4149 5.0349 36.6191 225.1280 0.4780 0.2140   -9.9900
20068002 1994.421699 31.7460 64.1340   54   53.6179 20.3226 5.0250 36.6179 225.3260 0.4770 0.2310   -9.9900
20068002 1994.421699 31.7460 64.1340   56   55.6035 20.2471 5.0170 36.6167 225.1030 0.4770 0.2450   -9.9900
20068002 1994.421699 31.7460 64.1340   58   57.5891 20.1792 5.0097 36.6153 225.0690 0.4770 0.2540   -9.9900
20068002 1994.421699 31.7460 64.1340   60   59.5746 20.1039 5.0017 36.6139 225.1810 0.4770 0.2690   -9.9900
20068002 1994.421699 31.7460 64.1340   62   61.5601 20.0430 4.9952 36.6132 225.2790 0.4780 0.2890   -9.9900
20068002 1994.421699 31.7460 64.1340   64   63.5456 20.0182 4.9928 36.6142 225.2370 0.4790 0.3070   -9.9900
20068002 1994.421699 31.7460 64.1340   66   65.5311 19.9835 4.9892 36.6140 225.0370 0.4790 0.2890   -9.9900
20068002 1994.421699 31.7460 64.1340   68   67.5166 19.9344 4.9840 36.6129 224.8070 0.4770 0.3330   -9.9900
20068002 1994.421699 31.7460 64.1340   70   69.5020 19.8685 4.9769 36.6107 225.0450 0.4760 0.3720   -9.9900
20068002 1994.421699 31.7460 64.1340   72   71.4875 19.8387 4.9736 36.6088 225.3300 0.4760 0.3710   -9.9900
20068002 1994.421699 31.7460 64.1340   74   73.4729 19.7788 4.9671 36.6063 225.9610 0.4760 0.3870   -9.9900
20068002 1994.421699 31.7460 64.1340   76   75.4583 19.7240 4.9611 36.6039 226.8120 0.4770 0.4080   -9.9900
20068002 1994.421699 31.7460 64.1340   78   77.4436 19.6738 4.9557 36.6020 227.5970 0.4780 0.4240   -9.9900
20068002 1994.421699 31.7460 64.1340   80   79.4290 19.6268 4.9506 36.6001 228.1580 0.4780 0.4410   -9.9900
20068002 1994.421699 31.7460 64.1340   82   81.4143 19.5773 4.9452 36.5985 228.5190 0.4770 0.4670   -9.9900
20068002 1994.421699 31.7460 64.1340   84   83.3996 19.5732 4.9449 36.5985 228.2230 0.4750 0.4700   -9.9900
20068002 1994.421699 31.7460 64.1340   86   85.3849 19.5586 4.9434 36.5981 228.1490 0.4740 0.4730   -9.9900
20068002 1994.421699 31.7460 64.1340   88   87.3702 19.5307 4.9405 36.5972 228.0730 0.4720 0.4720   -9.9900
20068002 1994.421699 31.7460 64.1340   90   89.3554 19.4189 4.9285 36.5948 228.2290 0.4710 0.4990   -9.9900
20068002 1994.421699 31.7460 64.1340   92   91.3407 19.3334 4.9193 36.5928 228.0510 0.4700 0.5590   -9.9900
20068002 1994.421699 31.7460 64.1340   94   93.3259 19.3198 4.9180 36.5928 227.3830 0.4690 0.5580   -9.9900
20068002 1994.421699 31.7460 64.1340   96   95.3111 19.2928 4.9152 36.5926 227.4800 0.4680 0.5590   -9.9900
20068002 1994.421699 31.7460 64.1340   98   97.2962 19.2778 4.9137 36.5926 227.0620 0.4660 0.5690   -9.9900
20068002 1994.421699 31.7460 64.1340  100   99.2814 19.2622 4.9122 36.5927 226.6090 0.4650 0.5490   -9.9900
20068002 1994.421699 31.7460 64.1340  102  101.2665 19.2326 4.9091 36.5924 225.4360 0.4630 0.5510   -9.9900
20068002 1994.421699 31.7460 64.1340  104  103.2517 19.1976 4.9056 36.5926 222.6860 0.4590 0.6000   -9.9900
20068002 1994.421699 31.7460 64.1340  106  105.2368 19.1746 4.9034 36.5935 220.9430 0.4590 0.6710   -9.9900
20068002 1994.421699 31.7460 64.1340  108  107.2218 19.1395 4.9003 36.5976 217.0220 0.4560 0.7560   -9.9900
20068002 1994.421699 31.7460 64.1340  110  109.2069 19.1478 4.9015 36.6002 216.4470 0.4540 0.7050   -9.9900
20068002 1994.421699 31.7460 64.1340  112  111.1919 19.1447 4.9014 36.6009 215.7310 0.4530 0.6410   -9.9900
20068002 1994.421699 31.7460 64.1340  114  113.1770 19.1427 4.9013 36.6016 215.2240 0.4530 0.6060   -9.9900
20068002 1994.421699 31.7460 64.1340  116  115.1620 19.1221 4.8990 36.5997 215.0960 0.4530 0.6080   -9.9900
20068002 1994.421699 31.7460 64.1340  118  117.1469 19.0931 4.8958 36.5975 215.6290 0.4510 0.5830   -9.9900
20068002 1994.421699 31.7460 64.1340  120  119.1319 19.0876 4.8954 36.5977 215.9000 0.4480 0.5510   -9.9900
20068002 1994.421699 31.7460 64.1340  122  121.1169 19.0825 4.8950 36.5980 215.4680 0.4450 0.5050   -9.9900
20068002 1994.421699 31.7460 64.1340  124  123.1018 19.0794 4.8947 36.5978 215.1830 0.4440 0.4760   -9.9900
20068002 1994.421699 31.7460 64.1340  126  125.0867 19.0616 4.8928 36.5965 215.2880 0.4430 0.4610   -9.9900
20068002 1994.421699 31.7460 64.1340  128  127.0716 19.0452 4.8910 36.5951 215.3140 0.4420 0.4360   -9.9900
20068002 1994.421699 31.7460 64.1340  130  129.0564 19.0333 4.8897 36.5940 215.2420 0.4410 0.4090   -9.9900
20068002 1994.421699 31.7460 64.1340  132  131.0413 19.0253 4.8889 36.5936 215.3230 0.4410 0.4040   -9.9900
20068002 1994.421699 31.7460 64.1340  134  133.0261 19.0217 4.8887 36.5942 215.2080 0.4400 0.4090   -9.9900
20068002 1994.421699 31.7460 64.1340  136  135.0109 19.0000 4.8864 36.5936 214.7410 0.4390 0.3880   -9.9900
20068002 1994.421699 31.7460 64.1340  138  136.9957 18.9807 4.8844 36.5927 214.5270 0.4380 0.3640   -9.9900
20068002 1994.421699 31.7460 64.1340  140  138.9805 18.9612 4.8823 36.5917 214.3490 0.4370 0.3380   -9.9900
20068002 1994.421699 31.7460 64.1340  142  140.9652 18.9424 4.8802 36.5902 214.0990 0.4350 0.3040   -9.9900
20068002 1994.421699 31.7460 64.1340  144  142.9500 18.9382 4.8799 36.5904 213.8370 0.4330 0.2760   -9.9900
20068002 1994.421699 31.7460 64.1340  146  144.9347 18.9257 4.8791 36.5938 212.9500 0.4320 0.2500   -9.9900
20068002 1994.421699 31.7460 64.1340  148  146.9194 18.9130 4.8776 36.5920 213.7640 0.4320 0.2450   -9.9900
20068002 1994.421699 31.7460 64.1340  150  148.9041 18.8929 4.8753 36.5898 213.8170 0.4320 0.2360   -9.9900
20068002 1994.421699 31.7460 64.1340  152  150.8887 18.8853 4.8746 36.5895 212.4370 0.4310 0.2120   -9.9900
20068002 1994.421699 31.7460 64.1340  154  152.8734 18.8879 4.8754 36.5931 211.0890 0.4300 0.1990   -9.9900
20068002 1994.421699 31.7460 64.1340  156  154.8580 18.8793 4.8747 36.5938 210.4810 0.4300 0.1860   -9.9900
20068002 1994.421699 31.7460 64.1340  158  156.8426 18.8642 4.8730 36.5924 210.8780 0.4290 0.1850   -9.9900
20068002 1994.421699 31.7460 64.1340  160  158.8272 18.8557 4.8722 36.5924 211.2630 0.4290 0.1820   -9.9900
20068002 1994.421699 31.7460 64.1340  162  160.8117 18.8434 4.8709 36.5917 211.3790 0.4290 0.1880   -9.9900
20068002 1994.421699 31.7460 64.1340  164  162.7963 18.8287 4.8694 36.5910 211.6480 0.4290 0.1800   -9.9900
20068002 1994.421699 31.7460 64.1340  166  164.7808 18.8112 4.8675 36.5896 211.6770 0.4280 0.1660   -9.9900
20068002 1994.421699 31.7460 64.1340  168  166.7653 18.7922 4.8654 36.5881 212.3680 0.4280 0.1610   -9.9900
20068002 1994.421699 31.7460 64.1340  170  168.7498 18.7853 4.8647 36.5875 211.3910 0.4280 0.1650   -9.9900
20068002 1994.421699 31.7460 64.1340  172  170.7342 18.7824 4.8646 36.5889 209.8660 0.4290 0.1620   -9.9900
20068002 1994.421699 31.7460 64.1340  174  172.7187 18.7773 4.8644 36.5906 208.6330 0.4280 0.1570   -9.9900
20068002 1994.421699 31.7460 64.1340  176  174.7031 18.7662 4.8634 36.5912 208.4460 0.4280 0.1530   -9.9900
20068002 1994.421699 31.7460 64.1340  178  176.6875 18.7581 4.8626 36.5912 207.7500 0.4270 0.1470   -9.9900
20068002 1994.421699 31.7460 64.1340  180  178.6719 18.7479 4.8617 36.5913 207.1430 0.4270 0.1440   -9.9900
20068002 1994.421699 31.7460 64.1340  182  180.6563 18.7372 4.8606 36.5913 206.6500 0.4270 0.1390   -9.9900
20068002 1994.421699 31.7460 64.1340  184  182.6406 18.7227 4.8592 36.5910 206.3120 0.4260 0.1300   -9.9900
20068002 1994.421699 31.7460 64.1340  186  184.6250 18.7099 4.8579 36.5904 205.6270 0.4250 0.1250   -9.9900
20068002 1994.421699 31.7460 64.1340  188  186.6093 18.7032 4.8572 36.5903 204.9430 0.4250 0.1180   -9.9900
20068002 1994.421699 31.7460 64.1340  190  188.5936 18.6999 4.8570 36.5904 204.7820 0.4240 0.1150   -9.9900
20068002 1994.421699 31.7460 64.1340  192  190.5778 18.6934 4.8564 36.5902 204.9330 0.4240 0.1110   -9.9900
20068002 1994.421699 31.7460 64.1340  194  192.5621 18.6774 4.8547 36.5892 205.4220 0.4240 0.1070   -9.9900
20068002 1994.421699 31.7460 64.1340  196  194.5463 18.6664 4.8535 36.5885 205.7730 0.4230 0.1050   -9.9900
20068002 1994.421699 31.7460 64.1340  198  196.5305 18.6523 4.8520 36.5873 206.5340 0.4230 0.1030   -9.9900
20068002 1994.421699 31.7460 64.1340  200  198.5147 18.6363 4.8501 36.5849 207.4540 0.4220 0.1010   -9.9900
20068002 1994.421699 31.7460 64.1340  202  200.4989 18.6265 4.8491 36.5841 207.9200 0.4220 0.0950   -9.9900
20068002 1994.421699 31.7460 64.1340  204  202.4831 18.6209 4.8486 36.5843 208.4440 0.4220 0.0910   -9.9900
20068002 1994.421699 31.7460 64.1340  206  204.4672 18.6046 4.8468 36.5826 208.6730 0.4220 0.1020   -9.9900
