20016001 1990.083586 31.8900 64.2400    4    3.9721 21.5300 5.1654 36.7330  -9.9900 0.4070 0.0210  527.2000
20016001 1990.083586 31.8900 64.2400    6    5.9582 21.5220 5.1648 36.7340  -9.9900 0.4080 0.0180  442.0900
20016001 1990.083586 31.8900 64.2400    8    7.9442 21.5140 5.1639 36.7330  -9.9900 0.4080 0.0220  357.3000
20016001 1990.083586 31.8900 64.2400   10    9.9302 21.5080 5.1633 36.7330  -9.9900 0.4090 0.0230  321.5100
20016001 1990.083586 31.8900 64.2400   12   11.9162 21.5040 5.1630 36.7330  -9.9900 0.4080 0.0240  298.9400
20016001 1990.083586 31.8900 64.2400   14   13.9021 21.5020 5.1629 36.7330  -9.9900 0.4080 0.0310  261.0600
20016001 1990.083586 31.8900 64.2400   16   15.8881 21.4970 5.1624 36.7330  -9.9900 0.4080 0.0440  247.7600
20016001 1990.083586 31.8900 64.2400   18   17.8740 21.4960 5.1624 36.7330  -9.9900 0.4080 0.0380  216.3300
20016001 1990.083586 31.8900 64.2400   20   19.8599 21.4950 5.1624 36.7330  -9.9900 0.4090 0.0370  209.7800
20016001 1990.083586 31.8900 64.2400   22   21.8458 21.4940 5.1624 36.7330  -9.9900 0.4060 0.0400  187.6600
20016001 1990.083586 31.8900 64.2400   24   23.8316 21.4950 5.1626 36.7330  -9.9900 0.4080 0.0390  177.2300
20016001 1990.083586 31.8900 64.2400   26   25.8175 21.4940 5.1626 36.7330  -9.9900 0.4080 0.0400  158.8600
20016001 1990.083586 31.8900 64.2400   28   27.8033 21.4940 5.1627 36.7330  -9.9900 0.4070 0.0440  148.2500
20016001 1990.083586 31.8900 64.2400   30   29.7891 21.4950 5.1629 36.7330  -9.9900 0.4080 0.0480  140.0900
20016001 1990.083586 31.8900 64.2400   32   31.7749 21.4950 5.1629 36.7330  -9.9900 0.4080 0.0500  127.5000
20016001 1990.083586 31.8900 64.2400   34   33.7607 21.4940 5.1629 36.7330  -9.9900 0.4100 0.0600  119.2500
20016001 1990.083586 31.8900 64.2400   36   35.7464 21.4930 5.1629 36.7330  -9.9900 0.4090 0.0590  109.4700
20016001 1990.083586 31.8900 64.2400   38   37.7322 21.4940 5.1631 36.7330  -9.9900 0.4070 0.0550  103.1500
20016001 1990.083586 31.8900 64.2400   40   39.7179 21.4930 5.1631 36.7330  -9.9900 0.4080 0.0560   94.8600
20016001 1990.083586 31.8900 64.2400   42   41.7036 21.4930 5.1632 36.7330  -9.9900 0.4080 0.0600   86.8300
20016001 1990.083586 31.8900 64.2400   44   43.6892 21.4910 5.1631 36.7330  -9.9900 0.4080 0.0630   81.2300
20016001 1990.083586 31.8900 64.2400   46   45.6749 21.4860 5.1626 36.7330  -9.9900 0.4080 0.0650   75.5500
20016001 1990.083586 31.8900 64.2400   48   47.6605 21.4770 5.1616 36.7320  -9.9900 0.4080 0.0700   70.3300
20016001 1990.083586 31.8900 64.2400   50   49.6461 21.4160 5.1547 36.7280  -9.9900 0.4090 0.0850   65.5800
20016001 1990.083586 31.8900 64.2400   52   51.6317 21.3410 5.1466 36.7270  -9.9900 0.4070 0.0910   60.8800
20016001 1990.083586 31.8900 64.2400   54   53.6173 21.2960 5.1417 36.7250  -9.9900 0.4070 0.0900   56.6800
20016001 1990.083586 31.8900 64.2400   56   55.6029 21.2570 5.1375 36.7240  -9.9900 0.4070 0.1000   52.9600
20016001 1990.083586 31.8900 64.2400   58   57.5884 21.2150 5.1330 36.7230  -9.9900 0.4080 0.1100   49.1000
20016001 1990.083586 31.8900 64.2400   60   59.5739 21.1850 5.1296 36.7210  -9.9900 0.4100 0.1210   45.7200
20016001 1990.083586 31.8900 64.2400   62   61.5594 21.1320 5.1239 36.7200  -9.9900 0.4070 0.1310   42.5800
20016001 1990.083586 31.8900 64.2400   64   63.5449 21.0980 5.1203 36.7190  -9.9900 0.4060 0.1350   39.1900
20016001 1990.083586 31.8900 64.2400   66   65.5303 21.0860 5.1191 36.7190  -9.9900 0.4060 0.1460   36.5200
20016001 1990.083586 31.8900 64.2400   68   67.5158 21.0830 5.1187 36.7180  -9.9900 0.4070 0.1680   33.6300
20016001 1990.083586 31.8900 64.2400   70   69.5012 21.0830 5.1187 36.7170  -9.9900 0.4070 0.1740   30.9800
20016001 1990.083586 31.8900 64.2400   72   71.4866 21.0730 5.1173 36.7140  -9.9900 0.4050 0.1590   28.4400
20016001 1990.083586 31.8900 64.2400   74   73.4720 21.0550 5.1153 36.7120  -9.9900 0.4070 0.1590   26.3700
20016001 1990.083586 31.8900 64.2400   76   75.4574 21.0390 5.1137 36.7120  -9.9900 0.4040 0.1810   24.2800
20016001 1990.083586 31.8900 64.2400   78   77.4427 21.0360 5.1138 36.7150  -9.9900 0.4090 0.1960   22.3200
20016001 1990.083586 31.8900 64.2400   80   79.4280 21.0580 5.1170 36.7210  -9.9900 0.4040 0.1900   20.7100
20016001 1990.083586 31.8900 64.2400   82   81.4133 21.0580 5.1173 36.7230  -9.9900 0.4040 0.2040   18.9400
20016001 1990.083586 31.8900 64.2400   84   83.3986 21.0400 5.1149 36.7180  -9.9900 0.4040 0.2020   17.4700
20016001 1990.083586 31.8900 64.2400   86   85.3839 21.0270 5.1131 36.7140  -9.9900 0.4050 0.2110   16.1300
20016001 1990.083586 31.8900 64.2400   88   87.3691 21.0240 5.1127 36.7130  -9.9900 0.4040 0.2200   14.7100
20016001 1990.083586 31.8900 64.2400   90   89.3544 21.0160 5.1116 36.7100  -9.9900 0.4050 0.2320   13.7100
20016001 1990.083586 31.8900 64.2400   92   91.3396 21.0050 5.1101 36.7070  -9.9900 0.4040 0.2340   12.7100
20016001 1990.083586 31.8900 64.2400   94   93.3248 20.9820 5.1069 36.7000  -9.9900 0.4040 0.2410   11.5800
20016001 1990.083586 31.8900 64.2400   96   95.3099 20.9590 5.1038 36.6940  -9.9900 0.4040 0.2460   10.7000
20016001 1990.083586 31.8900 64.2400   98   97.2951 20.9460 5.1020 36.6900  -9.9900 0.4040 0.2490    9.8500
20016001 1990.083586 31.8900 64.2400  100   99.2802 20.9430 5.1018 36.6900  -9.9900 0.4050 0.2570    9.0500
20016001 1990.083586 31.8900 64.2400  102  101.2653 20.9390 5.1015 36.6900  -9.9900 0.4050 0.2730    8.3200
20016001 1990.083586 31.8900 64.2400  104  103.2504 20.9300 5.1003 36.6880  -9.9900 0.4040 0.2720    7.6900
20016001 1990.083586 31.8900 64.2400  106  105.2355 20.9240 5.0998 36.6880  -9.9900 0.4040 0.2690    7.0500
20016001 1990.083586 31.8900 64.2400  108  107.2206 20.9170 5.0990 36.6870  -9.9900 0.4050 0.2660    6.5600
20016001 1990.083586 31.8900 64.2400  110  109.2056 20.9080 5.0980 36.6860  -9.9900 0.4030 0.2610    6.0700
20016001 1990.083586 31.8900 64.2400  112  111.1906 20.8930 5.0961 36.6830  -9.9900 0.4040 0.2580    5.6100
20016001 1990.083586 31.8900 64.2400  114  113.1756 20.8770 5.0943 36.6810  -9.9900 0.4040 0.2390    5.1700
20016001 1990.083586 31.8900 64.2400  116  115.1606 20.8670 5.0936 36.6830  -9.9900 0.4020 0.2160    4.7700
20016001 1990.083586 31.8900 64.2400  118  117.1456 20.8640 5.0939 36.6880  -9.9900 0.4000 0.2030    4.4500
20016001 1990.083586 31.8900 64.2400  120  119.1305 20.8430 5.0922 36.6910  -9.9900 0.3990 0.1810    4.1200
20016001 1990.083586 31.8900 64.2400  122  121.1154 20.8360 5.0921 36.6960  -9.9900 0.4000 0.1760    3.7700
20016001 1990.083586 31.8900 64.2400  124  123.1003 20.8390 5.0928 36.6980  -9.9900 0.3960 0.1750    3.5100
20016001 1990.083586 31.8900 64.2400  126  125.0852 20.8090 5.0897 36.6980  -9.9900 0.3980 0.1690    3.2800
20016001 1990.083586 31.8900 64.2400  128  127.0701 20.7710 5.0857 36.6980  -9.9900 0.3970 0.1640    3.0400
20016001 1990.083586 31.8900 64.2400  130  129.0549 20.7640 5.0850 36.6970  -9.9900 0.3960 0.1610    2.8100
20016001 1990.083586 31.8900 64.2400  132  131.0397 20.7390 5.0823 36.6960  -9.9900 0.3960 0.1570    2.5800
20016001 1990.083586 31.8900 64.2400  134  133.0245 20.7360 5.0819 36.6950  -9.9900 0.3950 0.1560    2.3900
20016001 1990.083586 31.8900 64.2400  136  135.0093 20.6900 5.0766 36.6910  -9.9900 0.3950 0.1520    2.2300
20016001 1990.083586 31.8900 64.2400  138  136.9941 20.5160 5.0568 36.6790  -9.9900 0.3920 0.1370    2.0800
20016001 1990.083586 31.8900 64.2400  140  138.9788 20.3880 5.0421 36.6690  -9.9900 0.3920 0.1280    1.9000
20016001 1990.083586 31.8900 64.2400  142  140.9636 20.2490 5.0258 36.6560  -9.9900 0.3910 0.1220    1.7500
20016001 1990.083586 31.8900 64.2400  144  142.9483 20.0520 5.0045 36.6510  -9.9900 0.3890 0.1250    1.6300
20016001 1990.083586 31.8900 64.2400  146  144.9330 19.8390 4.9808 36.6410  -9.9900 0.3870 0.1330    1.5000
20016001 1990.083586 31.8900 64.2400  148  146.9176 19.8230 4.9790 36.6390  -9.9900 0.3890 0.1300    1.3800
20016001 1990.083586 31.8900 64.2400  150  148.9023 19.7290 4.9688 36.6360  -9.9900 0.3870 0.1270    1.2700
20016001 1990.083586 31.8900 64.2400  152  150.8869 19.4330 4.9366 36.6270  -9.9900 0.3870 0.1310    1.1600
20016001 1990.083586 31.8900 64.2400  154  152.8715 19.3080 4.9232 36.6240  -9.9900 0.3870 0.1240    1.0700
20016001 1990.083586 31.8900 64.2400  156  154.8561 19.2720 4.9190 36.6200  -9.9900 0.3840 0.1200    0.9800
20016001 1990.083586 31.8900 64.2400  158  156.8407 19.2470 4.9161 36.6170  -9.9900 0.3850 0.1200    0.9100
20016001 1990.083586 31.8900 64.2400  160  158.8253 19.1810 4.9090 36.6150  -9.9900 0.3820 0.1180    0.8500
20016001 1990.083586 31.8900 64.2400  162  160.8098 19.1280 4.9031 36.6110  -9.9900 0.3820 0.1090    0.7800
20016001 1990.083586 31.8900 64.2400  164  162.7943 19.0800 4.8976 36.6070  -9.9900 0.3830 0.1020    0.7100
20016001 1990.083586 31.8900 64.2400  166  164.7788 19.0810 4.8976 36.6050  -9.9900 0.3840 0.0970    0.6600
20016001 1990.083586 31.8900 64.2400  168  166.7633 19.0820 4.8978 36.6050  -9.9900 0.3820 0.0940    0.6200
20016001 1990.083586 31.8900 64.2400  170  168.7478 19.0820 4.8978 36.6040  -9.9900 0.3810 0.0920    0.5600
20016001 1990.083586 31.8900 64.2400  172  170.7322 19.0500 4.8943 36.6020  -9.9900 0.3810 0.0870    0.5200
20016001 1990.083586 31.8900 64.2400  174  172.7166 18.9940 4.8881 36.5990  -9.9900 0.3810 0.0810    0.4800
20016001 1990.083586 31.8900 64.2400  176  174.7010 18.9500 4.8832 36.5960  -9.9900 0.3800 0.0700    0.4400
20016001 1990.083586 31.8900 64.2400  178  176.6854 18.9300 4.8809 36.5930  -9.9900 0.3780 0.0720    0.4100
20016001 1990.083586 31.8900 64.2400  180  178.6698 18.9260 4.8805 36.5930  -9.9900 0.3820 0.0660    0.3800
20016001 1990.083586 31.8900 64.2400  182  180.6541 18.9060 4.8784 36.5920  -9.9900 0.3800 0.0650    0.3500
20016001 1990.083586 31.8900 64.2400  184  182.6384 18.8810 4.8755 36.5890  -9.9900 0.3810 0.0630    0.3300
20016001 1990.083586 31.8900 64.2400  186  184.6228 18.8600 4.8732 36.5870  -9.9900 0.3800 0.0600    0.3100
20016001 1990.083586 31.8900 64.2400  188  186.6070 18.8310 4.8701 36.5860  -9.9900 0.3790 0.0590    0.2900
20016001 1990.083586 31.8900 64.2400  190  188.5913 18.8040 4.8673 36.5850  -9.9900 0.3780 0.0590    0.2800
20016001 1990.083586 31.8900 64.2400  192  190.5756 18.7800 4.8645 36.5820  -9.9900 0.3780 0.0500    0.2800
20016001 1990.083586 31.8900 64.2400  194  192.5598 18.7600 4.8625 36.5820  -9.9900 0.3780 0.0430    0.2700
20016001 1990.083586 31.8900 64.2400  196  194.5440 18.7370 4.8598 36.5790  -9.9900 0.3780 0.0330    0.2700
20016001 1990.083586 31.8900 64.2400  198  196.5282 18.7070 4.8565 36.5770  -9.9900 0.3780 0.0310    0.2600
20016001 1990.083586 31.8900 64.2400  200  198.5124 18.6930 4.8550 36.5760  -9.9900 0.3780 0.0370    0.2600
20016001 1990.083586 31.8900 64.2400  202  200.4965 18.6820 4.8538 36.5750  -9.9900 0.3780 0.0380    0.2600
20016001 1990.083586 31.8900 64.2400  204  202.4807 18.6750 4.8532 36.5750  -9.9900 0.3770 0.0360    0.2600
20016001 1990.083586 31.8900 64.2400  206  204.4648 18.6660 4.8522 36.5740  -9.9900 0.3780 0.0260    0.2600
20016001 1990.083586 31.8900 64.2400  208  206.4489 18.6550 4.8512 36.5740  -9.9900 0.3750 0.0240    0.2500
20016001 1990.083586 31.8900 64.2400  210  208.4329 18.6470 4.8503 36.5730  -9.9900 0.3760 0.0240    0.2500
20016001 1990.083586 31.8900 64.2400  212  210.4170 18.6370 4.8492 36.5720  -9.9900 0.3770 0.0230    0.2500
20016001 1990.083586 31.8900 64.2400  214  212.4010 18.6250 4.8479 36.5710  -9.9900 0.3780 0.0180    0.2500
20016001 1990.083586 31.8900 64.2400  216  214.3851 18.5950 4.8448 36.5700  -9.9900 0.3760 0.0160    0.2500
20016001 1990.083586 31.8900 64.2400  218  216.3691 18.5740 4.8424 36.5680  -9.9900 0.3760 0.0140    0.2500
20016001 1990.083586 31.8900 64.2400  220  218.3530 18.5620 4.8411 36.5670  -9.9900 0.3750 0.0110    0.2500
20016001 1990.083586 31.8900 64.2400  222  220.3370 18.5410 4.8388 36.5650  -9.9900 0.3760 0.0130    0.2500
20016001 1990.083586 31.8900 64.2400  224  222.3209 18.5170 4.8363 36.5640  -9.9900 0.3770 0.0130    0.2500
20016001 1990.083586 31.8900 64.2400  226  224.3049 18.5110 4.8356 36.5630  -9.9900 0.3760 0.0110    0.2400
20016001 1990.083586 31.8900 64.2400  228  226.2888 18.5040 4.8347 36.5610  -9.9900 0.3780 0.0090    0.2400
20016001 1990.083586 31.8900 64.2400  230  228.2727 18.4840 4.8326 36.5600  -9.9900 0.3750 0.0100    0.2400
20016001 1990.083586 31.8900 64.2400  232  230.2565 18.4710 4.8311 36.5580  -9.9900 0.3750 0.0140    0.2400
20016001 1990.083586 31.8900 64.2400  234  232.2404 18.4660 4.8307 36.5580  -9.9900 0.3760 0.0150    0.2400
20016001 1990.083586 31.8900 64.2400  236  234.2242 18.4610 4.8302 36.5580  -9.9900 0.3740 0.0110    0.2400
20016001 1990.083586 31.8900 64.2400  238  236.2080 18.4490 4.8290 36.5570  -9.9900 0.3750 0.0060    0.2400
20016001 1990.083586 31.8900 64.2400  240  238.1918 18.4400 4.8280 36.5560  -9.9900 0.3750 0.0020    0.2400
20016001 1990.083586 31.8900 64.2400  242  240.1756 18.4330 4.8272 36.5550  -9.9900 0.3750 0.0070    0.2400
20016001 1990.083586 31.8900 64.2400  244  242.1593 18.4240 4.8264 36.5550  -9.9900 0.3740 0.0040    0.2400
20016001 1990.083586 31.8900 64.2400  246  244.1430 18.4180 4.8257 36.5540  -9.9900 0.3740 0.0030    0.2400
20016001 1990.083586 31.8900 64.2400  248  246.1268 18.4060 4.8243 36.5520  -9.9900 0.3750 0.0070    0.2400
20016001 1990.083586 31.8900 64.2400  250  248.1105 18.3970 4.8235 36.5520  -9.9900 0.3750 0.0060    0.2400
20016001 1990.083586 31.8900 64.2400  252  250.0941 18.3940 4.8231 36.5510  -9.9900 0.3750 0.0050    0.2400
20016001 1990.083586 31.8900 64.2400  254  252.0778 18.3790 4.8214 36.5490  -9.9900 0.3750 0.0030    0.2300
20016002 1990.084087 31.9090 64.2390    3    2.9791 21.5860 5.1712 36.7320  -9.9900 0.4080 0.0380  317.2300
20016002 1990.084087 31.9090 64.2390    5    4.9651 21.5800 5.1708 36.7330  -9.9900 0.4110 0.0500  167.3000
20016002 1990.084087 31.9090 64.2390    7    6.9512 21.5800 5.1709 36.7330  -9.9900 0.4140 0.0380  129.6900
20016002 1990.084087 31.9090 64.2390    9    8.9372 21.5690 5.1698 36.7330  -9.9900 0.4120 0.0460  118.1300
20016002 1990.084087 31.9090 64.2390   11   10.9232 21.5710 5.1701 36.7330  -9.9900 0.4110 0.0470   94.1400
20016002 1990.084087 31.9090 64.2390   13   12.9091 21.5730 5.1704 36.7330  -9.9900 0.4120 0.0440   83.7100
20016002 1990.084087 31.9090 64.2390   15   14.8951 21.5610 5.1692 36.7330  -9.9900 0.4120 0.0480   70.5600
20016002 1990.084087 31.9090 64.2390   17   16.8810 21.5180 5.1648 36.7340  -9.9900 0.4110 0.0490   68.8600
20016002 1990.084087 31.9090 64.2390   19   18.8669 21.4990 5.1629 36.7340  -9.9900 0.4140 0.0540   62.9800
20016002 1990.084087 31.9090 64.2390   21   20.8528 21.4970 5.1627 36.7330  -9.9900 0.4120 0.0550   58.3100
20016002 1990.084087 31.9090 64.2390   23   22.8387 21.4950 5.1625 36.7330  -9.9900 0.4120 0.0520   53.7700
20016002 1990.084087 31.9090 64.2390   25   24.8245 21.4930 5.1624 36.7330  -9.9900 0.4130 0.0530   49.9500
20016002 1990.084087 31.9090 64.2390   27   26.8104 21.4910 5.1623 36.7330  -9.9900 0.4140 0.0540   47.9300
20016002 1990.084087 31.9090 64.2390   29   28.7962 21.4900 5.1623 36.7330  -9.9900 0.4120 0.0610   44.4300
20016002 1990.084087 31.9090 64.2390   31   30.7820 21.4890 5.1623 36.7330  -9.9900 0.4120 0.0660   41.2000
20016002 1990.084087 31.9090 64.2390   33   32.7677 21.4850 5.1619 36.7330  -9.9900 0.4130 0.0620   38.2500
20016002 1990.084087 31.9090 64.2390   35   34.7535 21.4820 5.1617 36.7330  -9.9900 0.4150 0.0700   35.5200
20016002 1990.084087 31.9090 64.2390   37   36.7392 21.4800 5.1616 36.7330  -9.9900 0.4130 0.0680   32.6400
20016002 1990.084087 31.9090 64.2390   39   38.7250 21.4780 5.1614 36.7330  -9.9900 0.4120 0.0700   29.7800
20016002 1990.084087 31.9090 64.2390   41   40.7107 21.4760 5.1613 36.7330  -9.9900 0.4130 0.0710   27.7100
20016002 1990.084087 31.9090 64.2390   43   42.6963 21.4690 5.1607 36.7330  -9.9900 0.4140 0.0810   25.6600
20016002 1990.084087 31.9090 64.2390   45   44.6820 21.4130 5.1544 36.7300  -9.9900 0.4150 0.0930   23.7100
20016002 1990.084087 31.9090 64.2390   47   46.6676 21.3440 5.1467 36.7270  -9.9900 0.4120 0.1010   21.9400
20016002 1990.084087 31.9090 64.2390   49   48.6532 21.2970 5.1414 36.7240  -9.9900 0.4130 0.0980   20.2300
20016002 1990.084087 31.9090 64.2390   51   50.6388 21.2720 5.1389 36.7240  -9.9900 0.4110 0.1010   18.6800
20016002 1990.084087 31.9090 64.2390   53   52.6244 21.2300 5.1345 36.7240  -9.9900 0.4120 0.1130   17.1200
20016002 1990.084087 31.9090 64.2390   55   54.6100 21.1980 5.1311 36.7240  -9.9900 0.4120 0.1150   15.8000
20016002 1990.084087 31.9090 64.2390   57   56.5955 21.1600 5.1269 36.7220  -9.9900 0.4120 0.1200   14.6200
20016002 1990.084087 31.9090 64.2390   59   58.5811 21.1360 5.1242 36.7200  -9.9900 0.4110 0.1270   13.6000
20016002 1990.084087 31.9090 64.2390   61   60.5666 21.1140 5.1217 36.7180  -9.9900 0.4100 0.1380   12.3900
20016002 1990.084087 31.9090 64.2390   63   62.5521 21.0790 5.1176 36.7140  -9.9900 0.4140 0.1510   11.4200
20016002 1990.084087 31.9090 64.2390   65   64.5375 21.0640 5.1159 36.7130  -9.9900 0.4100 0.1470   10.5900
20016002 1990.084087 31.9090 64.2390   67   66.5230 21.0560 5.1152 36.7130  -9.9900 0.4110 0.1500    9.7300
20016002 1990.084087 31.9090 64.2390   69   68.5084 21.0530 5.1150 36.7130  -9.9900 0.4120 0.1510    8.9400
20016002 1990.084087 31.9090 64.2390   71   70.4938 21.0530 5.1152 36.7140  -9.9900 0.4100 0.1550    8.2500
20016002 1990.084087 31.9090 64.2390   73   72.4792 21.0540 5.1154 36.7140  -9.9900 0.4110 0.1540    7.5600
20016002 1990.084087 31.9090 64.2390   75   74.4646 21.0540 5.1155 36.7140  -9.9900 0.4090 0.1550    7.0300
20016002 1990.084087 31.9090 64.2390   77   76.4499 21.0600 5.1166 36.7170  -9.9900 0.4110 0.1560    6.4200
20016002 1990.084087 31.9090 64.2390   79   78.4352 21.0600 5.1166 36.7170  -9.9900 0.4120 0.1670    5.9100
20016002 1990.084087 31.9090 64.2390   81   80.4206 21.0610 5.1168 36.7170  -9.9900 0.4100 0.1650    5.4300
20016002 1990.084087 31.9090 64.2390   83   82.4058 21.0620 5.1170 36.7170  -9.9900 0.4090 0.1620    4.9900
20016002 1990.084087 31.9090 64.2390   85   84.3911 21.0620 5.1171 36.7170  -9.9900 0.4120 0.1590    4.5900
20016002 1990.084087 31.9090 64.2390   87   86.3764 21.0610 5.1171 36.7170  -9.9900 0.4100 0.1630    4.2300
20016002 1990.084087 31.9090 64.2390   89   88.3616 21.0620 5.1173 36.7170  -9.9900 0.4110 0.1640    3.8900
20016002 1990.084087 31.9090 64.2390   91   90.3468 21.0640 5.1176 36.7170  -9.9900 0.4110 0.1610    3.6100
20016002 1990.084087 31.9090 64.2390   93   92.3320 21.0590 5.1172 36.7170  -9.9900 0.4110 0.1650    3.3300
20016002 1990.084087 31.9090 64.2390   95   94.3172 21.0490 5.1162 36.7170  -9.9900 0.4090 0.1770    3.0500
20016002 1990.084087 31.9090 64.2390   97   96.3024 21.0460 5.1160 36.7170  -9.9900 0.4090 0.1850    2.8100
20016002 1990.084087 31.9090 64.2390   99   98.2875 21.0420 5.1155 36.7160  -9.9900 0.4080 0.1930    2.5900
20016002 1990.084087 31.9090 64.2390  101  100.2726 21.0400 5.1154 36.7160  -9.9900 0.4080 0.2000    2.3700
20016002 1990.084087 31.9090 64.2390  103  102.2577 21.0380 5.1153 36.7160  -9.9900 0.4080 0.2090    2.2000
20016002 1990.084087 31.9090 64.2390  105  104.2428 21.0370 5.1152 36.7160  -9.9900 0.4080 0.2260    2.0300
20016002 1990.084087 31.9090 64.2390  107  106.2279 21.0340 5.1150 36.7160  -9.9900 0.4090 0.2280    1.8600
20016002 1990.084087 31.9090 64.2390  109  108.2129 21.0330 5.1150 36.7160  -9.9900 0.4080 0.2540    1.7100
20016002 1990.084087 31.9090 64.2390  111  110.1979 21.0360 5.1156 36.7180  -9.9900 0.4080 0.2740    1.5700
20016002 1990.084087 31.9090 64.2390  113  112.1829 21.0370 5.1160 36.7190  -9.9900 0.4070 0.3000    1.4300
20016002 1990.084087 31.9090 64.2390  115  114.1679 21.0320 5.1154 36.7180  -9.9900 0.4050 0.2900    1.3100
20016002 1990.084087 31.9090 64.2390  117  116.1529 21.0240 5.1144 36.7160  -9.9900 0.4050 0.2770    1.2000
20016002 1990.084087 31.9090 64.2390  119  118.1378 20.9920 5.1103 36.7100  -9.9900 0.4050 0.2680    1.1000
20016002 1990.084087 31.9090 64.2390  121  120.1228 20.9400 5.1034 36.6980  -9.9900 0.4040 0.2550    1.0100
20016002 1990.084087 31.9090 64.2390  123  122.1077 20.9240 5.1015 36.6960  -9.9900 0.4030 0.2340    0.9300
20016002 1990.084087 31.9090 64.2390  125  124.0926 20.9290 5.1025 36.6990  -9.9900 0.4010 0.2020    0.8600
20016002 1990.084087 31.9090 64.2390  127  126.0774 20.9340 5.1041 36.7070  -9.9900 0.3960 0.1930    0.8000
20016002 1990.084087 31.9090 64.2390  129  128.0623 20.9100 5.1019 36.7090  -9.9900 0.3960 0.1710    0.7400
20016002 1990.084087 31.9090 64.2390  131  130.0471 20.8700 5.0973 36.7050  -9.9900 0.3960 0.1500    0.6800
20016002 1990.084087 31.9090 64.2390  133  132.0319 20.8470 5.0948 36.7040  -9.9900 0.3950 0.1370    0.6400
20016002 1990.084087 31.9090 64.2390  135  134.0167 20.7740 5.0864 36.6980  -9.9900 0.3950 0.1440    0.5800
20016002 1990.084087 31.9090 64.2390  137  136.0015 20.6380 5.0710 36.6900  -9.9900 0.3950 0.1440    0.5400
20016002 1990.084087 31.9090 64.2390  139  137.9863 20.5550 5.0603 36.6740  -9.9900 0.3930 0.1290    0.5000
20016002 1990.084087 31.9090 64.2390  141  139.9710 20.4350 5.0465 36.6640  -9.9900 0.3930 0.1300    0.4600
20016002 1990.084087 31.9090 64.2390  143  141.9557 20.3590 5.0379 36.6590  -9.9900 0.3920 0.1380    0.4200
20016002 1990.084087 31.9090 64.2390  145  143.9404 20.3090 5.0324 36.6570  -9.9900 0.3910 0.1420    0.3900
20016002 1990.084087 31.9090 64.2390  147  145.9251 20.1940 5.0191 36.6470  -9.9900 0.3910 0.1520    0.3600
20016002 1990.084087 31.9090 64.2390  149  147.9097 20.1480 5.0141 36.6450  -9.9900 0.3920 0.1560    0.3300
20016002 1990.084087 31.9090 64.2390  151  149.8944 20.0250 5.0005 36.6390  -9.9900 0.3910 0.1590    0.3100
20016002 1990.084087 31.9090 64.2390  153  151.8790 19.9030 4.9877 36.6390  -9.9900 0.3900 0.1570    0.2900
20016002 1990.084087 31.9090 64.2390  155  153.8636 19.7860 4.9750 36.6360  -9.9900 0.3890 0.1330    0.2800
20016002 1990.084087 31.9090 64.2390  157  155.8482 19.6330 4.9584 36.6310  -9.9900 0.3870 0.1310    0.2700
20016002 1990.084087 31.9090 64.2390  159  157.8327 19.4610 4.9400 36.6280  -9.9900 0.3870 0.1310    0.2700
20016002 1990.084087 31.9090 64.2390  161  159.8173 19.3390 4.9265 36.6220  -9.9900 0.3870 0.1320    0.2600
20016002 1990.084087 31.9090 64.2390  163  161.8018 19.2100 4.9125 36.6170  -9.9900 0.3870 0.1260    0.2600
20016002 1990.084087 31.9090 64.2390  165  163.7863 19.1570 4.9064 36.6120  -9.9900 0.3840 0.1110    0.2600
20016002 1990.084087 31.9090 64.2390  167  165.7708 19.1290 4.9033 36.6100  -9.9900 0.3850 0.1020    0.2600
20016002 1990.084087 31.9090 64.2390  169  167.7553 19.1020 4.9002 36.6070  -9.9900 0.3840 0.0990    0.2500
20016002 1990.084087 31.9090 64.2390  171  169.7397 19.0640 4.8959 36.6040  -9.9900 0.3820 0.0920    0.2500
20016002 1990.084087 31.9090 64.2390  173  171.7241 19.0200 4.8910 36.6010  -9.9900 0.3820 0.0860    0.2500
20016002 1990.084087 31.9090 64.2390  175  173.7086 18.9870 4.8872 36.5970  -9.9900 0.3820 0.0800    0.2500
20016002 1990.084087 31.9090 64.2390  177  175.6929 18.9290 4.8810 36.5950  -9.9900 0.3800 0.0660    0.2500
20016002 1990.084087 31.9090 64.2390  179  177.6773 18.9150 4.8795 36.5940  -9.9900 0.3800 0.0670    0.2500
20016002 1990.084087 31.9090 64.2390  181  179.6617 18.9030 4.8781 36.5920  -9.9900 0.3790 0.0650    0.2400
20016002 1990.084087 31.9090 64.2390  183  181.6460 18.8930 4.8770 36.5910  -9.9900 0.3800 0.0620    0.2400
20016002 1990.084087 31.9090 64.2390  185  183.6303 18.8690 4.8743 36.5890  -9.9900 0.3790 0.0530    0.2400
20016002 1990.084087 31.9090 64.2390  187  185.6146 18.8650 4.8739 36.5880  -9.9900 0.3790 0.0620    0.2400
20016002 1990.084087 31.9090 64.2390  189  187.5989 18.8380 4.8710 36.5870  -9.9900 0.3800 0.0520    0.2400
20016002 1990.084087 31.9090 64.2390  191  189.5831 18.8040 4.8671 36.5830  -9.9900 0.3780 0.0490    0.2400
20016002 1990.084087 31.9090 64.2390  193  191.5674 18.7880 4.8654 36.5820  -9.9900 0.3800 0.0520    0.2400
20016002 1990.084087 31.9090 64.2390  195  193.5516 18.7770 4.8642 36.5810  -9.9900 0.3780 0.0500    0.2400
20016002 1990.084087 31.9090 64.2390  197  195.5358 18.7620 4.8626 36.5800  -9.9900 0.3800 0.0420    0.2400
20016002 1990.084087 31.9090 64.2390  199  197.5200 18.7430 4.8606 36.5790  -9.9900 0.3780 0.0380    0.2400
20016002 1990.084087 31.9090 64.2390  201  199.5041 18.7230 4.8583 36.5770  -9.9900 0.3810 0.0400    0.2400
20016002 1990.084087 31.9090 64.2390  203  201.4883 18.7110 4.8570 36.5760  -9.9900 0.3790 0.0370    0.2300
20016002 1990.084087 31.9090 64.2390  205  203.4724 18.7030 4.8562 36.5750  -9.9900 0.3780 0.0390    0.2300
20016002 1990.084087 31.9090 64.2390  207  205.4565 18.6960 4.8554 36.5740  -9.9900 0.3780 0.0370    0.2300
20016002 1990.084087 31.9090 64.2390  209  207.4406 18.6790 4.8536 36.5730  -9.9900 0.3780 0.0360    0.2300
20016002 1990.084087 31.9090 64.2390  211  209.4246 18.6580 4.8514 36.5720  -9.9900 0.3790 0.0410    0.2300
20016002 1990.084087 31.9090 64.2390  213  211.4087 18.6580 4.8515 36.5720  -9.9900 0.3790 0.0380    0.2300
20016002 1990.084087 31.9090 64.2390  215  213.3927 18.6370 4.8491 36.5700  -9.9900 0.3780 0.0390    0.2300
20016002 1990.084087 31.9090 64.2390  217  215.3767 18.6020 4.8452 36.5670  -9.9900 0.3780 0.0380    0.2300
20016002 1990.084087 31.9090 64.2390  219  217.3607 18.5830 4.8432 36.5660  -9.9900 0.3780 0.0310    0.2300
20016002 1990.084087 31.9090 64.2390  221  219.3447 18.5640 4.8413 36.5660  -9.9900 0.3780 0.0260    0.2200
20016002 1990.084087 31.9090 64.2390  223  221.3286 18.5510 4.8399 36.5650  -9.9900 0.3770 0.0160    0.2200
20016002 1990.084087 31.9090 64.2390  225  223.3126 18.5350 4.8381 36.5630  -9.9900 0.3770 0.0180    0.2100
20016002 1990.084087 31.9090 64.2390  227  225.2965 18.5220 4.8367 36.5620  -9.9900 0.3780 0.0200    0.2000
20016002 1990.084087 31.9090 64.2390  229  227.2804 18.5020 4.8345 36.5600  -9.9900 0.3770 0.0120    0.2000
20016002 1990.084087 31.9090 64.2390  231  229.2642 18.4910 4.8334 36.5600  -9.9900 0.3750 0.0100    0.2000
20016002 1990.084087 31.9090 64.2390  233  231.2481 18.4730 4.8315 36.5590  -9.9900 0.3750 0.0080    0.2000
20016002 1990.084087 31.9090 64.2390  235  233.2319 18.4550 4.8295 36.5570  -9.9900 0.3750 0.0100    0.2000
20016002 1990.084087 31.9090 64.2390  237  235.2157 18.4380 4.8275 36.5550  -9.9900 0.3740 0.0090    0.2000
20016002 1990.084087 31.9090 64.2390  239  237.1995 18.4310 4.8269 36.5550  -9.9900 0.3770 0.0080    0.2000
20016002 1990.084087 31.9090 64.2390  241  239.1833 18.4270 4.8264 36.5540  -9.9900 0.3760 0.0080    0.2000
20016002 1990.084087 31.9090 64.2390  243  241.1671 18.4170 4.8255 36.5540  -9.9900 0.3760 0.0080    0.2000
20016002 1990.084087 31.9090 64.2390  245  243.1508 18.3940 4.8229 36.5520  -9.9900 0.3760 0.0130    0.2000
20016002 1990.084087 31.9090 64.2390  247  245.1345 18.3800 4.8215 36.5510  -9.9900 0.3760 0.0170    0.2000
20016002 1990.084087 31.9090 64.2390  249  247.1182 18.3490 4.8180 36.5480  -9.9900 0.3760 0.0160    0.2000
20016002 1990.084087 31.9090 64.2390  251  249.1019 18.3320 4.8159 36.5450  -9.9900 0.3750 0.0110    0.2000
20016002 1990.084087 31.9090 64.2390  253  251.0856 18.3260 4.8154 36.5450  -9.9900 0.3740 0.0060    0.2000
20016002 1990.084087 31.9090 64.2390  255  253.0692 18.3190 4.8146 36.5440  -9.9900 0.3760 0.0050    0.2000
20016002 1990.084087 31.9090 64.2390  257  255.0528 18.3150 4.8142 36.5430  -9.9900 0.3770 0.0060    0.2000
20016002 1990.084087 31.9090 64.2390  259  257.0364 18.3010 4.8128 36.5430  -9.9900 0.3740 0.0070    0.2000
20016002 1990.084087 31.9090 64.2390  261  259.0200 18.2810 4.8106 36.5410  -9.9900 0.3740 0.0050    0.2000
20016002 1990.084087 31.9090 64.2390  263  261.0036 18.2650 4.8089 36.5400  -9.9900 0.3750 0.0070    0.2000
20016002 1990.084087 31.9090 64.2390  265  262.9871 18.2510 4.8073 36.5380  -9.9900 0.3750 0.0100    0.2000
