20042001 1992.210902 31.7510 64.1510    6    5.9582 19.9411 4.9967 36.7348 225.3800 0.4430 0.0730   -9.9900
20042001 1992.210902 31.7510 64.1510    8    7.9443 19.9452 4.9971 36.7339 224.3200 0.4430 0.0770   -9.9900
20042001 1992.210902 31.7510 64.1510   10    9.9303 19.9460 4.9973 36.7341 224.3300 0.4430 0.0790   -9.9900
20042001 1992.210902 31.7510 64.1510   12   11.9163 19.9479 4.9976 36.7340 224.4700 0.4430 0.0820   -9.9900
20042001 1992.210902 31.7510 64.1510   14   13.9023 19.9475 4.9976 36.7341 224.7100 0.4440 0.0790   -9.9900
20042001 1992.210902 31.7510 64.1510   16   15.8883 19.9471 4.9977 36.7344 224.9800 0.4450 0.0790   -9.9900
20042001 1992.210902 31.7510 64.1510   18   17.8742 19.9493 4.9980 36.7340 225.3600 0.4440 0.0770   -9.9900
20042001 1992.210902 31.7510 64.1510   20   19.8601 19.9498 4.9981 36.7338 225.7800 0.4430 0.0770   -9.9900
20042001 1992.210902 31.7510 64.1510   22   21.8460 19.9502 4.9982 36.7337 226.0300 0.4430 0.0740   -9.9900
20042001 1992.210902 31.7510 64.1510   24   23.8319 19.9507 4.9983 36.7336 226.1900 0.4440 0.0760   -9.9900
20042001 1992.210902 31.7510 64.1510   26   25.8178 19.9513 4.9985 36.7336 226.2600 0.4440 0.0780   -9.9900
20042001 1992.210902 31.7510 64.1510   28   27.8036 19.9517 4.9986 36.7332 225.8700 0.4430 0.0780   -9.9900
20042001 1992.210902 31.7510 64.1510   30   29.7895 19.9517 4.9987 36.7331 225.5900 0.4430 0.0770   -9.9900
20042001 1992.210902 31.7510 64.1510   32   31.7753 19.9526 4.9989 36.7331 225.2700 0.4450 0.0790   -9.9900
20042001 1992.210902 31.7510 64.1510   34   33.7611 19.9519 4.9988 36.7328 224.8500 0.4450 0.0810   -9.9900
20042001 1992.210902 31.7510 64.1510   36   35.7468 19.9523 4.9990 36.7327 224.4800 0.4440 0.0810   -9.9900
20042001 1992.210902 31.7510 64.1510   38   37.7326 19.9533 4.9991 36.7327 224.3600 0.4450 0.0790   -9.9900
20042001 1992.210902 31.7510 64.1510   40   39.7183 19.9530 4.9992 36.7326 224.2400 0.4450 0.0830   -9.9900
20042001 1992.210902 31.7510 64.1510   42   41.7040 19.9498 4.9988 36.7316 224.1300 0.4450 0.0820   -9.9900
20042001 1992.210902 31.7510 64.1510   44   43.6897 19.9391 4.9976 36.7302 223.9700 0.4450 0.0830   -9.9900
20042001 1992.210902 31.7510 64.1510   46   45.6754 19.9476 4.9987 36.7312 223.7600 0.4450 0.0830   -9.9900
20042001 1992.210902 31.7510 64.1510   48   47.6611 19.9521 4.9993 36.7312 223.7500 0.4450 0.0840   -9.9900
20042001 1992.210902 31.7510 64.1510   50   49.6467 19.9409 4.9980 36.7298 223.7800 0.4440 0.0840   -9.9900
20042001 1992.210902 31.7510 64.1510   52   51.6323 19.9343 4.9974 36.7293 223.8300 0.4440 0.0840   -9.9900
20042001 1992.210902 31.7510 64.1510   54   53.6179 19.9326 4.9972 36.7287 223.8100 0.4450 0.0860   -9.9900
20042001 1992.210902 31.7510 64.1510   56   55.6035 19.9064 4.9938 36.7229 223.9000 0.4430 0.0880   -9.9900
20042001 1992.210902 31.7510 64.1510   58   57.5891 19.8901 4.9919 36.7210 223.9000 0.4410 0.0870   -9.9900
20042001 1992.210902 31.7510 64.1510   60   59.5746 19.8431 4.9861 36.7134 223.8400 0.4400 0.0920   -9.9900
20042001 1992.210902 31.7510 64.1510   62   61.5601 19.8001 4.9806 36.7045 223.5000 0.4370 0.0940   -9.9900
20042001 1992.210902 31.7510 64.1510   64   63.5456 19.7039 4.9691 36.6923 223.4100 0.4330 0.0970   -9.9900
20042001 1992.210902 31.7510 64.1510   66   65.5311 19.6537 4.9627 36.6825 223.1700 0.4300 0.1050   -9.9900
20042001 1992.210902 31.7510 64.1510   68   67.5166 19.5688 4.9531 36.6768 222.7300 0.4260 0.1130   -9.9900
20042001 1992.210902 31.7510 64.1510   70   69.5020 19.5565 4.9513 36.6717 222.0500 0.4230 0.1200   -9.9900
20042001 1992.210902 31.7510 64.1510   72   71.4874 19.4823 4.9431 36.6675 221.8900 0.4190 0.1210   -9.9900
20042001 1992.210902 31.7510 64.1510   74   73.4728 19.4329 4.9378 36.6666 221.2300 0.4130 0.1080   -9.9900
20042001 1992.210902 31.7510 64.1510   76   75.4582 19.4191 4.9365 36.6669 220.2000 0.4110 0.0910   -9.9900
20042001 1992.210902 31.7510 64.1510   78   77.4436 19.4074 4.9354 36.6669 219.1100 0.4090 0.0780   -9.9900
20042001 1992.210902 31.7510 64.1510   80   79.4289 19.3853 4.9329 36.6649 218.7800 0.4070 0.0730   -9.9900
20042001 1992.210902 31.7510 64.1510   82   81.4143 19.3429 4.9280 36.6608 218.6100 0.4060 0.0660   -9.9900
20042001 1992.210902 31.7510 64.1510   84   83.3996 19.2948 4.9219 36.6510 218.3000 0.4050 0.0560   -9.9900
20042001 1992.210902 31.7510 64.1510   86   85.3849 19.2688 4.9187 36.6466 217.9100 0.4050 0.0560   -9.9900
20042001 1992.210902 31.7510 64.1510   88   87.3701 19.2459 4.9166 36.6483 217.9400 0.4040 0.0510   -9.9900
20042001 1992.210902 31.7510 64.1510   90   89.3554 19.2294 4.9153 36.6516 217.8700 0.4010 0.0460   -9.9900
20042001 1992.210902 31.7510 64.1510   92   91.3406 19.2171 4.9141 36.6512 217.2100 0.4020 0.0360   -9.9900
20042001 1992.210902 31.7510 64.1510   94   93.3258 19.1814 4.9099 36.6472 216.8500 0.4020 0.0300   -9.9900
20042001 1992.210902 31.7510 64.1510   96   95.3110 19.1703 4.9089 36.6473 216.7100 0.4010 0.0290   -9.9900
20042001 1992.210902 31.7510 64.1510   98   97.2962 19.1643 4.9088 36.6512 216.6500 0.4010 0.0250   -9.9900
20042001 1992.210902 31.7510 64.1510  100   99.2814 19.1632 4.9094 36.6561 216.7900 0.4010 0.0200   -9.9900
20042001 1992.210902 31.7510 64.1510  102  101.2665 19.1630 4.9096 36.6578 217.2300 0.4020 0.0170   -9.9900
20042001 1992.210902 31.7510 64.1510  104  103.2516 19.1589 4.9096 36.6604 218.0500 0.4010 0.0130   -9.9900
20042001 1992.210902 31.7510 64.1510  106  105.2367 19.1579 4.9096 36.6607 218.6300 0.4020 0.0140   -9.9900
20042001 1992.210902 31.7510 64.1510  108  107.2218 19.1549 4.9094 36.6609 218.9700 0.4020 0.0140   -9.9900
20042001 1992.210902 31.7510 64.1510  110  109.2069 19.1485 4.9088 36.6604 219.2300 0.4020 0.0090   -9.9900
20042001 1992.210902 31.7510 64.1510  112  111.1919 19.1397 4.9078 36.6595 219.2100 0.4020 0.0070   -9.9900
20042001 1992.210902 31.7510 64.1510  114  113.1769 19.1352 4.9073 36.6586 219.1000 0.4040 0.0060   -9.9900
20042001 1992.210902 31.7510 64.1510  116  115.1619 19.1292 4.9067 36.6581 219.0300 0.4010 0.0070   -9.9900
20042001 1992.210902 31.7510 64.1510  118  117.1469 19.1252 4.9063 36.6575 218.8700 0.4010 0.0080   -9.9900
20042001 1992.210902 31.7510 64.1510  120  119.1319 19.1181 4.9055 36.6559 218.4400 0.4020 0.0040   -9.9900
20042001 1992.210902 31.7510 64.1510  122  121.1168 19.1094 4.9045 36.6541 218.1300 0.4020 0.0040   -9.9900
20042001 1992.210902 31.7510 64.1510  124  123.1017 19.0817 4.9013 36.6512 217.9900 0.4020 0.0060   -9.9900
20042001 1992.210902 31.7510 64.1510  126  125.0866 19.0791 4.9013 36.6529 217.6400 0.4030 0.0130   -9.9900
20042001 1992.210902 31.7510 64.1510  128  127.0715 19.0788 4.9017 36.6558 217.3000 0.4050 0.0160   -9.9900
20042001 1992.210902 31.7510 64.1510  130  129.0564 19.1340 4.9104 36.6794 216.7700 0.4060 0.0220   -9.9900
20042001 1992.210902 31.7510 64.1510  132  131.0412 19.1673 4.9157 36.6932 216.6000 0.4070 0.0300   -9.9900
20042001 1992.210902 31.7510 64.1510  134  133.0261 19.1771 4.9175 36.6989 216.9700 0.4070 0.0360   -9.9900
20042001 1992.210902 31.7510 64.1510  136  135.0109 19.1540 4.9143 36.6925 217.8800 0.4090 0.0340   -9.9900
20042001 1992.210902 31.7510 64.1510  138  136.9957 19.1123 4.9089 36.6830 218.9500 0.4110 0.0340   -9.9900
20042001 1992.210902 31.7510 64.1510  140  138.9804 19.1085 4.9085 36.6825 219.6700 0.4110 0.0370   -9.9900
20042001 1992.210902 31.7510 64.1510  142  140.9652 19.1027 4.9079 36.6817 220.4100 0.4130 0.0430   -9.9900
20042001 1992.210902 31.7510 64.1510  144  142.9499 19.0892 4.9063 36.6788 221.4400 0.4140 0.0520   -9.9900
20042001 1992.210902 31.7510 64.1510  146  144.9346 19.0751 4.9045 36.6760 221.8500 0.4160 0.0610   -9.9900
20042001 1992.210902 31.7510 64.1510  148  146.9193 19.0577 4.9022 36.6708 222.2800 0.4170 0.0580   -9.9900
20042001 1992.210902 31.7510 64.1510  150  148.9040 19.0400 4.8998 36.6660 222.6000 0.4190 0.0620   -9.9900
20042001 1992.210902 31.7510 64.1510  152  150.8887 19.0321 4.8989 36.6644 222.6100 0.4200 0.0690   -9.9900
20042001 1992.210902 31.7510 64.1510  154  152.8733 19.0247 4.8981 36.6636 222.6000 0.4200 0.0670   -9.9900
20042001 1992.210902 31.7510 64.1510  156  154.8579 19.0165 4.8972 36.6626 222.4800 0.4200 0.0680   -9.9900
20042001 1992.210902 31.7510 64.1510  158  156.8425 19.0114 4.8967 36.6621 222.1500 0.4200 0.0670   -9.9900
20042001 1992.210902 31.7510 64.1510  160  158.8271 19.0044 4.8960 36.6611 221.9200 0.4200 0.0780   -9.9900
20042001 1992.210902 31.7510 64.1510  162  160.8117 18.9661 4.8913 36.6548 221.8300 0.4220 0.0790   -9.9900
20042001 1992.210902 31.7510 64.1510  164  162.7962 18.9513 4.8894 36.6510 221.4600 0.4220 0.0750   -9.9900
20042001 1992.210902 31.7510 64.1510  166  164.7807 18.9643 4.8920 36.6606 221.4500 0.4250 0.0740   -9.9900
20042001 1992.210902 31.7510 64.1510  168  166.7652 18.9927 4.8961 36.6696 221.5200 0.4300 0.0820   -9.9900
20042001 1992.210902 31.7510 64.1510  170  168.7497 18.9948 4.8965 36.6702 221.9000 0.4310 0.0960   -9.9900
20042001 1992.210902 31.7510 64.1510  172  170.7342 18.9944 4.8965 36.6702 222.3000 0.4310 0.1060   -9.9900
20042001 1992.210902 31.7510 64.1510  174  172.7186 18.9944 4.8966 36.6701 222.7600 0.4310 0.1250   -9.9900
20042001 1992.210902 31.7510 64.1510  176  174.7030 18.9954 4.8968 36.6700 223.4500 0.4310 0.1120   -9.9900
20042001 1992.210902 31.7510 64.1510  178  176.6874 18.9960 4.8970 36.6703 223.9400 0.4320 0.1310   -9.9900
20042001 1992.210902 31.7510 64.1510  180  178.6718 18.9946 4.8970 36.6713 224.2400 0.4320 0.1260   -9.9900
20042001 1992.210902 31.7510 64.1510  182  180.6562 18.9907 4.8968 36.6716 224.4000 0.4340 0.1470   -9.9900
20042001 1992.210902 31.7510 64.1510  184  182.6405 18.9891 4.8966 36.6711 224.5900 0.4350 0.1400   -9.9900
20042001 1992.210902 31.7510 64.1510  186  184.6249 18.9826 4.8959 36.6699 224.7200 0.4340 0.1360   -9.9900
20042001 1992.210902 31.7510 64.1510  188  186.6092 18.9763 4.8952 36.6692 224.8300 0.4350 0.1270   -9.9900
20042001 1992.210902 31.7510 64.1510  190  188.5935 18.9758 4.8952 36.6688 224.9100 0.4330 0.1270   -9.9900
20042001 1992.210902 31.7510 64.1510  192  190.5777 18.9750 4.8952 36.6687 224.9900 0.4340 0.1210   -9.9900
20042001 1992.210902 31.7510 64.1510  194  192.5620 18.9724 4.8950 36.6686 225.0700 0.4340 0.1190   -9.9900
20042001 1992.210902 31.7510 64.1510  196  194.5462 18.9643 4.8940 36.6663 225.0800 0.4340 0.1090   -9.9900
20042001 1992.210902 31.7510 64.1510  198  196.5305 18.9430 4.8914 36.6626 225.1600 0.4300 0.1090   -9.9900
20042001 1992.210902 31.7510 64.1510  200  198.5146 18.9254 4.8895 36.6614 225.0300 0.4290 0.1140   -9.9900
20042001 1992.210902 31.7510 64.1510  202  200.4988 18.9207 4.8889 36.6596 224.4800 0.4280 0.1410   -9.9900
20042001 1992.210902 31.7510 64.1510  204  202.4830 18.8679 4.8812 36.6407 224.0800 0.4230 0.1190   -9.9900
20042001 1992.210902 31.7510 64.1510  206  204.4671 18.7955 4.8713 36.6209 223.1900 0.4140 0.0890   -9.9900
20042001 1992.210902 31.7510 64.1510  208  206.4512 18.7498 4.8650 36.6074 221.8200 0.4100 0.0580   -9.9900
20042001 1992.210902 31.7510 64.1510  210  208.4353 18.7065 4.8596 36.5989 220.3000 0.4080 0.0460   -9.9900
20042001 1992.210902 31.7510 64.1510  212  210.4194 18.6796 4.8564 36.5953 216.9900 0.4060 0.0310   -9.9900
20042001 1992.210902 31.7510 64.1510  214  212.4035 18.6636 4.8546 36.5932 214.4200 0.4070 0.0210   -9.9900
20042001 1992.210902 31.7510 64.1510  216  214.3875 18.6464 4.8527 36.5918 212.1400 0.4070 0.0180   -9.9900
20042001 1992.210902 31.7510 64.1510  218  216.3715 18.6306 4.8510 36.5901 209.9000 0.4070 0.0190   -9.9900
20042001 1992.210902 31.7510 64.1510  220  218.3555 18.6086 4.8484 36.5875 207.6100 0.4050 0.0210   -9.9900
20042001 1992.210902 31.7510 64.1510  222  220.3395 18.5812 4.8453 36.5847 207.5100 0.4050 0.0190   -9.9900
20042001 1992.210902 31.7510 64.1510  224  222.3235 18.5615 4.8432 36.5837 207.0400 0.4050 0.0180   -9.9900
20042001 1992.210902 31.7510 64.1510  226  224.3074 18.5479 4.8418 36.5826 206.8200 0.4050 0.0190   -9.9900
20042001 1992.210902 31.7510 64.1510  228  226.2914 18.5246 4.8392 36.5809 206.8000 0.4050 0.0210   -9.9900
20042001 1992.210902 31.7510 64.1510  230  228.2753 18.4980 4.8362 36.5783 206.5700 0.4050 0.0220   -9.9900
20042001 1992.210902 31.7510 64.1510  232  230.2592 18.4870 4.8351 36.5773 206.4700 0.4050 0.0220   -9.9900
20042001 1992.210902 31.7510 64.1510  234  232.2430 18.4784 4.8341 36.5760 206.3000 0.4030 0.0170   -9.9900
20042001 1992.210902 31.7510 64.1510  236  234.2269 18.4519 4.8310 36.5722 206.2500 0.4020 0.0120   -9.9900
20042001 1992.210902 31.7510 64.1510  238  236.2107 18.4258 4.8283 36.5721 206.3300 0.4030 0.0130   -9.9900
20042001 1992.210902 31.7510 64.1510  240  238.1945 18.4169 4.8274 36.5717 206.3000 0.4050 0.0150   -9.9900
20042001 1992.210902 31.7510 64.1510  242  240.1783 18.4090 4.8267 36.5714 206.2900 0.4050 0.0130   -9.9900
20042001 1992.210902 31.7510 64.1510  244  242.1621 18.4018 4.8260 36.5711 206.4100 0.4050 0.0090   -9.9900
20042001 1992.210902 31.7510 64.1510  246  244.1459 18.3953 4.8253 36.5705 206.5300 0.4050 0.0110   -9.9900
20042001 1992.210902 31.7510 64.1510  248  246.1296 18.3885 4.8246 36.5699 206.6600 0.4050 0.0140   -9.9900
20042001 1992.210902 31.7510 64.1510  250  248.1133 18.3640 4.8219 36.5675 206.8600 0.4050 0.0180   -9.9900
20042001 1992.210902 31.7510 64.1510  252  250.0970 18.3532 4.8207 36.5662 206.8900 0.4060 0.0190   -9.9900
20042001 1992.210902 31.7510 64.1510  254  252.0807 18.3479 4.8201 36.5655 206.7500 0.4060 0.0210   -9.9900
20042001 1992.210902 31.7510 64.1510  256  254.0643 18.3454 4.8199 36.5648 206.2900 0.4050 0.0180   -9.9900
20042002 1992.211834 31.8610 64.1480    5    4.9652 19.0186 4.8921 36.6753 229.3700 0.4480 0.1100   -9.9900
20042002 1992.211834 31.8610 64.1480    7    6.9512 19.0295 4.8934 36.6760 228.8300 0.4440 0.1240   -9.9900
20042002 1992.211834 31.8610 64.1480    9    8.9372 19.0347 4.8941 36.6762 228.6300 0.4430 0.1470   -9.9900
20042002 1992.211834 31.8610 64.1480   11   10.9232 19.0343 4.8941 36.6759 228.6300 0.4410 0.1360   -9.9900
20042002 1992.211834 31.8610 64.1480   13   12.9092 19.0348 4.8943 36.6758 228.6600 0.4420 0.1230   -9.9900
20042002 1992.211834 31.8610 64.1480   15   14.8951 19.0352 4.8944 36.6760 228.6400 0.4410 0.1440   -9.9900
20042002 1992.211834 31.8610 64.1480   17   16.8811 19.0335 4.8943 36.6755 228.6200 0.4420 0.1270   -9.9900
20042002 1992.211834 31.8610 64.1480   19   18.8670 19.0342 4.8944 36.6754 228.5700 0.4420 0.1110   -9.9900
20042002 1992.211834 31.8610 64.1480   21   20.8529 19.0348 4.8946 36.6753 228.4600 0.4430 0.1050   -9.9900
20042002 1992.211834 31.8610 64.1480   23   22.8388 19.0352 4.8947 36.6751 228.3300 0.4410 0.1070   -9.9900
20042002 1992.211834 31.8610 64.1480   25   24.8246 19.0358 4.8948 36.6753 228.3100 0.4430 0.1140   -9.9900
20042002 1992.211834 31.8610 64.1480   27   26.8105 19.0363 4.8950 36.6753 228.2400 0.4430 0.1240   -9.9900
20042002 1992.211834 31.8610 64.1480   29   28.7963 19.0358 4.8950 36.6750 228.1500 0.4410 0.1170   -9.9900
20042002 1992.211834 31.8610 64.1480   31   30.7821 19.0339 4.8948 36.6747 228.0600 0.4410 0.1140   -9.9900
20042002 1992.211834 31.8610 64.1480   33   32.7679 19.0351 4.8951 36.6747 227.9700 0.4410 0.1100   -9.9900
20042002 1992.211834 31.8610 64.1480   35   34.7536 19.0345 4.8951 36.6746 227.8600 0.4430 0.1130   -9.9900
20042002 1992.211834 31.8610 64.1480   37   36.7394 19.0290 4.8944 36.6729 227.7400 0.4400 0.1090   -9.9900
20042002 1992.211834 31.8610 64.1480   39   38.7251 19.0269 4.8942 36.6727 227.6300 0.4400 0.1030   -9.9900
20042002 1992.211834 31.8610 64.1480   41   40.7108 19.0301 4.8946 36.6719 227.4500 0.4390 0.1010   -9.9900
20042002 1992.211834 31.8610 64.1480   43   42.6965 19.0180 4.8932 36.6702 227.3400 0.4320 0.1010   -9.9900
20042002 1992.211834 31.8610 64.1480   45   44.6822 19.0161 4.8931 36.6701 227.2400 0.4320 0.0980   -9.9900
20042002 1992.211834 31.8610 64.1480   47   46.6678 19.0216 4.8938 36.6704 227.0400 0.4360 0.0890   -9.9900
20042002 1992.211834 31.8610 64.1480   49   48.6534 19.0193 4.8936 36.6706 226.9800 0.4380 0.0860   -9.9900
20042002 1992.211834 31.8610 64.1480   51   50.6391 19.0233 4.8942 36.6713 226.7900 0.4360 0.0900   -9.9900
20042002 1992.211834 31.8610 64.1480   53   52.6246 19.0235 4.8943 36.6710 226.6200 0.4350 0.0900   -9.9900
20042002 1992.211834 31.8610 64.1480   55   54.6102 19.0167 4.8935 36.6691 226.6300 0.4340 0.0980   -9.9900
20042002 1992.211834 31.8610 64.1480   57   56.5958 19.0135 4.8931 36.6680 226.4400 0.4300 0.1010   -9.9900
20042002 1992.211834 31.8610 64.1480   59   58.5813 19.0127 4.8931 36.6679 226.3600 0.4300 0.0950   -9.9900
20042002 1992.211834 31.8610 64.1480   61   60.5668 19.0102 4.8929 36.6677 226.3000 0.4310 0.0920   -9.9900
20042002 1992.211834 31.8610 64.1480   63   62.5523 19.0077 4.8927 36.6677 226.1300 0.4270 0.0860   -9.9900
20042002 1992.211834 31.8610 64.1480   65   64.5378 19.0040 4.8924 36.6673 225.9100 0.4290 0.0790   -9.9900
20042002 1992.211834 31.8610 64.1480   67   66.5232 18.9969 4.8915 36.6659 225.9100 0.4230 0.0730   -9.9900
20042002 1992.211834 31.8610 64.1480   69   68.5087 18.9946 4.8913 36.6653 225.8300 0.4220 0.0680   -9.9900
20042002 1992.211834 31.8610 64.1480   71   70.4941 18.9953 4.8914 36.6644 225.7700 0.4220 0.0650   -9.9900
20042002 1992.211834 31.8610 64.1480   73   72.4795 18.9866 4.8902 36.6616 225.5700 0.4190 0.0700   -9.9900
20042002 1992.211834 31.8610 64.1480   75   74.4649 18.9867 4.8905 36.6628 225.1900 0.4200 0.0640   -9.9900
20042002 1992.211834 31.8610 64.1480   77   76.4502 18.9881 4.8909 36.6645 224.9700 0.4230 0.0660   -9.9900
20042002 1992.211834 31.8610 64.1480   79   78.4356 18.9904 4.8913 36.6647 224.8900 0.4200 0.0600   -9.9900
20042002 1992.211834 31.8610 64.1480   81   80.4209 18.9876 4.8909 36.6636 224.7400 0.4200 0.0590   -9.9900
20042002 1992.211834 31.8610 64.1480   83   82.4062 18.9777 4.8896 36.6602 224.7000 0.4170 0.0540   -9.9900
20042002 1992.211834 31.8610 64.1480   85   84.3915 18.9606 4.8873 36.6553 224.6100 0.4130 0.0490   -9.9900
20042002 1992.211834 31.8610 64.1480   87   86.3767 18.9496 4.8859 36.6523 224.3200 0.4110 0.0410   -9.9900
20042002 1992.211834 31.8610 64.1480   89   88.3620 18.9443 4.8853 36.6518 223.8700 0.4110 0.0350   -9.9900
20042002 1992.211834 31.8610 64.1480   91   90.3472 18.9379 4.8846 36.6501 223.2200 0.4090 0.0310   -9.9900
20042002 1992.211834 31.8610 64.1480   93   92.3324 18.9276 4.8834 36.6489 222.6500 0.4070 0.0240   -9.9900
20042002 1992.211834 31.8610 64.1480   95   94.3176 18.9222 4.8828 36.6481 221.7800 0.4050 0.0150   -9.9900
20042002 1992.211834 31.8610 64.1480   97   96.3027 18.9188 4.8825 36.6476 221.5600 0.4050 0.0150   -9.9900
20042002 1992.211834 31.8610 64.1480   99   98.2879 18.9159 4.8822 36.6470 221.3400 0.4110 0.0140   -9.9900
20042002 1992.211834 31.8610 64.1480  101  100.2730 18.9121 4.8818 36.6463 221.0800 0.4030 0.0140   -9.9900
20042002 1992.211834 31.8610 64.1480  103  102.2581 18.9042 4.8809 36.6446 220.9700 0.4050 0.0130   -9.9900
20042002 1992.211834 31.8610 64.1480  105  104.2432 18.8996 4.8804 36.6433 220.7100 0.4040 0.0130   -9.9900
20042002 1992.211834 31.8610 64.1480  107  106.2283 18.8977 4.8802 36.6431 220.4700 0.4070 0.0100   -9.9900
20042002 1992.211834 31.8610 64.1480  109  108.2133 18.8976 4.8803 36.6429 220.2100 0.4060 0.0080   -9.9900
20042002 1992.211834 31.8610 64.1480  111  110.1984 18.8978 4.8804 36.6427 219.9800 0.4070 0.0090   -9.9900
20042002 1992.211834 31.8610 64.1480  113  112.1834 18.8971 4.8804 36.6428 219.9400 0.4070 0.0100   -9.9900
20042002 1992.211834 31.8610 64.1480  115  114.1684 18.8975 4.8805 36.6428 219.8100 0.4080 0.0080   -9.9900
20042002 1992.211834 31.8610 64.1480  117  116.1534 18.8987 4.8808 36.6429 219.7000 0.4060 0.0080   -9.9900
20042002 1992.211834 31.8610 64.1480  119  118.1383 18.9009 4.8812 36.6436 219.7500 0.4080 0.0120   -9.9900
20042002 1992.211834 31.8610 64.1480  121  120.1232 18.9017 4.8813 36.6436 219.8600 0.4090 0.0150   -9.9900
20042002 1992.211834 31.8610 64.1480  123  122.1082 18.9005 4.8813 36.6434 219.9500 0.4060 0.0120   -9.9900
20042002 1992.211834 31.8610 64.1480  125  124.0931 18.8938 4.8805 36.6417 220.0300 0.4050 0.0110   -9.9900
20042002 1992.211834 31.8610 64.1480  127  126.0779 18.8872 4.8797 36.6403 219.9100 0.4050 0.0130   -9.9900
20042002 1992.211834 31.8610 64.1480  129  128.0628 18.8769 4.8783 36.6373 219.6300 0.4050 0.0130   -9.9900
20042002 1992.211834 31.8610 64.1480  131  130.0476 18.8755 4.8783 36.6370 219.3700 0.4050 0.0130   -9.9900
20042002 1992.211834 31.8610 64.1480  133  132.0325 18.8724 4.8779 36.6358 218.9500 0.4050 0.0070   -9.9900
20042002 1992.211834 31.8610 64.1480  135  134.0173 18.8681 4.8774 36.6352 218.6400 0.4070 0.0050   -9.9900
20042002 1992.211834 31.8610 64.1480  137  136.0020 18.8678 4.8774 36.6344 218.2300 0.4100 0.0120   -9.9900
20042002 1992.211834 31.8610 64.1480  139  137.9868 18.8615 4.8767 36.6333 217.7600 0.4150 0.0130   -9.9900
20042002 1992.211834 31.8610 64.1480  141  139.9715 18.8558 4.8761 36.6325 217.2600 0.4060 0.0110   -9.9900
20042002 1992.211834 31.8610 64.1480  143  141.9563 18.8500 4.8755 36.6316 217.0700 0.4070 0.0150   -9.9900
20042002 1992.211834 31.8610 64.1480  145  143.9410 18.8450 4.8750 36.6308 216.8900 0.4080 0.0140   -9.9900
20042002 1992.211834 31.8610 64.1480  147  145.9257 18.8377 4.8743 36.6310 216.7300 0.4070 0.0130   -9.9900
20042002 1992.211834 31.8610 64.1480  149  147.9103 18.8349 4.8741 36.6311 216.7300 0.4070 0.0100   -9.9900
20042002 1992.211834 31.8610 64.1480  151  149.8950 18.8294 4.8736 36.6310 216.7000 0.4070 0.0080   -9.9900
20042002 1992.211834 31.8610 64.1480  153  151.8796 18.8269 4.8734 36.6303 216.7600 0.4070 0.0080   -9.9900
20042002 1992.211834 31.8610 64.1480  155  153.8642 18.8053 4.8707 36.6259 216.8600 0.4070 0.0060   -9.9900
20042002 1992.211834 31.8610 64.1480  157  155.8488 18.7791 4.8675 36.6217 216.7700 0.4070 0.0050   -9.9900
20042002 1992.211834 31.8610 64.1480  159  157.8334 18.7678 4.8661 36.6194 216.3200 0.4070 0.0060   -9.9900
20042002 1992.211834 31.8610 64.1480  161  159.8179 18.7517 4.8643 36.6172 215.7100 0.4070 0.0060   -9.9900
20042002 1992.211834 31.8610 64.1480  163  161.8025 18.7435 4.8634 36.6163 215.1200 0.4070 0.0090   -9.9900
20042002 1992.211834 31.8610 64.1480  165  163.7870 18.7377 4.8629 36.6161 214.7500 0.4070 0.0110   -9.9900
20042002 1992.211834 31.8610 64.1480  167  165.7715 18.7302 4.8621 36.6156 214.3900 0.4080 0.0090   -9.9900
20042002 1992.211834 31.8610 64.1480  169  167.7559 18.7152 4.8605 36.6144 214.1900 0.4070 0.0020   -9.9900
20042002 1992.211834 31.8610 64.1480  171  169.7404 18.7148 4.8605 36.6142 214.1700 0.4090 0.0020   -9.9900
20042002 1992.211834 31.8610 64.1480  173  171.7248 18.7139 4.8605 36.6142 214.2300 0.4090 0.0050   -9.9900
20042002 1992.211834 31.8610 64.1480  175  173.7092 18.7130 4.8605 36.6140 214.1800 0.4090 0.0070   -9.9900
20042002 1992.211834 31.8610 64.1480  177  175.6936 18.7061 4.8597 36.6131 214.1800 0.4090 0.0060   -9.9900
20042002 1992.211834 31.8610 64.1480  179  177.6780 18.6973 4.8588 36.6126 214.0900 0.4090 0.0060   -9.9900
20042002 1992.211834 31.8610 64.1480  181  179.6624 18.6833 4.8574 36.6119 213.9300 0.4090 0.0040   -9.9900
20042002 1992.211834 31.8610 64.1480  183  181.6467 18.6751 4.8565 36.6108 213.8500 0.4090 0.0030   -9.9900
20042002 1992.211834 31.8610 64.1480  185  183.6310 18.6505 4.8535 36.6067 213.8000 0.4100 0.0060   -9.9900
20042002 1992.211834 31.8610 64.1480  187  185.6153 18.6292 4.8510 36.6039 213.6800 0.4090 0.0070   -9.9900
20042002 1992.211834 31.8610 64.1480  189  187.5996 18.6236 4.8504 36.6026 213.4200 0.4090 0.0080   -9.9900
20042002 1992.211834 31.8610 64.1480  191  189.5839 18.6148 4.8494 36.6010 213.2100 0.4090 0.0070   -9.9900
20042002 1992.211834 31.8610 64.1480  193  191.5681 18.6043 4.8482 36.5994 212.9800 0.4090 0.0060   -9.9900
20042002 1992.211834 31.8610 64.1480  195  193.5524 18.5927 4.8469 36.5979 212.6200 0.4090 0.0040   -9.9900
20042002 1992.211834 31.8610 64.1480  197  195.5366 18.5889 4.8465 36.5977 212.4000 0.4090 0.0040   -9.9900
20042002 1992.211834 31.8610 64.1480  199  197.5208 18.5873 4.8464 36.5971 212.0100 0.4090 0.0040   -9.9900
20042002 1992.211834 31.8610 64.1480  201  199.5049 18.5844 4.8461 36.5966 211.6800 0.4090 0.0050   -9.9900
20042002 1992.211834 31.8610 64.1480  203  201.4891 18.5714 4.8445 36.5938 211.5400 0.4090 0.0060   -9.9900
20042002 1992.211834 31.8610 64.1480  205  203.4732 18.5507 4.8422 36.5915 211.4900 0.4090 0.0080   -9.9900
20042002 1992.211834 31.8610 64.1480  207  205.4573 18.5481 4.8419 36.5909 211.3700 0.4090 0.0050   -9.9900
20042002 1992.211834 31.8610 64.1480  209  207.4414 18.5432 4.8413 36.5892 211.1500 0.4090 0.0070   -9.9900
20042002 1992.211834 31.8610 64.1480  211  209.4255 18.5379 4.8408 36.5887 211.0500 0.4090 0.0070   -9.9900
20042002 1992.211834 31.8610 64.1480  213  211.4095 18.5342 4.8404 36.5881 211.0100 0.4090 0.0060   -9.9900
20042002 1992.211834 31.8610 64.1480  215  213.3936 18.5302 4.8400 36.5877 210.7600 0.4090 0.0060   -9.9900
20042002 1992.211834 31.8610 64.1480  217  215.3776 18.5210 4.8390 36.5863 210.6100 0.4090 0.0050   -9.9900
20042002 1992.211834 31.8610 64.1480  219  217.3616 18.5011 4.8366 36.5832 210.6000 0.4090 0.0070   -9.9900
20042002 1992.211834 31.8610 64.1480  221  219.3455 18.4747 4.8335 36.5796 210.4200 0.4070 0.0050   -9.9900
20042002 1992.211834 31.8610 64.1480  223  221.3295 18.4565 4.8315 36.5774 210.1500 0.4070 0.0050   -9.9900
20042002 1992.211834 31.8610 64.1480  225  223.3134 18.4474 4.8305 36.5762 209.8900 0.4070 0.0070   -9.9900
20042002 1992.211834 31.8610 64.1480  227  225.2974 18.4402 4.8297 36.5749 209.6100 0.4070 0.0090   -9.9900
20042002 1992.211834 31.8610 64.1480  229  227.2813 18.4227 4.8277 36.5729 209.4000 0.4070 0.0110   -9.9900
20042002 1992.211834 31.8610 64.1480  231  229.2651 18.4087 4.8261 36.5708 209.1600 0.4070 0.0120   -9.9900
20042002 1992.211834 31.8610 64.1480  233  231.2490 18.3885 4.8238 36.5684 208.9700 0.4070 0.0130   -9.9900
20042002 1992.211834 31.8610 64.1480  235  233.2328 18.3833 4.8233 36.5680 208.8500 0.4080 0.0110   -9.9900
20042002 1992.211834 31.8610 64.1480  237  235.2167 18.3822 4.8232 36.5675 208.6500 0.4070 0.0100   -9.9900
20042002 1992.211834 31.8610 64.1480  239  237.2005 18.3798 4.8230 36.5671 208.5700 0.4070 0.0100   -9.9900
20042002 1992.211834 31.8610 64.1480  241  239.1843 18.3757 4.8225 36.5664 208.4900 0.4070 0.0090   -9.9900
20042002 1992.211834 31.8610 64.1480  243  241.1680 18.3659 4.8215 36.5653 208.4300 0.4070 0.0090   -9.9900
20042002 1992.211834 31.8610 64.1480  245  243.1518 18.3503 4.8198 36.5644 208.4400 0.4060 0.0130   -9.9900
20042002 1992.211834 31.8610 64.1480  247  245.1355 18.3397 4.8187 36.5630 208.4600 0.4060 0.0120   -9.9900
20042002 1992.211834 31.8610 64.1480  249  247.1192 18.3269 4.8173 36.5623 208.4200 0.4050 0.0080   -9.9900
20042002 1992.211834 31.8610 64.1480  251  249.1029 18.3207 4.8167 36.5617 208.4500 0.4060 0.0080   -9.9900
20042002 1992.211834 31.8610 64.1480  253  251.0866 18.3162 4.8163 36.5611 208.4000 0.4060 0.0110   -9.9900
20042002 1992.211834 31.8610 64.1480  255  253.0702 18.3014 4.8146 36.5593 208.7700 0.4050 0.0120   -9.9900
