20029001 1991.137928 31.7880 64.1910    4    3.9722 20.3730 5.0373 36.6930 221.5200 0.4280 -9.9900   -9.9900
20029001 1991.137928 31.7880 64.1910    6    5.9582 20.3700 5.0370 36.6930 222.4700 0.4280 -9.9900   -9.9900
20029001 1991.137928 31.7880 64.1910    8    7.9443 20.3730 5.0375 36.6930 222.8200 0.4280 -9.9900   -9.9900
20029001 1991.137928 31.7880 64.1910   10    9.9303 20.3730 5.0375 36.6930 222.7500 0.4290 -9.9900   -9.9900
20029001 1991.137928 31.7880 64.1910   12   11.9163 20.3750 5.0378 36.6930 222.5300 0.4280 -9.9900   -9.9900
20029001 1991.137928 31.7880 64.1910   14   13.9022 20.3750 5.0379 36.6930 222.7000 0.4280 -9.9900   -9.9900
20029001 1991.137928 31.7880 64.1910   16   15.8882 20.3750 5.0380 36.6930 222.9000 0.4280 -9.9900   -9.9900
20029001 1991.137928 31.7880 64.1910   18   17.8741 20.3750 5.0381 36.6930 223.3500 0.4280 -9.9900   -9.9900
20029001 1991.137928 31.7880 64.1910   20   19.8601 20.3740 5.0381 36.6930 223.6700 0.4270 -9.9900   -9.9900
20029001 1991.137928 31.7880 64.1910   22   21.8460 20.3740 5.0382 36.6930 223.3100 0.4280 -9.9900   -9.9900
20029001 1991.137928 31.7880 64.1910   24   23.8318 20.3750 5.0384 36.6930 223.0700 0.4270 -9.9900   -9.9900
20029001 1991.137928 31.7880 64.1910   26   25.8177 20.3760 5.0386 36.6930 222.7700 0.4270 -9.9900   -9.9900
20029001 1991.137928 31.7880 64.1910   28   27.8036 20.3760 5.0387 36.6930 222.8400 0.4280 -9.9900   -9.9900
20029001 1991.137928 31.7880 64.1910   30   29.7894 20.3760 5.0388 36.6930 222.9900 0.4260 -9.9900   -9.9900
20029001 1991.137928 31.7880 64.1910   32   31.7752 20.3770 5.0390 36.6930 223.1300 0.4280 -9.9900   -9.9900
20029001 1991.137928 31.7880 64.1910   34   33.7610 20.3780 5.0392 36.6930 223.2700 0.4270 -9.9900   -9.9900
20029001 1991.137928 31.7880 64.1910   36   35.7467 20.3780 5.0392 36.6930 223.4000 0.4260 -9.9900   -9.9900
20029001 1991.137928 31.7880 64.1910   38   37.7325 20.3780 5.0393 36.6930 223.5400 0.4260 -9.9900   -9.9900
20029001 1991.137928 31.7880 64.1910   40   39.7182 20.3780 5.0394 36.6930 223.3900 0.4260 -9.9900   -9.9900
20029001 1991.137928 31.7880 64.1910   42   41.7039 20.3780 5.0395 36.6930 223.0800 0.4260 -9.9900   -9.9900
20029001 1991.137928 31.7880 64.1910   44   43.6896 20.3790 5.0397 36.6930 222.8100 0.4260 -9.9900   -9.9900
20029001 1991.137928 31.7880 64.1910   46   45.6753 20.3790 5.0398 36.6930 222.9300 0.4260 -9.9900   -9.9900
20029001 1991.137928 31.7880 64.1910   48   47.6609 20.3790 5.0399 36.6930 223.2800 0.4260 -9.9900   -9.9900
20029001 1991.137928 31.7880 64.1910   50   49.6465 20.3800 5.0401 36.6930 223.6500 0.4260 -9.9900   -9.9900
20029001 1991.137928 31.7880 64.1910   52   51.6322 20.3810 5.0403 36.6930 223.9600 0.4260 -9.9900   -9.9900
20029001 1991.137928 31.7880 64.1910   54   53.6178 20.3810 5.0404 36.6930 224.4000 0.4260 -9.9900   -9.9900
20029001 1991.137928 31.7880 64.1910   56   55.6033 20.3810 5.0405 36.6930 224.6600 0.4270 -9.9900   -9.9900
20029001 1991.137928 31.7880 64.1910   58   57.5889 20.3820 5.0407 36.6930 224.5100 0.4260 -9.9900   -9.9900
20029001 1991.137928 31.7880 64.1910   60   59.5744 20.3820 5.0408 36.6930 224.4000 0.4260 -9.9900   -9.9900
20029001 1991.137928 31.7880 64.1910   62   61.5599 20.3840 5.0411 36.6930 224.2900 0.4260 -9.9900   -9.9900
20029001 1991.137928 31.7880 64.1910   64   63.5454 20.3840 5.0411 36.6930 224.3800 0.4260 -9.9900   -9.9900
20029001 1991.137928 31.7880 64.1910   66   65.5309 20.3850 5.0413 36.6930 224.3400 0.4260 -9.9900   -9.9900
20029001 1991.137928 31.7880 64.1910   68   67.5164 20.3850 5.0414 36.6930 224.3500 0.4260 -9.9900   -9.9900
20029001 1991.137928 31.7880 64.1910   70   69.5018 20.3850 5.0416 36.6940 224.4600 0.4260 -9.9900   -9.9900
20029001 1991.137928 31.7880 64.1910   72   71.4872 20.3850 5.0417 36.6940 224.5300 0.4260 -9.9900   -9.9900
20029001 1991.137928 31.7880 64.1910   74   73.4726 20.3860 5.0419 36.6940 224.3400 0.4260 -9.9900   -9.9900
20029001 1991.137928 31.7880 64.1910   76   75.4580 20.3860 5.0419 36.6930 224.4500 0.4260 -9.9900   -9.9900
20029001 1991.137928 31.7880 64.1910   78   77.4434 20.3860 5.0420 36.6930 224.5700 0.4260 -9.9900   -9.9900
20029001 1991.137928 31.7880 64.1910   80   79.4287 20.3870 5.0422 36.6930 224.6900 0.4260 -9.9900   -9.9900
20029001 1991.137928 31.7880 64.1910   82   81.4140 20.3860 5.0422 36.6930 224.8600 0.4260 -9.9900   -9.9900
20029001 1991.137928 31.7880 64.1910   84   83.3993 20.3870 5.0424 36.6930 225.2200 0.4260 -9.9900   -9.9900
20029001 1991.137928 31.7880 64.1910   86   85.3846 20.3870 5.0425 36.6930 225.3400 0.4260 -9.9900   -9.9900
20029001 1991.137928 31.7880 64.1910   88   87.3699 20.3870 5.0425 36.6930 225.4600 0.4260 -9.9900   -9.9900
20029001 1991.137928 31.7880 64.1910   90   89.3551 20.3880 5.0427 36.6930 225.5300 0.4260 -9.9900   -9.9900
20029001 1991.137928 31.7880 64.1910   92   91.3403 20.3890 5.0429 36.6930 225.4400 0.4260 -9.9900   -9.9900
20029001 1991.137928 31.7880 64.1910   94   93.3256 20.3900 5.0433 36.6940 225.4000 0.4260 -9.9900   -9.9900
20029001 1991.137928 31.7880 64.1910   96   95.3107 20.3900 5.0433 36.6940 225.1900 0.4260 -9.9900   -9.9900
20029001 1991.137928 31.7880 64.1910   98   97.2959 20.3910 5.0435 36.6940 225.0800 0.4270 -9.9900   -9.9900
20029001 1991.137928 31.7880 64.1910  100   99.2811 20.3910 5.0436 36.6940 224.8400 0.4260 -9.9900   -9.9900
20029001 1991.137928 31.7880 64.1910  102  101.2662 20.3920 5.0438 36.6940 224.6900 0.4260 -9.9900   -9.9900
20029001 1991.137928 31.7880 64.1910  104  103.2513 20.3920 5.0439 36.6940 224.6000 0.4260 -9.9900   -9.9900
20029001 1991.137928 31.7880 64.1910  106  105.2364 20.3920 5.0440 36.6940 224.7200 0.4260 -9.9900   -9.9900
20029001 1991.137928 31.7880 64.1910  108  107.2215 20.3920 5.0441 36.6940 224.8300 0.4260 -9.9900   -9.9900
20029001 1991.137928 31.7880 64.1910  110  109.2065 20.3930 5.0443 36.6940 224.9400 0.4260 -9.9900   -9.9900
20029001 1991.137928 31.7880 64.1910  112  111.1916 20.3930 5.0444 36.6940 224.9600 0.4260 -9.9900   -9.9900
20029001 1991.137928 31.7880 64.1910  114  113.1766 20.3940 5.0446 36.6940 225.0700 0.4260 -9.9900   -9.9900
20029001 1991.137928 31.7880 64.1910  116  115.1616 20.3940 5.0447 36.6940 225.1700 0.4260 -9.9900   -9.9900
20029001 1991.137928 31.7880 64.1910  118  117.1465 20.3950 5.0449 36.6940 225.2500 0.4250 -9.9900   -9.9900
20029001 1991.137928 31.7880 64.1910  120  119.1315 20.3950 5.0450 36.6940 225.1000 0.4260 -9.9900   -9.9900
20029001 1991.137928 31.7880 64.1910  122  121.1164 20.3950 5.0450 36.6940 225.0400 0.4250 -9.9900   -9.9900
20029001 1991.137928 31.7880 64.1910  124  123.1014 20.3950 5.0451 36.6940 225.1300 0.4250 -9.9900   -9.9900
20029001 1991.137928 31.7880 64.1910  126  125.0863 20.3960 5.0452 36.6930 225.2300 0.4250 -9.9900   -9.9900
20029001 1991.137928 31.7880 64.1910  128  127.0711 20.3970 5.0455 36.6940 225.3300 0.4260 -9.9900   -9.9900
20029001 1991.137928 31.7880 64.1910  130  129.0560 20.3970 5.0456 36.6940 225.7500 0.4260 -9.9900   -9.9900
20029001 1991.137928 31.7880 64.1910  132  131.0408 20.3980 5.0458 36.6940 225.9400 0.4260 -9.9900   -9.9900
20029001 1991.137928 31.7880 64.1910  134  133.0257 20.3980 5.0459 36.6940 225.7200 0.4250 -9.9900   -9.9900
20029001 1991.137928 31.7880 64.1910  136  135.0105 20.3980 5.0460 36.6940 225.5000 0.4260 -9.9900   -9.9900
20029001 1991.137928 31.7880 64.1910  138  136.9952 20.3980 5.0461 36.6940 225.4100 0.4250 -9.9900   -9.9900
20029001 1991.137928 31.7880 64.1910  140  138.9800 20.3990 5.0463 36.6940 225.5800 0.4260 -9.9900   -9.9900
20029001 1991.137928 31.7880 64.1910  142  140.9648 20.3990 5.0464 36.6940 225.9500 0.4260 -9.9900   -9.9900
20029001 1991.137928 31.7880 64.1910  144  142.9495 20.4010 5.0467 36.6940 226.3900 0.4250 -9.9900   -9.9900
20029001 1991.137928 31.7880 64.1910  146  144.9342 20.4020 5.0470 36.6950 226.5900 0.4260 -9.9900   -9.9900
20029001 1991.137928 31.7880 64.1910  148  146.9189 20.4020 5.0471 36.6950 226.3000 0.4260 -9.9900   -9.9900
20029001 1991.137928 31.7880 64.1910  150  148.9035 20.4030 5.0473 36.6950 225.7800 0.4260 -9.9900   -9.9900
20029001 1991.137928 31.7880 64.1910  152  150.8882 20.4050 5.0477 36.6960 225.2300 0.4260 -9.9900   -9.9900
20029001 1991.137928 31.7880 64.1910  154  152.8728 20.4040 5.0476 36.6950 224.6400 0.4260 -9.9900   -9.9900
20029001 1991.137928 31.7880 64.1910  156  154.8574 20.4050 5.0478 36.6950 224.4500 0.4260 -9.9900   -9.9900
20029001 1991.137928 31.7880 64.1910  158  156.8420 20.4070 5.0482 36.6960 224.2100 0.4260 -9.9900   -9.9900
20029001 1991.137928 31.7880 64.1910  160  158.8266 20.4080 5.0485 36.6970 224.3200 0.4260 -9.9900   -9.9900
20029001 1991.137928 31.7880 64.1910  162  160.8112 20.4080 5.0485 36.6960 224.4100 0.4250 -9.9900   -9.9900
20029001 1991.137928 31.7880 64.1910  164  162.7957 20.4090 5.0487 36.6960 224.4900 0.4260 -9.9900   -9.9900
20029001 1991.137928 31.7880 64.1910  166  164.7802 20.4090 5.0487 36.6960 224.5700 0.4260 -9.9900   -9.9900
20029001 1991.137928 31.7880 64.1910  168  166.7647 20.4100 5.0489 36.6960 224.5500 0.4260 -9.9900   -9.9900
20029001 1991.137928 31.7880 64.1910  170  168.7492 20.4100 5.0490 36.6960 224.4100 0.4260 -9.9900   -9.9900
20029001 1991.137928 31.7880 64.1910  172  170.7336 20.4100 5.0491 36.6960 224.4600 0.4260 -9.9900   -9.9900
20029001 1991.137928 31.7880 64.1910  174  172.7181 20.4100 5.0492 36.6960 224.5300 0.4260 -9.9900   -9.9900
20029001 1991.137928 31.7880 64.1910  176  174.7025 20.4110 5.0494 36.6960 224.6300 0.4260 -9.9900   -9.9900
20029001 1991.137928 31.7880 64.1910  178  176.6869 20.4110 5.0495 36.6960 224.9600 0.4260 -9.9900   -9.9900
20029001 1991.137928 31.7880 64.1910  180  178.6713 20.4100 5.0495 36.6960 225.1100 0.4270 -9.9900   -9.9900
20029001 1991.137928 31.7880 64.1910  182  180.6556 20.4100 5.0496 36.6960 225.1300 0.4260 -9.9900   -9.9900
20029001 1991.137928 31.7880 64.1910  184  182.6400 20.4100 5.0497 36.6960 225.1700 0.4260 -9.9900   -9.9900
20029001 1991.137928 31.7880 64.1910  186  184.6243 20.4100 5.0497 36.6960 225.0000 0.4260 -9.9900   -9.9900
20029001 1991.137928 31.7880 64.1910  188  186.6086 20.4100 5.0497 36.6950 224.9300 0.4260 -9.9900   -9.9900
20029001 1991.137928 31.7880 64.1910  190  188.5929 20.4090 5.0498 36.6960 224.7400 0.4260 -9.9900   -9.9900
20029001 1991.137928 31.7880 64.1910  192  190.5772 20.4070 5.0496 36.6950 224.5600 0.4240 -9.9900   -9.9900
20029001 1991.137928 31.7880 64.1910  194  192.5614 20.4050 5.0493 36.6940 224.6500 0.4240 -9.9900   -9.9900
20029001 1991.137928 31.7880 64.1910  196  194.5456 20.4030 5.0492 36.6940 224.9700 0.4240 -9.9900   -9.9900
20029001 1991.137928 31.7880 64.1910  198  196.5298 20.4030 5.0493 36.6940 225.1100 0.4240 -9.9900   -9.9900
20029001 1991.137928 31.7880 64.1910  200  198.5140 20.4020 5.0493 36.6940 224.9700 0.4240 -9.9900   -9.9900
20029001 1991.137928 31.7880 64.1910  202  200.4982 20.4030 5.0495 36.6940 224.7100 0.4240 -9.9900   -9.9900
20029001 1991.137928 31.7880 64.1910  204  202.4824 20.3930 5.0485 36.6940 224.5500 0.4210 -9.9900   -9.9900
20029001 1991.137928 31.7880 64.1910  206  204.4665 20.3720 5.0462 36.6930 224.2900 0.4170 -9.9900   -9.9900
20029001 1991.137928 31.7880 64.1910  208  206.4506 20.3460 5.0430 36.6880 223.7500 0.4140 -9.9900   -9.9900
20029001 1991.137928 31.7880 64.1910  210  208.4347 20.3370 5.0420 36.6870 222.7600 0.4150 -9.9900   -9.9900
20029001 1991.137928 31.7880 64.1910  212  210.4188 20.2900 5.0366 36.6830 221.8700 0.4120 -9.9900   -9.9900
20029001 1991.137928 31.7880 64.1910  214  212.4028 20.1870 5.0253 36.6790 221.0400 0.4100 -9.9900   -9.9900
20029001 1991.137928 31.7880 64.1910  216  214.3869 20.1540 5.0215 36.6760 219.7600 0.4070 -9.9900   -9.9900
20029001 1991.137928 31.7880 64.1910  218  216.3709 19.9470 4.9987 36.6680 217.2900 0.4020 -9.9900   -9.9900
20029001 1991.137928 31.7880 64.1910  220  218.3549 19.8890 4.9916 36.6590 214.7000 0.4020 -9.9900   -9.9900
20029001 1991.137928 31.7880 64.1910  222  220.3389 19.7440 4.9757 36.6530 212.0100 0.4000 -9.9900   -9.9900
20029001 1991.137928 31.7880 64.1910  224  222.3228 19.6270 4.9620 36.6410 208.4000 0.3990 -9.9900   -9.9900
20029001 1991.137928 31.7880 64.1910  226  224.3068 19.6090 4.9597 36.6370 206.3700 0.4000 -9.9900   -9.9900
20029001 1991.137928 31.7880 64.1910  228  226.2907 19.5680 4.9552 36.6350 205.1700 0.3990 -9.9900   -9.9900
20029001 1991.137928 31.7880 64.1910  230  228.2746 19.5100 4.9489 36.6330 204.1400 0.3990 -9.9900   -9.9900
20029001 1991.137928 31.7880 64.1910  232  230.2585 19.4660 4.9443 36.6320 203.5700 0.3980 -9.9900   -9.9900
20029001 1991.137928 31.7880 64.1910  234  232.2423 19.4490 4.9421 36.6280 202.8700 0.3980 -9.9900   -9.9900
20029001 1991.137928 31.7880 64.1910  236  234.2262 19.4060 4.9377 36.6280 202.7400 0.3980 -9.9900   -9.9900
20029001 1991.137928 31.7880 64.1910  238  236.2100 19.3710 4.9337 36.6250 202.6100 0.3980 -9.9900   -9.9900
20029001 1991.137928 31.7880 64.1910  240  238.1938 19.3100 4.9273 36.6240 202.5600 0.3980 -9.9900   -9.9900
20029001 1991.137928 31.7880 64.1910  242  240.1776 19.2800 4.9240 36.6220 202.4900 0.3970 -9.9900   -9.9900
20029001 1991.137928 31.7880 64.1910  244  242.1614 19.2500 4.9205 36.6190 202.4100 0.3970 -9.9900   -9.9900
20029001 1991.137928 31.7880 64.1910  246  244.1451 19.2200 4.9172 36.6170 202.3700 0.3970 -9.9900   -9.9900
20029001 1991.137928 31.7880 64.1910  248  246.1288 19.1840 4.9133 36.6150 202.3700 0.3960 -9.9900   -9.9900
20029001 1991.137928 31.7880 64.1910  250  248.1125 19.1560 4.9100 36.6110 202.3800 0.3970 -9.9900   -9.9900
20029001 1991.137928 31.7880 64.1910  252  250.0962 19.1100 4.9050 36.6090 202.4100 0.3960 -9.9900   -9.9900
20029001 1991.137928 31.7880 64.1910  254  252.0799 19.0700 4.9004 36.6050 202.3800 0.3950 -9.9900   -9.9900
20029002 1991.138419 31.7640 64.1560    4    3.9722 20.5220 5.0539 36.7000 227.3000 0.4390 -9.9900   -9.9900
20029002 1991.138419 31.7640 64.1560    6    5.9582 20.4800 5.0497 36.7010 227.7300 0.4400 -9.9900   -9.9900
20029002 1991.138419 31.7640 64.1560    8    7.9443 20.4190 5.0431 36.6990 227.9400 0.4420 -9.9900   -9.9900
20029002 1991.138419 31.7640 64.1560   10    9.9303 20.4020 5.0412 36.6980 228.0800 0.4430 -9.9900   -9.9900
20029002 1991.138419 31.7640 64.1560   12   11.9163 20.4050 5.0414 36.6960 228.2300 0.4440 -9.9900   -9.9900
20029002 1991.138419 31.7640 64.1560   14   13.9023 20.3990 5.0408 36.6960 228.3800 0.4430 -9.9900   -9.9900
20029002 1991.138419 31.7640 64.1560   16   15.8882 20.3960 5.0405 36.6950 228.5200 0.4430 -9.9900   -9.9900
20029002 1991.138419 31.7640 64.1560   18   17.8742 20.3930 5.0403 36.6950 228.5300 0.4430 -9.9900   -9.9900
20029002 1991.138419 31.7640 64.1560   20   19.8601 20.3910 5.0401 36.6950 228.1500 0.4430 -9.9900   -9.9900
20029002 1991.138419 31.7640 64.1560   22   21.8460 20.3900 5.0401 36.6950 227.9400 0.4430 -9.9900   -9.9900
20029002 1991.138419 31.7640 64.1560   24   23.8319 20.3880 5.0400 36.6950 227.8300 0.4430 -9.9900   -9.9900
20029002 1991.138419 31.7640 64.1560   26   25.8178 20.3870 5.0399 36.6940 227.5500 0.4420 -9.9900   -9.9900
20029002 1991.138419 31.7640 64.1560   28   27.8036 20.3850 5.0398 36.6940 227.6900 0.4410 -9.9900   -9.9900
20029002 1991.138419 31.7640 64.1560   30   29.7894 20.3850 5.0398 36.6940 227.8200 0.4410 -9.9900   -9.9900
20029002 1991.138419 31.7640 64.1560   32   31.7752 20.3840 5.0398 36.6940 227.5100 0.4410 -9.9900   -9.9900
20029002 1991.138419 31.7640 64.1560   34   33.7610 20.3830 5.0398 36.6940 227.2900 0.4410 -9.9900   -9.9900
20029002 1991.138419 31.7640 64.1560   36   35.7468 20.3830 5.0399 36.6940 227.1100 0.4390 -9.9900   -9.9900
20029002 1991.138419 31.7640 64.1560   38   37.7325 20.3840 5.0402 36.6950 227.2600 0.4390 -9.9900   -9.9900
20029002 1991.138419 31.7640 64.1560   40   39.7183 20.3840 5.0403 36.6950 227.6800 0.4390 -9.9900   -9.9900
20029002 1991.138419 31.7640 64.1560   42   41.7040 20.3850 5.0405 36.6950 228.2400 0.4380 -9.9900   -9.9900
20029002 1991.138419 31.7640 64.1560   44   43.6897 20.3850 5.0406 36.6950 228.7400 0.4370 -9.9900   -9.9900
20029002 1991.138419 31.7640 64.1560   46   45.6754 20.3850 5.0407 36.6950 228.6800 0.4370 -9.9900   -9.9900
20029002 1991.138419 31.7640 64.1560   48   47.6610 20.3850 5.0408 36.6950 228.4600 0.4370 -9.9900   -9.9900
20029002 1991.138419 31.7640 64.1560   50   49.6466 20.3860 5.0410 36.6950 228.1800 0.4370 -9.9900   -9.9900
20029002 1991.138419 31.7640 64.1560   52   51.6323 20.3860 5.0411 36.6950 228.1300 0.4340 -9.9900   -9.9900
20029002 1991.138419 31.7640 64.1560   54   53.6179 20.3860 5.0412 36.6950 228.0600 0.4340 -9.9900   -9.9900
20029002 1991.138419 31.7640 64.1560   56   55.6034 20.3860 5.0412 36.6950 227.9300 0.4350 -9.9900   -9.9900
20029002 1991.138419 31.7640 64.1560   58   57.5890 20.3870 5.0414 36.6950 228.0600 0.4340 -9.9900   -9.9900
20029002 1991.138419 31.7640 64.1560   60   59.5745 20.3870 5.0417 36.6960 228.0800 0.4350 -9.9900   -9.9900
20029002 1991.138419 31.7640 64.1560   62   61.5600 20.3880 5.0417 36.6950 227.7900 0.4330 -9.9900   -9.9900
20029002 1991.138419 31.7640 64.1560   64   63.5455 20.3880 5.0418 36.6950 227.7900 0.4340 -9.9900   -9.9900
20029002 1991.138419 31.7640 64.1560   66   65.5310 20.3880 5.0419 36.6950 227.8300 0.4340 -9.9900   -9.9900
20029002 1991.138419 31.7640 64.1560   68   67.5165 20.3890 5.0421 36.6950 227.6700 0.4340 -9.9900   -9.9900
20029002 1991.138419 31.7640 64.1560   70   69.5019 20.3890 5.0422 36.6950 227.5700 0.4350 -9.9900   -9.9900
20029002 1991.138419 31.7640 64.1560   72   71.4874 20.3890 5.0423 36.6950 227.6400 0.4350 -9.9900   -9.9900
20029002 1991.138419 31.7640 64.1560   74   73.4728 20.3870 5.0422 36.6950 227.5700 0.4310 -9.9900   -9.9900
20029002 1991.138419 31.7640 64.1560   76   75.4581 20.3890 5.0425 36.6950 227.5700 0.4320 -9.9900   -9.9900
20029002 1991.138419 31.7640 64.1560   78   77.4435 20.3890 5.0426 36.6950 227.5900 0.4320 -9.9900   -9.9900
20029002 1991.138419 31.7640 64.1560   80   79.4289 20.3890 5.0426 36.6950 227.7200 0.4310 -9.9900   -9.9900
20029002 1991.138419 31.7640 64.1560   82   81.4142 20.3880 5.0426 36.6950 227.7600 0.4300 -9.9900   -9.9900
20029002 1991.138419 31.7640 64.1560   84   83.3995 20.3880 5.0426 36.6940 227.4900 0.4290 -9.9900   -9.9900
20029002 1991.138419 31.7640 64.1560   86   85.3848 20.3880 5.0427 36.6940 227.2800 0.4280 -9.9900   -9.9900
20029002 1991.138419 31.7640 64.1560   88   87.3700 20.3880 5.0428 36.6940 227.1500 0.4280 -9.9900   -9.9900
20029002 1991.138419 31.7640 64.1560   90   89.3553 20.3880 5.0429 36.6940 226.9700 0.4280 -9.9900   -9.9900
20029002 1991.138419 31.7640 64.1560   92   91.3405 20.3890 5.0431 36.6940 226.8800 0.4280 -9.9900   -9.9900
20029002 1991.138419 31.7640 64.1560   94   93.3257 20.3900 5.0433 36.6940 227.0300 0.4290 -9.9900   -9.9900
20029002 1991.138419 31.7640 64.1560   96   95.3109 20.3900 5.0433 36.6940 227.1400 0.4280 -9.9900   -9.9900
20029002 1991.138419 31.7640 64.1560   98   97.2961 20.3910 5.0435 36.6940 227.2500 0.4280 -9.9900   -9.9900
20029002 1991.138419 31.7640 64.1560  100   99.2813 20.3920 5.0437 36.6940 227.3600 0.4290 -9.9900   -9.9900
20029002 1991.138419 31.7640 64.1560  102  101.2664 20.3920 5.0440 36.6950 227.4700 0.4300 -9.9900   -9.9900
20029002 1991.138419 31.7640 64.1560  104  103.2515 20.3930 5.0441 36.6950 227.4800 0.4280 -9.9900   -9.9900
20029002 1991.138419 31.7640 64.1560  106  105.2366 20.3930 5.0442 36.6950 227.2400 0.4270 -9.9900   -9.9900
20029002 1991.138419 31.7640 64.1560  108  107.2217 20.3920 5.0441 36.6940 227.0700 0.4270 -9.9900   -9.9900
20029002 1991.138419 31.7640 64.1560  110  109.2067 20.3930 5.0443 36.6940 226.8400 0.4260 -9.9900   -9.9900
20029002 1991.138419 31.7640 64.1560  112  111.1918 20.3930 5.0444 36.6940 226.5900 0.4270 -9.9900   -9.9900
20029002 1991.138419 31.7640 64.1560  114  113.1768 20.3930 5.0445 36.6940 226.6400 0.4270 -9.9900   -9.9900
20029002 1991.138419 31.7640 64.1560  116  115.1618 20.3930 5.0446 36.6940 226.7400 0.4260 -9.9900   -9.9900
20029002 1991.138419 31.7640 64.1560  118  117.1468 20.3920 5.0445 36.6940 226.7700 0.4270 -9.9900   -9.9900
20029002 1991.138419 31.7640 64.1560  120  119.1317 20.3930 5.0446 36.6930 226.8700 0.4260 -9.9900   -9.9900
20029002 1991.138419 31.7640 64.1560  122  121.1167 20.3930 5.0447 36.6930 226.9300 0.4260 -9.9900   -9.9900
20029002 1991.138419 31.7640 64.1560  124  123.1016 20.3930 5.0448 36.6930 226.7200 0.4270 -9.9900   -9.9900
20029002 1991.138419 31.7640 64.1560  126  125.0865 20.3940 5.0451 36.6940 226.4600 0.4260 -9.9900   -9.9900
20029002 1991.138419 31.7640 64.1560  128  127.0714 20.3920 5.0449 36.6930 225.9100 0.4260 -9.9900   -9.9900
20029002 1991.138419 31.7640 64.1560  130  129.0562 20.3920 5.0450 36.6930 225.6000 0.4260 -9.9900   -9.9900
20029002 1991.138419 31.7640 64.1560  132  131.0411 20.3930 5.0452 36.6930 225.4600 0.4260 -9.9900   -9.9900
20029002 1991.138419 31.7640 64.1560  134  133.0259 20.3960 5.0456 36.6930 225.5400 0.4270 -9.9900   -9.9900
20029002 1991.138419 31.7640 64.1560  136  135.0107 20.3940 5.0454 36.6930 225.6300 0.4260 -9.9900   -9.9900
20029002 1991.138419 31.7640 64.1560  138  136.9955 20.3940 5.0455 36.6930 225.7500 0.4270 -9.9900   -9.9900
20029002 1991.138419 31.7640 64.1560  140  138.9803 20.3990 5.0463 36.6940 225.9800 0.4260 -9.9900   -9.9900
20029002 1991.138419 31.7640 64.1560  142  140.9650 20.3960 5.0460 36.6940 226.3800 0.4260 -9.9900   -9.9900
20029002 1991.138419 31.7640 64.1560  144  142.9498 20.3980 5.0462 36.6930 226.5100 0.4260 -9.9900   -9.9900
20029002 1991.138419 31.7640 64.1560  146  144.9345 20.3970 5.0463 36.6940 226.5200 0.4260 -9.9900   -9.9900
20029002 1991.138419 31.7640 64.1560  148  146.9192 20.3960 5.0462 36.6930 226.2100 0.4260 -9.9900   -9.9900
20029002 1991.138419 31.7640 64.1560  150  148.9038 20.3970 5.0464 36.6930 226.1100 0.4260 -9.9900   -9.9900
20029002 1991.138419 31.7640 64.1560  152  150.8885 20.3990 5.0468 36.6940 225.8300 0.4250 -9.9900   -9.9900
20029002 1991.138419 31.7640 64.1560  154  152.8731 20.3990 5.0469 36.6940 225.5400 0.4260 -9.9900   -9.9900
20029002 1991.138419 31.7640 64.1560  156  154.8577 20.3970 5.0467 36.6930 225.5800 0.4260 -9.9900   -9.9900
20029002 1991.138419 31.7640 64.1560  158  156.8423 20.3980 5.0469 36.6930 225.6600 0.4260 -9.9900   -9.9900
20029002 1991.138419 31.7640 64.1560  160  158.8269 20.4000 5.0473 36.6940 225.7400 0.4290 -9.9900   -9.9900
20029002 1991.138419 31.7640 64.1560  162  160.8115 20.4010 5.0475 36.6940 225.6800 0.4260 -9.9900   -9.9900
20029002 1991.138419 31.7640 64.1560  164  162.7960 20.4010 5.0476 36.6940 225.4600 0.4260 -9.9900   -9.9900
20029002 1991.138419 31.7640 64.1560  166  164.7805 20.4020 5.0478 36.6940 225.4500 0.4260 -9.9900   -9.9900
20029002 1991.138419 31.7640 64.1560  168  166.7650 20.4020 5.0479 36.6940 225.3200 0.4250 -9.9900   -9.9900
20029002 1991.138419 31.7640 64.1560  170  168.7495 20.4010 5.0478 36.6940 225.1100 0.4260 -9.9900   -9.9900
20029002 1991.138419 31.7640 64.1560  172  170.7340 20.4020 5.0480 36.6940 224.9100 0.4260 -9.9900   -9.9900
20029002 1991.138419 31.7640 64.1560  174  172.7184 20.4000 5.0479 36.6940 224.8500 0.4260 -9.9900   -9.9900
20029002 1991.138419 31.7640 64.1560  176  174.7028 20.3990 5.0479 36.6940 224.9600 0.4260 -9.9900   -9.9900
20029002 1991.138419 31.7640 64.1560  178  176.6873 20.3980 5.0479 36.6940 225.0300 0.4240 -9.9900   -9.9900
20029002 1991.138419 31.7640 64.1560  180  178.6716 20.3970 5.0479 36.6940 225.1000 0.4240 -9.9900   -9.9900
20029002 1991.138419 31.7640 64.1560  182  180.6560 20.3940 5.0475 36.6930 225.1800 0.4240 -9.9900   -9.9900
20029002 1991.138419 31.7640 64.1560  184  182.6403 20.3910 5.0473 36.6930 225.2500 0.4240 -9.9900   -9.9900
20029002 1991.138419 31.7640 64.1560  186  184.6247 20.3890 5.0470 36.6920 225.2400 0.4230 -9.9900   -9.9900
20029002 1991.138419 31.7640 64.1560  188  186.6090 20.3890 5.0471 36.6920 225.0200 0.4210 -9.9900   -9.9900
20029002 1991.138419 31.7640 64.1560  190  188.5933 20.3890 5.0471 36.6910 224.6500 0.4210 -9.9900   -9.9900
20029002 1991.138419 31.7640 64.1560  192  190.5775 20.3840 5.0465 36.6900 224.3400 0.4210 -9.9900   -9.9900
20029002 1991.138419 31.7640 64.1560  194  192.5618 20.3830 5.0465 36.6900 224.0200 0.4210 -9.9900   -9.9900
20029002 1991.138419 31.7640 64.1560  196  194.5460 20.3810 5.0464 36.6900 223.5700 0.4210 -9.9900   -9.9900
20029002 1991.138419 31.7640 64.1560  198  196.5302 20.3770 5.0461 36.6900 223.2100 0.4190 -9.9900   -9.9900
20029002 1991.138419 31.7640 64.1560  200  198.5144 20.3700 5.0454 36.6900 222.5600 0.4190 -9.9900   -9.9900
20029002 1991.138419 31.7640 64.1560  202  200.4986 20.3550 5.0438 36.6890 222.0200 0.4160 -9.9900   -9.9900
20029002 1991.138419 31.7640 64.1560  204  202.4828 20.3250 5.0404 36.6870 221.7200 0.4150 -9.9900   -9.9900
20029002 1991.138419 31.7640 64.1560  206  204.4669 20.2930 5.0368 36.6840 221.4000 0.4130 -9.9900   -9.9900
20029002 1991.138419 31.7640 64.1560  208  206.4510 20.2690 5.0335 36.6770 220.4600 0.4110 -9.9900   -9.9900
20029002 1991.138419 31.7640 64.1560  210  208.4351 20.2120 5.0272 36.6740 219.7700 0.4150 -9.9900   -9.9900
20029002 1991.138419 31.7640 64.1560  212  210.4192 20.0970 5.0147 36.6710 218.6700 0.4070 -9.9900   -9.9900
20029002 1991.138419 31.7640 64.1560  214  212.4032 19.9650 4.9994 36.6590 216.8400 0.4040 -9.9900   -9.9900
20029002 1991.138419 31.7640 64.1560  216  214.3873 19.6990 4.9706 36.6530 215.1000 0.4030 -9.9900   -9.9900
20029002 1991.138419 31.7640 64.1560  218  216.3713 19.6190 4.9612 36.6440 212.1100 0.4020 -9.9900   -9.9900
20029002 1991.138419 31.7640 64.1560  220  218.3553 19.5660 4.9552 36.6400 210.2100 0.4020 -9.9900   -9.9900
20029002 1991.138419 31.7640 64.1560  222  220.3393 19.5340 4.9517 36.6380 208.5400 0.4010 -9.9900   -9.9900
20029002 1991.138419 31.7640 64.1560  224  222.3233 19.5080 4.9485 36.6330 206.5500 0.4000 -9.9900   -9.9900
20029002 1991.138419 31.7640 64.1560  226  224.3072 19.4570 4.9432 36.6330 205.5600 0.4020 -9.9900   -9.9900
20029002 1991.138419 31.7640 64.1560  228  226.2911 19.4110 4.9383 36.6320 204.5000 0.4000 -9.9900   -9.9900
20029002 1991.138419 31.7640 64.1560  230  228.2750 19.3530 4.9319 36.6290 203.5500 0.4000 -9.9900   -9.9900
20029002 1991.138419 31.7640 64.1560  232  230.2589 19.3210 4.9284 36.6270 203.1900 0.4000 -9.9900   -9.9900
20029002 1991.138419 31.7640 64.1560  234  232.2428 19.3000 4.9259 36.6240 202.8900 0.4000 -9.9900   -9.9900
20029002 1991.138419 31.7640 64.1560  236  234.2266 19.2830 4.9242 36.6240 202.7500 0.3990 -9.9900   -9.9900
20029002 1991.138419 31.7640 64.1560  238  236.2105 19.2170 4.9173 36.6230 202.6200 0.4000 -9.9900   -9.9900
20029002 1991.138419 31.7640 64.1560  240  238.1943 19.1530 4.9099 36.6170 202.4800 0.3980 -9.9900   -9.9900
20029002 1991.138419 31.7640 64.1560  242  240.1781 19.1270 4.9072 36.6160 202.4700 0.3980 -9.9900   -9.9900
20029002 1991.138419 31.7640 64.1560  244  242.1618 19.0920 4.9034 36.6150 202.4000 0.3980 -9.9900   -9.9900
20029002 1991.138419 31.7640 64.1560  246  244.1456 19.0760 4.9016 36.6130 202.3700 0.3980 -9.9900   -9.9900
20029002 1991.138419 31.7640 64.1560  248  246.1293 19.0610 4.9000 36.6120 202.3600 0.3980 -9.9900   -9.9900
20029002 1991.138419 31.7640 64.1560  250  248.1130 19.0400 4.8978 36.6110 202.3500 0.3970 -9.9900   -9.9900
20029002 1991.138419 31.7640 64.1560  252  250.0967 19.0190 4.8953 36.6080 202.3500 0.3970 -9.9900   -9.9900
20029002 1991.138419 31.7640 64.1560  254  252.0804 18.9950 4.8926 36.6060 202.3700 0.3970 -9.9900   -9.9900
20029002 1991.138419 31.7640 64.1560  256  254.0641 18.9720 4.8902 36.6050 202.4100 0.3970 -9.9900   -9.9900
20029003 1991.138746 31.7920 64.1600    3    2.9791 20.5830 5.0599 36.6960 224.2000 0.4510 -9.9900   -9.9900
20029003 1991.138746 31.7920 64.1600    5    4.9652 20.5840 5.0601 36.6960 224.4500 0.4470 -9.9900   -9.9900
20029003 1991.138746 31.7920 64.1600    7    6.9512 20.5700 5.0588 36.6970 225.0500 0.4450 -9.9900   -9.9900
20029003 1991.138746 31.7920 64.1600    9    8.9373 20.4510 5.0465 36.6990 225.2300 0.4510 -9.9900   -9.9900
20029003 1991.138746 31.7920 64.1600   11   10.9233 20.4070 5.0416 36.6960 225.3500 0.4540 -9.9900   -9.9900
20029003 1991.138746 31.7920 64.1600   13   12.9093 20.4020 5.0409 36.6940 224.6100 0.4540 -9.9900   -9.9900
20029003 1991.138746 31.7920 64.1600   15   14.8952 20.3990 5.0406 36.6940 224.2900 0.4540 -9.9900   -9.9900
20029003 1991.138746 31.7920 64.1600   17   16.8812 20.3970 5.0405 36.6940 224.0500 0.4550 -9.9900   -9.9900
20029003 1991.138746 31.7920 64.1600   19   18.8671 20.3930 5.0401 36.6930 223.7700 0.4560 -9.9900   -9.9900
20029003 1991.138746 31.7920 64.1600   21   20.8530 20.3890 5.0397 36.6930 223.8900 0.4560 -9.9900   -9.9900
20029003 1991.138746 31.7920 64.1600   23   22.8389 20.3840 5.0393 36.6930 223.8200 0.4560 -9.9900   -9.9900
20029003 1991.138746 31.7920 64.1600   25   24.8248 20.3800 5.0390 36.6930 223.7000 0.4560 -9.9900   -9.9900
20029003 1991.138746 31.7920 64.1600   27   26.8106 20.3780 5.0388 36.6930 223.6100 0.4560 -9.9900   -9.9900
20029003 1991.138746 31.7920 64.1600   29   28.7965 20.3780 5.0388 36.6920 223.4100 0.4560 -9.9900   -9.9900
20029003 1991.138746 31.7920 64.1600   31   30.7823 20.3770 5.0388 36.6920 223.2600 0.4560 -9.9900   -9.9900
20029003 1991.138746 31.7920 64.1600   33   32.7681 20.3780 5.0390 36.6920 223.7100 0.4570 -9.9900   -9.9900
20029003 1991.138746 31.7920 64.1600   35   34.7538 20.3780 5.0391 36.6920 224.1300 0.4550 -9.9900   -9.9900
20029003 1991.138746 31.7920 64.1600   37   36.7396 20.3770 5.0391 36.6920 224.8500 0.4550 -9.9900   -9.9900
20029003 1991.138746 31.7920 64.1600   39   38.7253 20.3760 5.0390 36.6920 225.2000 0.4540 -9.9900   -9.9900
20029003 1991.138746 31.7920 64.1600   41   40.7110 20.3770 5.0392 36.6920 225.3200 0.4540 -9.9900   -9.9900
20029003 1991.138746 31.7920 64.1600   43   42.6967 20.3750 5.0391 36.6920 225.4600 0.4530 -9.9900   -9.9900
20029003 1991.138746 31.7920 64.1600   45   44.6824 20.3750 5.0392 36.6920 225.5900 0.4520 -9.9900   -9.9900
20029003 1991.138746 31.7920 64.1600   47   46.6681 20.3730 5.0391 36.6920 225.7100 0.4500 -9.9900   -9.9900
20029003 1991.138746 31.7920 64.1600   49   48.6537 20.3720 5.0391 36.6920 225.5500 0.4460 -9.9900   -9.9900
20029003 1991.138746 31.7920 64.1600   51   50.6393 20.3720 5.0392 36.6920 225.3900 0.4450 -9.9900   -9.9900
20029003 1991.138746 31.7920 64.1600   53   52.6249 20.3730 5.0394 36.6920 225.4100 0.4450 -9.9900   -9.9900
20029003 1991.138746 31.7920 64.1600   55   54.6105 20.3730 5.0393 36.6910 225.5400 0.4450 -9.9900   -9.9900
20029003 1991.138746 31.7920 64.1600   57   56.5961 20.3730 5.0395 36.6920 225.5100 0.4450 -9.9900   -9.9900
20029003 1991.138746 31.7920 64.1600   59   58.5816 20.3740 5.0397 36.6920 225.5600 0.4450 -9.9900   -9.9900
20029003 1991.138746 31.7920 64.1600   61   60.5672 20.3740 5.0398 36.6920 225.6900 0.4450 -9.9900   -9.9900
20029003 1991.138746 31.7920 64.1600   63   62.5527 20.3740 5.0399 36.6920 225.6000 0.4430 -9.9900   -9.9900
20029003 1991.138746 31.7920 64.1600   65   64.5381 20.3740 5.0400 36.6920 225.4700 0.4410 -9.9900   -9.9900
20029003 1991.138746 31.7920 64.1600   67   66.5236 20.3740 5.0400 36.6910 225.1500 0.4410 -9.9900   -9.9900
20029003 1991.138746 31.7920 64.1600   69   68.5091 20.3740 5.0401 36.6910 224.9300 0.4410 -9.9900   -9.9900
20029003 1991.138746 31.7920 64.1600   71   70.4945 20.3740 5.0402 36.6910 224.5200 0.4400 -9.9900   -9.9900
20029003 1991.138746 31.7920 64.1600   73   72.4799 20.3750 5.0404 36.6910 224.2400 0.4400 -9.9900   -9.9900
20029003 1991.138746 31.7920 64.1600   75   74.4653 20.3750 5.0404 36.6910 224.1600 0.4390 -9.9900   -9.9900
20029003 1991.138746 31.7920 64.1600   77   76.4507 20.3750 5.0405 36.6910 224.0700 0.4410 -9.9900   -9.9900
20029003 1991.138746 31.7920 64.1600   79   78.4360 20.3750 5.0406 36.6910 224.2100 0.4390 -9.9900   -9.9900
20029003 1991.138746 31.7920 64.1600   81   80.4213 20.3760 5.0408 36.6910 224.8000 0.4390 -9.9900   -9.9900
20029003 1991.138746 31.7920 64.1600   83   82.4066 20.3760 5.0409 36.6910 225.4200 0.4390 -9.9900   -9.9900
20029003 1991.138746 31.7920 64.1600   85   84.3919 20.3750 5.0410 36.6920 225.5800 0.4370 -9.9900   -9.9900
20029003 1991.138746 31.7920 64.1600   87   86.3772 20.3760 5.0411 36.6910 225.5900 0.4350 -9.9900   -9.9900
20029003 1991.138746 31.7920 64.1600   89   88.3625 20.3770 5.0413 36.6910 225.4000 0.4350 -9.9900   -9.9900
20029003 1991.138746 31.7920 64.1600   91   90.3477 20.3760 5.0414 36.6920 225.3100 0.4340 -9.9900   -9.9900
20029003 1991.138746 31.7920 64.1600   93   92.3329 20.3760 5.0414 36.6910 225.3100 0.4350 -9.9900   -9.9900
20029003 1991.138746 31.7920 64.1600   95   94.3181 20.3770 5.0416 36.6910 224.9300 0.4340 -9.9900   -9.9900
20029003 1991.138746 31.7920 64.1600   97   96.3033 20.3780 5.0418 36.6910 224.6800 0.4340 -9.9900   -9.9900
20029003 1991.138746 31.7920 64.1600   99   98.2885 20.3780 5.0418 36.6910 224.5300 0.4330 -9.9900   -9.9900
20029003 1991.138746 31.7920 64.1600  101  100.2736 20.3780 5.0419 36.6910 224.3800 0.4320 -9.9900   -9.9900
20029003 1991.138746 31.7920 64.1600  103  102.2587 20.3780 5.0420 36.6910 224.4700 0.4310 -9.9900   -9.9900
20029003 1991.138746 31.7920 64.1600  105  104.2438 20.3790 5.0422 36.6910 224.1000 0.4320 -9.9900   -9.9900
20029003 1991.138746 31.7920 64.1600  107  106.2289 20.3800 5.0424 36.6910 223.9300 0.4330 -9.9900   -9.9900
20029003 1991.138746 31.7920 64.1600  109  108.2140 20.3790 5.0424 36.6910 223.7200 0.4310 -9.9900   -9.9900
20029003 1991.138746 31.7920 64.1600  111  110.1990 20.3790 5.0425 36.6910 223.4600 0.4300 -9.9900   -9.9900
20029003 1991.138746 31.7920 64.1600  113  112.1840 20.3800 5.0427 36.6910 223.5600 0.4300 -9.9900   -9.9900
20029003 1991.138746 31.7920 64.1600  115  114.1690 20.3800 5.0428 36.6910 223.6500 0.4300 -9.9900   -9.9900
20029003 1991.138746 31.7920 64.1600  117  116.1540 20.3800 5.0429 36.6910 223.4700 0.4290 -9.9900   -9.9900
20029003 1991.138746 31.7920 64.1600  119  118.1390 20.3800 5.0430 36.6910 223.2500 0.4300 -9.9900   -9.9900
20029003 1991.138746 31.7920 64.1600  121  120.1239 20.3800 5.0430 36.6910 223.1600 0.4300 -9.9900   -9.9900
20029003 1991.138746 31.7920 64.1600  123  122.1089 20.3810 5.0432 36.6910 223.3300 0.4300 -9.9900   -9.9900
20029003 1991.138746 31.7920 64.1600  125  124.0938 20.3810 5.0433 36.6910 223.7700 0.4300 -9.9900   -9.9900
20029003 1991.138746 31.7920 64.1600  127  126.0787 20.3820 5.0435 36.6910 224.2300 0.4290 -9.9900   -9.9900
20029003 1991.138746 31.7920 64.1600  129  128.0635 20.3820 5.0436 36.6910 224.3600 0.4300 -9.9900   -9.9900
20029003 1991.138746 31.7920 64.1600  131  130.0484 20.3830 5.0438 36.6910 224.4500 0.4300 -9.9900   -9.9900
20029003 1991.138746 31.7920 64.1600  133  132.0332 20.3820 5.0438 36.6910 224.5500 0.4290 -9.9900   -9.9900
20029003 1991.138746 31.7920 64.1600  135  134.0180 20.3810 5.0438 36.6910 224.6400 0.4270 -9.9900   -9.9900
20029003 1991.138746 31.7920 64.1600  137  136.0028 20.3820 5.0440 36.6910 224.7400 0.4280 -9.9900   -9.9900
20029003 1991.138746 31.7920 64.1600  139  137.9876 20.3820 5.0441 36.6910 224.8300 0.4280 -9.9900   -9.9900
20029003 1991.138746 31.7920 64.1600  141  139.9723 20.3820 5.0442 36.6910 224.8500 0.4270 -9.9900   -9.9900
20029003 1991.138746 31.7920 64.1600  143  141.9571 20.3830 5.0443 36.6910 224.6600 0.4280 -9.9900   -9.9900
20029003 1991.138746 31.7920 64.1600  145  143.9418 20.3830 5.0444 36.6910 224.3900 0.4280 -9.9900   -9.9900
20029003 1991.138746 31.7920 64.1600  147  145.9265 20.3830 5.0445 36.6910 224.1800 0.4280 -9.9900   -9.9900
20029003 1991.138746 31.7920 64.1600  149  147.9112 20.3830 5.0446 36.6910 223.8300 0.4280 -9.9900   -9.9900
20029003 1991.138746 31.7920 64.1600  151  149.8958 20.3830 5.0447 36.6910 223.4000 0.4280 -9.9900   -9.9900
20029003 1991.138746 31.7920 64.1600  153  151.8805 20.3840 5.0449 36.6910 223.4700 0.4280 -9.9900   -9.9900
20029003 1991.138746 31.7920 64.1600  155  153.8651 20.3840 5.0449 36.6900 223.5600 0.4280 -9.9900   -9.9900
20029003 1991.138746 31.7920 64.1600  157  155.8497 20.3840 5.0450 36.6900 223.6400 0.4290 -9.9900   -9.9900
20029003 1991.138746 31.7920 64.1600  159  157.8343 20.3840 5.0452 36.6910 223.9100 0.4300 -9.9900   -9.9900
20029003 1991.138746 31.7920 64.1600  161  159.8188 20.3840 5.0453 36.6910 224.3100 0.4290 -9.9900   -9.9900
20029003 1991.138746 31.7920 64.1600  163  161.8034 20.3850 5.0453 36.6900 224.4600 0.4300 -9.9900   -9.9900
20029003 1991.138746 31.7920 64.1600  165  163.7879 20.3850 5.0454 36.6900 224.5300 0.4300 -9.9900   -9.9900
20029003 1991.138746 31.7920 64.1600  167  165.7724 20.3850 5.0455 36.6900 224.6100 0.4280 -9.9900   -9.9900
20029003 1991.138746 31.7920 64.1600  169  167.7569 20.3850 5.0456 36.6900 224.6900 0.4270 -9.9900   -9.9900
20029003 1991.138746 31.7920 64.1600  171  169.7414 20.3850 5.0457 36.6900 224.5700 0.4280 -9.9900   -9.9900
20029003 1991.138746 31.7920 64.1600  173  171.7258 20.3850 5.0458 36.6900 224.3200 0.4270 -9.9900   -9.9900
20029003 1991.138746 31.7920 64.1600  175  173.7102 20.3830 5.0457 36.6900 223.9700 0.4260 -9.9900   -9.9900
20029003 1991.138746 31.7920 64.1600  177  175.6946 20.3820 5.0456 36.6900 223.6500 0.4240 -9.9900   -9.9900
20029003 1991.138746 31.7920 64.1600  179  177.6790 20.3820 5.0457 36.6900 223.6900 0.4240 -9.9900   -9.9900
20029003 1991.138746 31.7920 64.1600  181  179.6634 20.3790 5.0455 36.6900 223.7200 0.4260 -9.9900   -9.9900
20029003 1991.138746 31.7920 64.1600  183  181.6478 20.3790 5.0455 36.6890 223.4900 0.4240 -9.9900   -9.9900
20029003 1991.138746 31.7920 64.1600  185  183.6321 20.3780 5.0455 36.6890 223.3900 0.4240 -9.9900   -9.9900
20029003 1991.138746 31.7920 64.1600  187  185.6164 20.3780 5.0455 36.6890 223.1800 0.4240 -9.9900   -9.9900
20029003 1991.138746 31.7920 64.1600  189  187.6007 20.3770 5.0455 36.6890 223.0300 0.4240 -9.9900   -9.9900
20029003 1991.138746 31.7920 64.1600  191  189.5850 20.3760 5.0455 36.6890 222.5900 0.4240 -9.9900   -9.9900
20029003 1991.138746 31.7920 64.1600  193  191.5692 20.3650 5.0444 36.6890 222.3900 0.4230 -9.9900   -9.9900
20029003 1991.138746 31.7920 64.1600  195  193.5535 20.3290 5.0406 36.6880 222.1700 0.4140 -9.9900   -9.9900
20029003 1991.138746 31.7920 64.1600  197  195.5377 20.3030 5.0378 36.6870 222.0400 0.4150 -9.9900   -9.9900
20029003 1991.138746 31.7920 64.1600  199  197.5219 20.2910 5.0365 36.6860 221.7700 0.4110 -9.9900   -9.9900
20029003 1991.138746 31.7920 64.1600  201  199.5061 20.2620 5.0334 36.6850 221.5700 0.4090 -9.9900   -9.9900
20029003 1991.138746 31.7920 64.1600  203  201.4902 20.1850 5.0252 36.6840 221.2300 0.4040 -9.9900   -9.9900
20029003 1991.138746 31.7920 64.1600  205  203.4744 20.0600 5.0107 36.6730 220.3900 0.4030 -9.9900   -9.9900
20029003 1991.138746 31.7920 64.1600  207  205.4585 20.0050 5.0039 36.6640 218.7600 0.4040 -9.9900   -9.9900
20029003 1991.138746 31.7920 64.1600  209  207.4426 19.9690 4.9997 36.6600 217.3400 0.4010 -9.9900   -9.9900
20029003 1991.138746 31.7920 64.1600  211  209.4267 19.9590 4.9984 36.6570 214.5600 0.4010 -9.9900   -9.9900
20029003 1991.138746 31.7920 64.1600  213  211.4107 19.9310 4.9949 36.6520 211.3400 0.4010 -9.9900   -9.9900
20029003 1991.138746 31.7920 64.1600  215  213.3948 19.8220 4.9833 36.6510 210.5200 0.4000 -9.9900   -9.9900
20029003 1991.138746 31.7920 64.1600  217  215.3788 19.7580 4.9767 36.6510 208.3700 0.3990 -9.9900   -9.9900
20029003 1991.138746 31.7920 64.1600  219  217.3628 19.6990 4.9697 36.6440 206.2100 0.3990 -9.9900   -9.9900
20029003 1991.138746 31.7920 64.1600  221  219.3468 19.6190 4.9607 36.6390 205.0000 0.3990 -9.9900   -9.9900
20029003 1991.138746 31.7920 64.1600  223  221.3308 19.5840 4.9570 36.6380 204.5400 0.3990 -9.9900   -9.9900
20029003 1991.138746 31.7920 64.1600  225  223.3147 19.5610 4.9542 36.6340 203.7900 0.3990 -9.9900   -9.9900
20029003 1991.138746 31.7920 64.1600  227  225.2986 19.4940 4.9471 36.6330 203.1300 0.3980 -9.9900   -9.9900
20029003 1991.138746 31.7920 64.1600  229  227.2826 19.4160 4.9386 36.6300 202.6600 0.3980 -9.9900   -9.9900
20029003 1991.138746 31.7920 64.1600  231  229.2664 19.3770 4.9345 36.6290 202.5700 0.3980 -9.9900   -9.9900
20029003 1991.138746 31.7920 64.1600  233  231.2503 19.3580 4.9325 36.6280 202.4300 0.3970 -9.9900   -9.9900
20029003 1991.138746 31.7920 64.1600  235  233.2342 19.3360 4.9299 36.6250 202.2500 0.3970 -9.9900   -9.9900
20029003 1991.138746 31.7920 64.1600  237  235.2180 19.3060 4.9266 36.6230 202.1500 0.3980 -9.9900   -9.9900
20029003 1991.138746 31.7920 64.1600  239  237.2018 19.2840 4.9242 36.6220 202.1400 0.3980 -9.9900   -9.9900
20029003 1991.138746 31.7920 64.1600  241  239.1856 19.2290 4.9181 36.6180 202.1500 0.3970 -9.9900   -9.9900
20029003 1991.138746 31.7920 64.1600  243  241.1694 19.1830 4.9131 36.6160 202.1700 0.3970 -9.9900   -9.9900
20029003 1991.138746 31.7920 64.1600  245  243.1532 19.1180 4.9061 36.6140 202.1900 0.3960 -9.9900   -9.9900
20029003 1991.138746 31.7920 64.1600  247  245.1369 19.0820 4.9021 36.6110 202.2200 0.3960 -9.9900   -9.9900
20029003 1991.138746 31.7920 64.1600  249  247.1206 19.0460 4.8984 36.6110 202.2600 0.3960 -9.9900   -9.9900
20029003 1991.138746 31.7920 64.1600  251  249.1043 19.0520 4.8988 36.6090 202.3100 0.3960 -9.9900   -9.9900
20029003 1991.138746 31.7920 64.1600  253  251.0880 18.9850 4.8918 36.6080 202.4100 0.3950 -9.9900   -9.9900
20029003 1991.138746 31.7920 64.1600  255  253.0717 18.9520 4.8877 36.6020 202.7800 0.3950 -9.9900   -9.9900
