20040001 1992.074882 31.6680 64.2410    4    3.9722 -9.9900 -9.9900 -9.9900  -9.9900 0.3720 0.1440   -9.9900
20040001 1992.074882 31.6680 64.2410    6    5.9583 -9.9900 -9.9900 -9.9900  -9.9900 0.3730 0.1440   -9.9900
20040001 1992.074882 31.6680 64.2410    8    7.9443 -9.9900 -9.9900 -9.9900  -9.9900 0.3720 0.1420   -9.9900
20040001 1992.074882 31.6680 64.2410   10    9.9304 -9.9900 -9.9900 -9.9900  -9.9900 0.3730 0.1400   -9.9900
20040001 1992.074882 31.6680 64.2410   12   11.9164 -9.9900 -9.9900 -9.9900  -9.9900 0.3740 0.1380   -9.9900
20040001 1992.074882 31.6680 64.2410   14   13.9024 -9.9900 -9.9900 -9.9900  -9.9900 0.3740 0.1400   -9.9900
20040001 1992.074882 31.6680 64.2410   16   15.8884 -9.9900 -9.9900 -9.9900  -9.9900 0.3740 0.1410   -9.9900
20040001 1992.074882 31.6680 64.2410   18   17.8743 -9.9900 -9.9900 -9.9900  -9.9900 0.3740 0.1430   -9.9900
20040001 1992.074882 31.6680 64.2410   20   19.8603 -9.9900 -9.9900 -9.9900  -9.9900 0.3740 0.1420   -9.9900
20040001 1992.074882 31.6680 64.2410   22   21.8462 -9.9900 -9.9900 -9.9900  -9.9900 0.3740 0.1410   -9.9900
20040001 1992.074882 31.6680 64.2410   24   23.8321 -9.9900 -9.9900 -9.9900  -9.9900 0.3720 0.1420   -9.9900
20040001 1992.074882 31.6680 64.2410   26   25.8180 -9.9900 -9.9900 -9.9900  -9.9900 0.3740 0.1410   -9.9900
20040001 1992.074882 31.6680 64.2410   28   27.8038 -9.9900 -9.9900 -9.9900  -9.9900 0.3750 0.1420   -9.9900
20040001 1992.074882 31.6680 64.2410   30   29.7897 -9.9900 -9.9900 -9.9900  -9.9900 0.3740 0.1390   -9.9900
20040001 1992.074882 31.6680 64.2410   32   31.7755 -9.9900 -9.9900 -9.9900  -9.9900 0.3740 0.1380   -9.9900
20040001 1992.074882 31.6680 64.2410   34   33.7613 -9.9900 -9.9900 -9.9900  -9.9900 0.3740 0.1360   -9.9900
20040001 1992.074882 31.6680 64.2410   36   35.7471 -9.9900 -9.9900 -9.9900  -9.9900 0.3740 0.1360   -9.9900
20040001 1992.074882 31.6680 64.2410   38   37.7328 -9.9900 -9.9900 -9.9900  -9.9900 0.3740 0.1380   -9.9900
20040001 1992.074882 31.6680 64.2410   40   39.7186 -9.9900 -9.9900 -9.9900  -9.9900 0.3750 0.1380   -9.9900
20040001 1992.074882 31.6680 64.2410   42   41.7043 -9.9900 -9.9900 -9.9900  -9.9900 0.3750 0.1360   -9.9900
20040001 1992.074882 31.6680 64.2410   44   43.6900 -9.9900 -9.9900 -9.9900  -9.9900 0.3750 0.1340   -9.9900
20040001 1992.074882 31.6680 64.2410   46   45.6757 -9.9900 -9.9900 -9.9900  -9.9900 0.3760 0.1310   -9.9900
20040001 1992.074882 31.6680 64.2410   48   47.6614 -9.9900 -9.9900 -9.9900  -9.9900 0.3760 0.1370   -9.9900
20040001 1992.074882 31.6680 64.2410   50   49.6470 -9.9900 -9.9900 -9.9900  -9.9900 0.3760 0.1420   -9.9900
20040001 1992.074882 31.6680 64.2410   52   51.6327 -9.9900 -9.9900 -9.9900  -9.9900 0.3760 0.1410   -9.9900
20040001 1992.074882 31.6680 64.2410   54   53.6183 -9.9900 -9.9900 -9.9900  -9.9900 0.3760 0.1380   -9.9900
20040001 1992.074882 31.6680 64.2410   56   55.6039 -9.9900 -9.9900 -9.9900  -9.9900 0.3760 0.1370   -9.9900
20040001 1992.074882 31.6680 64.2410   58   57.5894 -9.9900 -9.9900 -9.9900  -9.9900 0.3760 0.1350   -9.9900
20040001 1992.074882 31.6680 64.2410   60   59.5750 -9.9900 -9.9900 -9.9900  -9.9900 0.3760 0.1360   -9.9900
20040001 1992.074882 31.6680 64.2410   62   61.5605 -9.9900 -9.9900 -9.9900  -9.9900 0.3760 0.1370   -9.9900
20040001 1992.074882 31.6680 64.2410   64   63.5461 -9.9900 -9.9900 -9.9900  -9.9900 0.3760 0.1360   -9.9900
20040001 1992.074882 31.6680 64.2410   66   65.5315 -9.9900 -9.9900 -9.9900  -9.9900 0.3760 0.1370   -9.9900
20040001 1992.074882 31.6680 64.2410   68   67.5170 -9.9900 -9.9900 -9.9900  -9.9900 0.3760 0.1370   -9.9900
20040001 1992.074882 31.6680 64.2410   70   69.5025 -9.9900 -9.9900 -9.9900  -9.9900 0.3770 0.1360   -9.9900
20040001 1992.074882 31.6680 64.2410   72   71.4879 -9.9900 -9.9900 -9.9900  -9.9900 0.3760 0.1360   -9.9900
20040001 1992.074882 31.6680 64.2410   74   73.4733 -9.9900 -9.9900 -9.9900  -9.9900 0.3770 0.1360   -9.9900
20040001 1992.074882 31.6680 64.2410   76   75.4587 -9.9900 -9.9900 -9.9900  -9.9900 0.3760 0.1340   -9.9900
20040001 1992.074882 31.6680 64.2410   78   77.4441 -9.9900 -9.9900 -9.9900  -9.9900 0.3760 0.1340   -9.9900
20040001 1992.074882 31.6680 64.2410   80   79.4295 -9.9900 -9.9900 -9.9900  -9.9900 0.3760 0.1310   -9.9900
20040001 1992.074882 31.6680 64.2410   82   81.4148 -9.9900 -9.9900 -9.9900  -9.9900 0.3790 0.1230   -9.9900
20040001 1992.074882 31.6680 64.2410   84   83.4001 -9.9900 -9.9900 -9.9900  -9.9900 0.3800 0.1240   -9.9900
20040001 1992.074882 31.6680 64.2410   86   85.3855 -9.9900 -9.9900 -9.9900  -9.9900 0.3800 0.1240   -9.9900
20040001 1992.074882 31.6680 64.2410   88   87.3707 -9.9900 -9.9900 -9.9900  -9.9900 0.3800 0.1250   -9.9900
20040001 1992.074882 31.6680 64.2410   90   89.3560 -9.9900 -9.9900 -9.9900  -9.9900 0.3800 0.1290   -9.9900
20040001 1992.074882 31.6680 64.2410   92   91.3412 -9.9900 -9.9900 -9.9900  -9.9900 0.3790 0.1310   -9.9900
20040001 1992.074882 31.6680 64.2410   94   93.3265 -9.9900 -9.9900 -9.9900  -9.9900 0.3800 0.1310   -9.9900
20040001 1992.074882 31.6680 64.2410   96   95.3117 -9.9900 -9.9900 -9.9900  -9.9900 0.3780 0.1310   -9.9900
20040001 1992.074882 31.6680 64.2410   98   97.2969 -9.9900 -9.9900 -9.9900  -9.9900 0.3800 0.1340   -9.9900
20040001 1992.074882 31.6680 64.2410  100   99.2820 -9.9900 -9.9900 -9.9900  -9.9900 0.3800 0.1300   -9.9900
20040001 1992.074882 31.6680 64.2410  102  101.2672 -9.9900 -9.9900 -9.9900  -9.9900 0.3800 0.1310   -9.9900
20040001 1992.074882 31.6680 64.2410  104  103.2523 -9.9900 -9.9900 -9.9900  -9.9900 0.3800 0.1280   -9.9900
20040001 1992.074882 31.6680 64.2410  106  105.2374 -9.9900 -9.9900 -9.9900  -9.9900 0.3800 0.1280   -9.9900
20040001 1992.074882 31.6680 64.2410  108  107.2225 -9.9900 -9.9900 -9.9900  -9.9900 0.3800 0.1270   -9.9900
20040001 1992.074882 31.6680 64.2410  110  109.2076 -9.9900 -9.9900 -9.9900  -9.9900 0.3790 0.1300   -9.9900
20040001 1992.074882 31.6680 64.2410  112  111.1927 -9.9900 -9.9900 -9.9900  -9.9900 0.3790 0.1310   -9.9900
20040001 1992.074882 31.6680 64.2410  114  113.1777 -9.9900 -9.9900 -9.9900  -9.9900 0.3790 0.1280   -9.9900
20040001 1992.074882 31.6680 64.2410  116  115.1627 -9.9900 -9.9900 -9.9900  -9.9900 0.3780 0.1260   -9.9900
20040001 1992.074882 31.6680 64.2410  118  117.1477 -9.9900 -9.9900 -9.9900  -9.9900 0.3790 0.1250   -9.9900
20040001 1992.074882 31.6680 64.2410  120  119.1327 -9.9900 -9.9900 -9.9900  -9.9900 0.3780 0.1250   -9.9900
20040001 1992.074882 31.6680 64.2410  122  121.1176 -9.9900 -9.9900 -9.9900  -9.9900 0.3780 0.1210   -9.9900
20040001 1992.074882 31.6680 64.2410  124  123.1026 -9.9900 -9.9900 -9.9900  -9.9900 0.3780 0.1190   -9.9900
20040001 1992.074882 31.6680 64.2410  126  125.0875 -9.9900 -9.9900 -9.9900  -9.9900 0.3750 0.1170   -9.9900
20040001 1992.074882 31.6680 64.2410  128  127.0724 -9.9900 -9.9900 -9.9900  -9.9900 0.3740 0.1130   -9.9900
20040001 1992.074882 31.6680 64.2410  130  129.0573 -9.9900 -9.9900 -9.9900  -9.9900 0.3740 0.1090   -9.9900
20040001 1992.074882 31.6680 64.2410  132  131.0421 -9.9900 -9.9900 -9.9900  -9.9900 0.3740 0.1090   -9.9900
20040001 1992.074882 31.6680 64.2410  134  133.0270 -9.9900 -9.9900 -9.9900  -9.9900 0.3740 0.1070   -9.9900
20040001 1992.074882 31.6680 64.2410  136  135.0118 -9.9900 -9.9900 -9.9900  -9.9900 0.3750 0.1080   -9.9900
20040001 1992.074882 31.6680 64.2410  138  136.9966 -9.9900 -9.9900 -9.9900  -9.9900 0.3740 0.1070   -9.9900
20040001 1992.074882 31.6680 64.2410  140  138.9814 -9.9900 -9.9900 -9.9900  -9.9900 0.3740 0.1080   -9.9900
20040001 1992.074882 31.6680 64.2410  142  140.9662 -9.9900 -9.9900 -9.9900  -9.9900 0.3740 0.1100   -9.9900
20040001 1992.074882 31.6680 64.2410  144  142.9509 -9.9900 -9.9900 -9.9900  -9.9900 0.3720 0.1080   -9.9900
20040001 1992.074882 31.6680 64.2410  146  144.9356 -9.9900 -9.9900 -9.9900  -9.9900 0.3720 0.1020   -9.9900
20040001 1992.074882 31.6680 64.2410  148  146.9203 -9.9900 -9.9900 -9.9900  -9.9900 0.3710 0.0990   -9.9900
20040001 1992.074882 31.6680 64.2410  150  148.9050 -9.9900 -9.9900 -9.9900  -9.9900 0.3710 0.0970   -9.9900
20040001 1992.074882 31.6680 64.2410  152  150.8897 -9.9900 -9.9900 -9.9900  -9.9900 0.3710 0.0940   -9.9900
20040001 1992.074882 31.6680 64.2410  154  152.8743 -9.9900 -9.9900 -9.9900  -9.9900 0.3720 0.0940   -9.9900
20040001 1992.074882 31.6680 64.2410  156  154.8590 -9.9900 -9.9900 -9.9900  -9.9900 0.3710 0.0910   -9.9900
20040001 1992.074882 31.6680 64.2410  158  156.8436 -9.9900 -9.9900 -9.9900  -9.9900 0.3710 0.0900   -9.9900
20040001 1992.074882 31.6680 64.2410  160  158.8282 -9.9900 -9.9900 -9.9900  -9.9900 0.3690 0.0880   -9.9900
20040001 1992.074882 31.6680 64.2410  162  160.8128 -9.9900 -9.9900 -9.9900  -9.9900 0.3690 0.0860   -9.9900
20040001 1992.074882 31.6680 64.2410  164  162.7973 -9.9900 -9.9900 -9.9900  -9.9900 0.3650 0.0790   -9.9900
20040001 1992.074882 31.6680 64.2410  166  164.7818 -9.9900 -9.9900 -9.9900  -9.9900 0.3630 0.0690   -9.9900
20040001 1992.074882 31.6680 64.2410  168  166.7664 -9.9900 -9.9900 -9.9900  -9.9900 0.3630 0.0680   -9.9900
20040001 1992.074882 31.6680 64.2410  170  168.7509 -9.9900 -9.9900 -9.9900  -9.9900 0.3630 0.0680   -9.9900
20040001 1992.074882 31.6680 64.2410  172  170.7353 -9.9900 -9.9900 -9.9900  -9.9900 0.3610 0.0670   -9.9900
20040001 1992.074882 31.6680 64.2410  174  172.7198 -9.9900 -9.9900 -9.9900  -9.9900 0.3620 0.0650   -9.9900
20040001 1992.074882 31.6680 64.2410  176  174.7042 -9.9900 -9.9900 -9.9900  -9.9900 0.3630 0.0620   -9.9900
20040001 1992.074882 31.6680 64.2410  178  176.6887 -9.9900 -9.9900 -9.9900  -9.9900 0.3610 0.0570   -9.9900
20040001 1992.074882 31.6680 64.2410  180  178.6731 -9.9900 -9.9900 -9.9900  -9.9900 0.3610 0.0550   -9.9900
20040001 1992.074882 31.6680 64.2410  182  180.6574 -9.9900 -9.9900 -9.9900  -9.9900 0.3610 0.0530   -9.9900
20040001 1992.074882 31.6680 64.2410  184  182.6418 -9.9900 -9.9900 -9.9900  -9.9900 0.3610 0.0520   -9.9900
20040001 1992.074882 31.6680 64.2410  186  184.6261 -9.9900 -9.9900 -9.9900  -9.9900 0.3610 0.0520   -9.9900
20040001 1992.074882 31.6680 64.2410  188  186.6105 -9.9900 -9.9900 -9.9900  -9.9900 0.3610 0.0510   -9.9900
20040001 1992.074882 31.6680 64.2410  190  188.5948 -9.9900 -9.9900 -9.9900  -9.9900 0.3600 0.0510   -9.9900
20040001 1992.074882 31.6680 64.2410  192  190.5791 -9.9900 -9.9900 -9.9900  -9.9900 0.3590 0.0510   -9.9900
20040001 1992.074882 31.6680 64.2410  194  192.5633 -9.9900 -9.9900 -9.9900  -9.9900 0.3590 0.0470   -9.9900
20040001 1992.074882 31.6680 64.2410  196  194.5476 -9.9900 -9.9900 -9.9900  -9.9900 0.3590 0.0460   -9.9900
20040001 1992.074882 31.6680 64.2410  198  196.5318 -9.9900 -9.9900 -9.9900  -9.9900 0.3590 0.0450   -9.9900
20040001 1992.074882 31.6680 64.2410  200  198.5160 -9.9900 -9.9900 -9.9900  -9.9900 0.3590 0.0420   -9.9900
20040001 1992.074882 31.6680 64.2410  202  200.5002 -9.9900 -9.9900 -9.9900  -9.9900 0.3570 0.0400   -9.9900
20040001 1992.074882 31.6680 64.2410  204  202.4844 -9.9900 -9.9900 -9.9900  -9.9900 0.3560 0.0410   -9.9900
20040001 1992.074882 31.6680 64.2410  206  204.4685 -9.9900 -9.9900 -9.9900  -9.9900 0.3560 0.0380   -9.9900
20040001 1992.074882 31.6680 64.2410  208  206.4526 -9.9900 -9.9900 -9.9900  -9.9900 0.3500 0.0350   -9.9900
20040001 1992.074882 31.6680 64.2410  210  208.4368 -9.9900 -9.9900 -9.9900  -9.9900 0.3480 0.0290   -9.9900
20040001 1992.074882 31.6680 64.2410  212  210.4209 -9.9900 -9.9900 -9.9900  -9.9900 0.3480 0.0240   -9.9900
20040001 1992.074882 31.6680 64.2410  214  212.4049 -9.9900 -9.9900 -9.9900  -9.9900 0.3470 0.0180   -9.9900
20040001 1992.074882 31.6680 64.2410  216  214.3890 -9.9900 -9.9900 -9.9900  -9.9900 0.3460 0.0150   -9.9900
20040001 1992.074882 31.6680 64.2410  218  216.3730 -9.9900 -9.9900 -9.9900  -9.9900 0.3440 0.0090   -9.9900
20040001 1992.074882 31.6680 64.2410  220  218.3570 -9.9900 -9.9900 -9.9900  -9.9900 0.3430 0.0080   -9.9900
20040001 1992.074882 31.6680 64.2410  222  220.3410 -9.9900 -9.9900 -9.9900  -9.9900 0.3420 0.0080   -9.9900
20040001 1992.074882 31.6680 64.2410  224  222.3250 -9.9900 -9.9900 -9.9900  -9.9900 0.3420 0.0070   -9.9900
20040001 1992.074882 31.6680 64.2410  226  224.3090 -9.9900 -9.9900 -9.9900  -9.9900 0.3420 0.0050   -9.9900
20040001 1992.074882 31.6680 64.2410  228  226.2929 -9.9900 -9.9900 -9.9900  -9.9900 0.3420 0.0020   -9.9900
20040001 1992.074882 31.6680 64.2410  230  228.2768 -9.9900 -9.9900 -9.9900  -9.9900 0.3420 0.0020   -9.9900
20040001 1992.074882 31.6680 64.2410  232  230.2607 -9.9900 -9.9900 -9.9900  -9.9900 0.3420 0.0020   -9.9900
20040001 1992.074882 31.6680 64.2410  234  232.2446 -9.9900 -9.9900 -9.9900  -9.9900 0.3420 0.0030   -9.9900
20040001 1992.074882 31.6680 64.2410  236  234.2285 -9.9900 -9.9900 -9.9900  -9.9900 0.3420 0.0030   -9.9900
20040001 1992.074882 31.6680 64.2410  238  236.2123 -9.9900 -9.9900 -9.9900  -9.9900 0.3420 0.0050   -9.9900
20040001 1992.074882 31.6680 64.2410  240  238.1962 -9.9900 -9.9900 -9.9900  -9.9900 0.3400 0.0070   -9.9900
20040001 1992.074882 31.6680 64.2410  242  240.1800 -9.9900 -9.9900 -9.9900  -9.9900 0.3390 0.0060   -9.9900
20040001 1992.074882 31.6680 64.2410  244  242.1638 -9.9900 -9.9900 -9.9900  -9.9900 0.3390 0.0060   -9.9900
20040001 1992.074882 31.6680 64.2410  246  244.1475 -9.9900 -9.9900 -9.9900  -9.9900 0.3390 0.0090   -9.9900
20040001 1992.074882 31.6680 64.2410  248  246.1313 -9.9900 -9.9900 -9.9900  -9.9900 0.3390 0.0080   -9.9900
20040001 1992.074882 31.6680 64.2410  250  248.1150 -9.9900 -9.9900 -9.9900  -9.9900 0.3390 0.0040   -9.9900
20040001 1992.074882 31.6680 64.2410  252  250.0987 -9.9900 -9.9900 -9.9900  -9.9900 0.3390 0.0050   -9.9900
20040001 1992.074882 31.6680 64.2410  254  252.0824 -9.9900 -9.9900 -9.9900  -9.9900 0.3390 0.0110   -9.9900
20040002 1992.074985 31.6560 64.2640    5    4.9653 -9.9900 -9.9900 -9.9900  -9.9900 0.3800 0.1190   -9.9900
20040002 1992.074985 31.6560 64.2640    7    6.9513 -9.9900 -9.9900 -9.9900  -9.9900 0.3810 0.1160   -9.9900
20040002 1992.074985 31.6560 64.2640    9    8.9374 -9.9900 -9.9900 -9.9900  -9.9900 0.3820 0.1170   -9.9900
20040002 1992.074985 31.6560 64.2640   11   10.9234 -9.9900 -9.9900 -9.9900  -9.9900 0.3820 0.1180   -9.9900
20040002 1992.074985 31.6560 64.2640   13   12.9094 -9.9900 -9.9900 -9.9900  -9.9900 0.3830 0.1180   -9.9900
20040002 1992.074985 31.6560 64.2640   15   14.8954 -9.9900 -9.9900 -9.9900  -9.9900 0.3820 0.1200   -9.9900
20040002 1992.074985 31.6560 64.2640   17   16.8814 -9.9900 -9.9900 -9.9900  -9.9900 0.3820 0.1210   -9.9900
20040002 1992.074985 31.6560 64.2640   19   18.8673 -9.9900 -9.9900 -9.9900  -9.9900 0.3810 0.1180   -9.9900
20040002 1992.074985 31.6560 64.2640   21   20.8532 -9.9900 -9.9900 -9.9900  -9.9900 0.3810 0.1180   -9.9900
20040002 1992.074985 31.6560 64.2640   23   22.8392 -9.9900 -9.9900 -9.9900  -9.9900 0.3820 0.1240   -9.9900
20040002 1992.074985 31.6560 64.2640   25   24.8251 -9.9900 -9.9900 -9.9900  -9.9900 0.3820 0.1280   -9.9900
20040002 1992.074985 31.6560 64.2640   27   26.8109 -9.9900 -9.9900 -9.9900  -9.9900 0.3820 0.1320   -9.9900
20040002 1992.074985 31.6560 64.2640   29   28.7968 -9.9900 -9.9900 -9.9900  -9.9900 0.3820 0.1350   -9.9900
20040002 1992.074985 31.6560 64.2640   31   30.7826 -9.9900 -9.9900 -9.9900  -9.9900 0.3820 0.1360   -9.9900
20040002 1992.074985 31.6560 64.2640   33   32.7684 -9.9900 -9.9900 -9.9900  -9.9900 0.3820 0.1340   -9.9900
20040002 1992.074985 31.6560 64.2640   35   34.7542 -9.9900 -9.9900 -9.9900  -9.9900 0.3820 0.1330   -9.9900
20040002 1992.074985 31.6560 64.2640   37   36.7400 -9.9900 -9.9900 -9.9900  -9.9900 0.3820 0.1410   -9.9900
20040002 1992.074985 31.6560 64.2640   39   38.7258 -9.9900 -9.9900 -9.9900  -9.9900 0.3820 0.1410   -9.9900
20040002 1992.074985 31.6560 64.2640   41   40.7115 -9.9900 -9.9900 -9.9900  -9.9900 0.3830 0.1380   -9.9900
20040002 1992.074985 31.6560 64.2640   43   42.6972 -9.9900 -9.9900 -9.9900  -9.9900 0.3820 0.1380   -9.9900
20040002 1992.074985 31.6560 64.2640   45   44.6829 -9.9900 -9.9900 -9.9900  -9.9900 0.3850 0.1350   -9.9900
20040002 1992.074985 31.6560 64.2640   47   46.6686 -9.9900 -9.9900 -9.9900  -9.9900 0.3830 0.1340   -9.9900
20040002 1992.074985 31.6560 64.2640   49   48.6543 -9.9900 -9.9900 -9.9900  -9.9900 0.3820 0.1330   -9.9900
20040002 1992.074985 31.6560 64.2640   51   50.6399 -9.9900 -9.9900 -9.9900  -9.9900 0.3830 0.1350   -9.9900
20040002 1992.074985 31.6560 64.2640   53   52.6255 -9.9900 -9.9900 -9.9900  -9.9900 0.3850 0.1360   -9.9900
20040002 1992.074985 31.6560 64.2640   55   54.6111 -9.9900 -9.9900 -9.9900  -9.9900 0.3850 0.1350   -9.9900
20040002 1992.074985 31.6560 64.2640   57   56.5967 -9.9900 -9.9900 -9.9900  -9.9900 0.3850 0.1390   -9.9900
20040002 1992.074985 31.6560 64.2640   59   58.5823 -9.9900 -9.9900 -9.9900  -9.9900 0.3840 0.1360   -9.9900
20040002 1992.074985 31.6560 64.2640   61   60.5678 -9.9900 -9.9900 -9.9900  -9.9900 0.3820 0.1330   -9.9900
20040002 1992.074985 31.6560 64.2640   63   62.5534 -9.9900 -9.9900 -9.9900  -9.9900 0.3830 0.1320   -9.9900
20040002 1992.074985 31.6560 64.2640   65   64.5389 -9.9900 -9.9900 -9.9900  -9.9900 0.3820 0.1320   -9.9900
20040002 1992.074985 31.6560 64.2640   67   66.5244 -9.9900 -9.9900 -9.9900  -9.9900 0.3820 0.1330   -9.9900
20040002 1992.074985 31.6560 64.2640   69   68.5098 -9.9900 -9.9900 -9.9900  -9.9900 0.3840 0.1330   -9.9900
20040002 1992.074985 31.6560 64.2640   71   70.4953 -9.9900 -9.9900 -9.9900  -9.9900 0.3840 0.1310   -9.9900
20040002 1992.074985 31.6560 64.2640   73   72.4807 -9.9900 -9.9900 -9.9900  -9.9900 0.3850 0.1320   -9.9900
20040002 1992.074985 31.6560 64.2640   75   74.4661 -9.9900 -9.9900 -9.9900  -9.9900 0.3850 0.1330   -9.9900
20040002 1992.074985 31.6560 64.2640   77   76.4515 -9.9900 -9.9900 -9.9900  -9.9900 0.3850 0.1330   -9.9900
20040002 1992.074985 31.6560 64.2640   79   78.4369 -9.9900 -9.9900 -9.9900  -9.9900 0.3850 0.1290   -9.9900
20040002 1992.074985 31.6560 64.2640   81   80.4222 -9.9900 -9.9900 -9.9900  -9.9900 0.3850 0.1280   -9.9900
20040002 1992.074985 31.6560 64.2640   83   82.4076 -9.9900 -9.9900 -9.9900  -9.9900 0.3850 0.1290   -9.9900
20040002 1992.074985 31.6560 64.2640   85   84.3929 -9.9900 -9.9900 -9.9900  -9.9900 0.3850 0.1300   -9.9900
20040002 1992.074985 31.6560 64.2640   87   86.3782 -9.9900 -9.9900 -9.9900  -9.9900 0.3850 0.1310   -9.9900
20040002 1992.074985 31.6560 64.2640   89   88.3635 -9.9900 -9.9900 -9.9900  -9.9900 0.3820 0.1300   -9.9900
20040002 1992.074985 31.6560 64.2640   91   90.3487 -9.9900 -9.9900 -9.9900  -9.9900 0.3840 0.1290   -9.9900
20040002 1992.074985 31.6560 64.2640   93   92.3340 -9.9900 -9.9900 -9.9900  -9.9900 0.3840 0.1290   -9.9900
20040002 1992.074985 31.6560 64.2640   95   94.3192 -9.9900 -9.9900 -9.9900  -9.9900 0.3850 0.1310   -9.9900
20040002 1992.074985 31.6560 64.2640   97   96.3044 -9.9900 -9.9900 -9.9900  -9.9900 0.3830 0.1270   -9.9900
20040002 1992.074985 31.6560 64.2640   99   98.2896 -9.9900 -9.9900 -9.9900  -9.9900 0.3840 0.1280   -9.9900
20040002 1992.074985 31.6560 64.2640  101  100.2747 -9.9900 -9.9900 -9.9900  -9.9900 0.3840 0.1310   -9.9900
20040002 1992.074985 31.6560 64.2640  103  102.2599 -9.9900 -9.9900 -9.9900  -9.9900 0.3820 0.1280   -9.9900
20040002 1992.074985 31.6560 64.2640  105  104.2450 -9.9900 -9.9900 -9.9900  -9.9900 0.3780 0.1150   -9.9900
20040002 1992.074985 31.6560 64.2640  107  106.2301 -9.9900 -9.9900 -9.9900  -9.9900 0.3780 0.1140   -9.9900
20040002 1992.074985 31.6560 64.2640  109  108.2152 -9.9900 -9.9900 -9.9900  -9.9900 0.3780 0.1130   -9.9900
20040002 1992.074985 31.6560 64.2640  111  110.2002 -9.9900 -9.9900 -9.9900  -9.9900 0.3780 0.1090   -9.9900
20040002 1992.074985 31.6560 64.2640  113  112.1853 -9.9900 -9.9900 -9.9900  -9.9900 0.3780 0.1080   -9.9900
20040002 1992.074985 31.6560 64.2640  115  114.1703 -9.9900 -9.9900 -9.9900  -9.9900 0.3780 0.1100   -9.9900
20040002 1992.074985 31.6560 64.2640  117  116.1553 -9.9900 -9.9900 -9.9900  -9.9900 0.3780 0.1120   -9.9900
20040002 1992.074985 31.6560 64.2640  119  118.1403 -9.9900 -9.9900 -9.9900  -9.9900 0.3790 0.1120   -9.9900
20040002 1992.074985 31.6560 64.2640  121  120.1253 -9.9900 -9.9900 -9.9900  -9.9900 0.3790 0.1110   -9.9900
20040002 1992.074985 31.6560 64.2640  123  122.1102 -9.9900 -9.9900 -9.9900  -9.9900 0.3800 0.1140   -9.9900
20040002 1992.074985 31.6560 64.2640  125  124.0952 -9.9900 -9.9900 -9.9900  -9.9900 0.3790 0.1140   -9.9900
20040002 1992.074985 31.6560 64.2640  127  126.0801 -9.9900 -9.9900 -9.9900  -9.9900 0.3810 0.1170   -9.9900
20040002 1992.074985 31.6560 64.2640  129  128.0650 -9.9900 -9.9900 -9.9900  -9.9900 0.3800 0.1410   -9.9900
20040002 1992.074985 31.6560 64.2640  131  130.0498 -9.9900 -9.9900 -9.9900  -9.9900 0.3800 0.1290   -9.9900
20040002 1992.074985 31.6560 64.2640  133  132.0347 -9.9900 -9.9900 -9.9900  -9.9900 0.3800 0.1180   -9.9900
20040002 1992.074985 31.6560 64.2640  135  134.0195 -9.9900 -9.9900 -9.9900  -9.9900 0.3800 0.1150   -9.9900
20040002 1992.074985 31.6560 64.2640  137  136.0043 -9.9900 -9.9900 -9.9900  -9.9900 0.3790 0.1110   -9.9900
20040002 1992.074985 31.6560 64.2640  139  137.9891 -9.9900 -9.9900 -9.9900  -9.9900 0.3780 0.1050   -9.9900
20040002 1992.074985 31.6560 64.2640  141  139.9739 -9.9900 -9.9900 -9.9900  -9.9900 0.3770 0.1030   -9.9900
20040002 1992.074985 31.6560 64.2640  143  141.9587 -9.9900 -9.9900 -9.9900  -9.9900 0.3750 0.1000   -9.9900
20040002 1992.074985 31.6560 64.2640  145  143.9434 -9.9900 -9.9900 -9.9900  -9.9900 0.3760 0.0970   -9.9900
20040002 1992.074985 31.6560 64.2640  147  145.9281 -9.9900 -9.9900 -9.9900  -9.9900 0.3750 0.0940   -9.9900
20040002 1992.074985 31.6560 64.2640  149  147.9128 -9.9900 -9.9900 -9.9900  -9.9900 0.3770 0.0870   -9.9900
20040002 1992.074985 31.6560 64.2640  151  149.8975 -9.9900 -9.9900 -9.9900  -9.9900 0.3720 0.0790   -9.9900
20040002 1992.074985 31.6560 64.2640  153  151.8822 -9.9900 -9.9900 -9.9900  -9.9900 0.3720 0.0790   -9.9900
20040002 1992.074985 31.6560 64.2640  155  153.8668 -9.9900 -9.9900 -9.9900  -9.9900 0.3720 0.0760   -9.9900
20040002 1992.074985 31.6560 64.2640  157  155.8514 -9.9900 -9.9900 -9.9900  -9.9900 0.3720 0.0760   -9.9900
20040002 1992.074985 31.6560 64.2640  159  157.8360 -9.9900 -9.9900 -9.9900  -9.9900 0.3720 0.0750   -9.9900
20040002 1992.074985 31.6560 64.2640  161  159.8206 -9.9900 -9.9900 -9.9900  -9.9900 0.3720 0.0740   -9.9900
20040002 1992.074985 31.6560 64.2640  163  161.8052 -9.9900 -9.9900 -9.9900  -9.9900 0.3720 0.0730   -9.9900
20040002 1992.074985 31.6560 64.2640  165  163.7897 -9.9900 -9.9900 -9.9900  -9.9900 0.3720 0.0760   -9.9900
20040002 1992.074985 31.6560 64.2640  167  165.7743 -9.9900 -9.9900 -9.9900  -9.9900 0.3710 0.0710   -9.9900
20040002 1992.074985 31.6560 64.2640  169  167.7588 -9.9900 -9.9900 -9.9900  -9.9900 0.3690 0.0670   -9.9900
20040002 1992.074985 31.6560 64.2640  171  169.7433 -9.9900 -9.9900 -9.9900  -9.9900 0.3690 0.0700   -9.9900
20040002 1992.074985 31.6560 64.2640  173  171.7277 -9.9900 -9.9900 -9.9900  -9.9900 0.3690 0.0670   -9.9900
20040002 1992.074985 31.6560 64.2640  175  173.7122 -9.9900 -9.9900 -9.9900  -9.9900 0.3680 0.0640   -9.9900
20040002 1992.074985 31.6560 64.2640  177  175.6966 -9.9900 -9.9900 -9.9900  -9.9900 0.3670 0.0630   -9.9900
20040002 1992.074985 31.6560 64.2640  179  177.6810 -9.9900 -9.9900 -9.9900  -9.9900 0.3640 0.0600   -9.9900
20040002 1992.074985 31.6560 64.2640  181  179.6654 -9.9900 -9.9900 -9.9900  -9.9900 0.3650 0.0540   -9.9900
20040002 1992.074985 31.6560 64.2640  183  181.6498 -9.9900 -9.9900 -9.9900  -9.9900 0.3640 0.0490   -9.9900
20040002 1992.074985 31.6560 64.2640  185  183.6342 -9.9900 -9.9900 -9.9900  -9.9900 0.3630 0.0450   -9.9900
20040002 1992.074985 31.6560 64.2640  187  185.6185 -9.9900 -9.9900 -9.9900  -9.9900 0.3640 0.0460   -9.9900
20040002 1992.074985 31.6560 64.2640  189  187.6028 -9.9900 -9.9900 -9.9900  -9.9900 0.3630 0.0460   -9.9900
20040002 1992.074985 31.6560 64.2640  191  189.5871 -9.9900 -9.9900 -9.9900  -9.9900 0.3620 0.0430   -9.9900
20040002 1992.074985 31.6560 64.2640  193  191.5714 -9.9900 -9.9900 -9.9900  -9.9900 0.3620 0.0400   -9.9900
20040002 1992.074985 31.6560 64.2640  195  193.5556 -9.9900 -9.9900 -9.9900  -9.9900 0.3620 0.0400   -9.9900
20040002 1992.074985 31.6560 64.2640  197  195.5399 -9.9900 -9.9900 -9.9900  -9.9900 0.3610 0.0390   -9.9900
20040002 1992.074985 31.6560 64.2640  199  197.5241 -9.9900 -9.9900 -9.9900  -9.9900 0.3610 0.0370   -9.9900
20040002 1992.074985 31.6560 64.2640  201  199.5083 -9.9900 -9.9900 -9.9900  -9.9900 0.3610 0.0400   -9.9900
20040002 1992.074985 31.6560 64.2640  203  201.4925 -9.9900 -9.9900 -9.9900  -9.9900 0.3610 0.0390   -9.9900
20040002 1992.074985 31.6560 64.2640  205  203.4766 -9.9900 -9.9900 -9.9900  -9.9900 0.3610 0.0300   -9.9900
20040002 1992.074985 31.6560 64.2640  207  205.4608 -9.9900 -9.9900 -9.9900  -9.9900 0.3600 0.0300   -9.9900
20040002 1992.074985 31.6560 64.2640  209  207.4449 -9.9900 -9.9900 -9.9900  -9.9900 0.3600 0.0300   -9.9900
20040002 1992.074985 31.6560 64.2640  211  209.4290 -9.9900 -9.9900 -9.9900  -9.9900 0.3570 0.0310   -9.9900
20040002 1992.074985 31.6560 64.2640  213  211.4131 -9.9900 -9.9900 -9.9900  -9.9900 0.3530 0.0200   -9.9900
20040002 1992.074985 31.6560 64.2640  215  213.3972 -9.9900 -9.9900 -9.9900  -9.9900 0.3510 0.0120   -9.9900
20040002 1992.074985 31.6560 64.2640  217  215.3812 -9.9900 -9.9900 -9.9900  -9.9900 0.3500 0.0100   -9.9900
20040002 1992.074985 31.6560 64.2640  219  217.3652 -9.9900 -9.9900 -9.9900  -9.9900 0.3490 0.0100   -9.9900
20040002 1992.074985 31.6560 64.2640  221  219.3493 -9.9900 -9.9900 -9.9900  -9.9900 0.3470 0.0080   -9.9900
20040002 1992.074985 31.6560 64.2640  223  221.3333 -9.9900 -9.9900 -9.9900  -9.9900 0.3460 0.0070   -9.9900
20040002 1992.074985 31.6560 64.2640  225  223.3172 -9.9900 -9.9900 -9.9900  -9.9900 0.3450 0.0020   -9.9900
20040003 1992.075411 31.6310 64.3050    3    2.9792 19.6695 4.9551 36.6292 230.4500 0.3940 0.0930   -9.9900
20040003 1992.075411 31.6310 64.3050    5    4.9653 19.6688 4.9551 36.6295 229.5900 0.3950 0.0930   -9.9900
20040003 1992.075411 31.6310 64.3050    7    6.9513 19.6677 4.9551 36.6294 229.5000 0.3940 0.0960   -9.9900
20040003 1992.075411 31.6310 64.3050    9    8.9374 19.6687 4.9553 36.6293 229.3300 0.3950 0.1090   -9.9900
20040003 1992.075411 31.6310 64.3050   11   10.9234 19.6669 4.9552 36.6292 229.0200 0.3950 0.1200   -9.9900
20040003 1992.075411 31.6310 64.3050   13   12.9094 19.6591 4.9545 36.6296 227.8200 0.3980 0.1290   -9.9900
20040003 1992.075411 31.6310 64.3050   15   14.8954 19.6621 4.9550 36.6301 227.5100 0.3980 0.1250   -9.9900
20040003 1992.075411 31.6310 64.3050   17   16.8814 19.6611 4.9549 36.6298 227.0100 0.3990 0.1210   -9.9900
20040003 1992.075411 31.6310 64.3050   19   18.8674 19.6504 4.9538 36.6295 226.7400 0.3980 0.1330   -9.9900
20040003 1992.075411 31.6310 64.3050   21   20.8533 19.6504 4.9539 36.6296 226.7100 0.3990 0.1380   -9.9900
20040003 1992.075411 31.6310 64.3050   23   22.8392 19.6497 4.9539 36.6296 226.5800 0.3990 0.1430   -9.9900
20040003 1992.075411 31.6310 64.3050   25   24.8251 19.6497 4.9540 36.6297 226.4000 0.4000 0.1460   -9.9900
20040003 1992.075411 31.6310 64.3050   27   26.8110 19.6495 4.9541 36.6297 226.3000 0.4000 0.1460   -9.9900
20040003 1992.075411 31.6310 64.3050   29   28.7968 19.6498 4.9543 36.6298 226.1300 0.4000 0.1540   -9.9900
20040003 1992.075411 31.6310 64.3050   31   30.7827 19.6485 4.9542 36.6298 226.0300 0.3990 0.1570   -9.9900
20040003 1992.075411 31.6310 64.3050   33   32.7685 19.6483 4.9543 36.6298 225.8900 0.3980 0.1690   -9.9900
20040003 1992.075411 31.6310 64.3050   35   34.7543 19.6483 4.9544 36.6299 225.7100 0.3980 0.1720   -9.9900
20040003 1992.075411 31.6310 64.3050   37   36.7401 19.6495 4.9546 36.6300 225.7100 0.3980 0.1780   -9.9900
20040003 1992.075411 31.6310 64.3050   39   38.7258 19.6495 4.9547 36.6300 225.6500 0.3970 0.1850   -9.9900
20040003 1992.075411 31.6310 64.3050   41   40.7116 19.6500 4.9548 36.6300 225.5700 0.3970 0.1870   -9.9900
20040003 1992.075411 31.6310 64.3050   43   42.6973 19.6487 4.9548 36.6302 225.5500 0.3960 0.1850   -9.9900
20040003 1992.075411 31.6310 64.3050   45   44.6830 19.6489 4.9549 36.6303 225.6100 0.3950 0.1830   -9.9900
20040003 1992.075411 31.6310 64.3050   47   46.6687 19.6494 4.9551 36.6301 225.6600 0.3950 0.1810   -9.9900
20040003 1992.075411 31.6310 64.3050   49   48.6544 19.6499 4.9552 36.6301 225.5800 0.3950 0.1840   -9.9900
20040003 1992.075411 31.6310 64.3050   51   50.6400 19.6503 4.9554 36.6304 225.5100 0.3950 0.1880   -9.9900
20040003 1992.075411 31.6310 64.3050   53   52.6256 19.6500 4.9554 36.6305 225.4200 0.3940 0.1880   -9.9900
20040003 1992.075411 31.6310 64.3050   55   54.6112 19.6501 4.9555 36.6305 225.3000 0.3940 0.1890   -9.9900
20040003 1992.075411 31.6310 64.3050   57   56.5968 19.6508 4.9557 36.6302 225.0700 0.3930 0.1880   -9.9900
20040003 1992.075411 31.6310 64.3050   59   58.5824 19.6509 4.9558 36.6305 224.9600 0.3930 0.1860   -9.9900
20040003 1992.075411 31.6310 64.3050   61   60.5680 19.6511 4.9559 36.6306 224.9900 0.3930 0.1870   -9.9900
20040003 1992.075411 31.6310 64.3050   63   62.5535 19.6515 4.9561 36.6306 225.0400 0.3930 0.1850   -9.9900
20040003 1992.075411 31.6310 64.3050   65   64.5390 19.6520 4.9562 36.6304 225.1000 0.3930 0.1800   -9.9900
20040003 1992.075411 31.6310 64.3050   67   66.5245 19.6525 4.9563 36.6303 225.1500 0.3940 0.1800   -9.9900
20040003 1992.075411 31.6310 64.3050   69   68.5100 19.6526 4.9564 36.6305 225.1400 0.3930 0.1800   -9.9900
20040003 1992.075411 31.6310 64.3050   71   70.4954 19.6521 4.9565 36.6307 225.0700 0.3930 0.1760   -9.9900
20040003 1992.075411 31.6310 64.3050   73   72.4809 19.6520 4.9566 36.6310 225.0000 0.3930 0.1740   -9.9900
20040003 1992.075411 31.6310 64.3050   75   74.4663 19.6523 4.9567 36.6309 224.9900 0.3930 0.1740   -9.9900
20040003 1992.075411 31.6310 64.3050   77   76.4517 19.6523 4.9568 36.6310 224.9400 0.3920 0.1690   -9.9900
20040003 1992.075411 31.6310 64.3050   79   78.4370 19.6523 4.9569 36.6311 224.9700 0.3910 0.1700   -9.9900
20040003 1992.075411 31.6310 64.3050   81   80.4224 19.6524 4.9570 36.6312 224.9500 0.3910 0.1710   -9.9900
20040003 1992.075411 31.6310 64.3050   83   82.4077 19.6533 4.9572 36.6311 224.8900 0.3910 0.1640   -9.9900
20040003 1992.075411 31.6310 64.3050   85   84.3931 19.6535 4.9573 36.6311 224.8500 0.3910 0.1580   -9.9900
20040003 1992.075411 31.6310 64.3050   87   86.3784 19.6539 4.9575 36.6311 224.8200 0.3910 0.1570   -9.9900
20040003 1992.075411 31.6310 64.3050   89   88.3636 19.6540 4.9576 36.6314 224.7700 0.3900 0.1610   -9.9900
20040003 1992.075411 31.6310 64.3050   91   90.3489 19.6538 4.9577 36.6316 224.7600 0.3890 0.1590   -9.9900
20040003 1992.075411 31.6310 64.3050   93   92.3341 19.6539 4.9578 36.6317 224.7300 0.3890 0.1550   -9.9900
20040003 1992.075411 31.6310 64.3050   95   94.3194 19.6540 4.9579 36.6318 224.6900 0.3880 0.1490   -9.9900
20040003 1992.075411 31.6310 64.3050   97   96.3046 19.6543 4.9580 36.6318 224.6400 0.3870 0.1460   -9.9900
20040003 1992.075411 31.6310 64.3050   99   98.2898 19.6548 4.9582 36.6318 224.5700 0.3880 0.1460   -9.9900
20040003 1992.075411 31.6310 64.3050  101  100.2749 19.6555 4.9583 36.6316 224.5600 0.3880 0.1440   -9.9900
20040003 1992.075411 31.6310 64.3050  103  102.2601 19.6559 4.9585 36.6317 224.6100 0.3890 0.1460   -9.9900
20040003 1992.075411 31.6310 64.3050  105  104.2452 19.6558 4.9586 36.6320 224.6700 0.3870 0.1490   -9.9900
20040003 1992.075411 31.6310 64.3050  107  106.2303 19.6559 4.9587 36.6320 224.7200 0.3880 0.1490   -9.9900
20040003 1992.075411 31.6310 64.3050  109  108.2154 19.6563 4.9588 36.6319 224.7700 0.3880 0.1470   -9.9900
20040003 1992.075411 31.6310 64.3050  111  110.2005 19.6568 4.9589 36.6318 224.8300 0.3870 0.1460   -9.9900
20040003 1992.075411 31.6310 64.3050  113  112.1855 19.6572 4.9591 36.6319 224.8300 0.3880 0.1440   -9.9900
20040003 1992.075411 31.6310 64.3050  115  114.1705 19.6568 4.9592 36.6323 224.8000 0.3870 0.1430   -9.9900
20040003 1992.075411 31.6310 64.3050  117  116.1556 19.6573 4.9593 36.6324 224.7500 0.3860 0.1380   -9.9900
20040003 1992.075411 31.6310 64.3050  119  118.1405 19.6574 4.9595 36.6327 224.6500 0.3850 0.1340   -9.9900
20040003 1992.075411 31.6310 64.3050  121  120.1255 19.6575 4.9596 36.6331 224.5900 0.3850 0.1360   -9.9900
20040003 1992.075411 31.6310 64.3050  123  122.1105 19.6576 4.9598 36.6338 224.6000 0.3820 0.1300   -9.9900
20040003 1992.075411 31.6310 64.3050  125  124.0954 19.6584 4.9601 36.6345 224.5500 0.3800 0.1240   -9.9900
20040003 1992.075411 31.6310 64.3050  127  126.0803 19.6596 4.9604 36.6357 224.4400 0.3780 0.1160   -9.9900
20040003 1992.075411 31.6310 64.3050  129  128.0652 19.6596 4.9605 36.6358 224.3900 0.3760 0.1140   -9.9900
20040003 1992.075411 31.6310 64.3050  131  130.0501 19.6597 4.9606 36.6360 224.1700 0.3780 0.1100   -9.9900
20040003 1992.075411 31.6310 64.3050  133  132.0350 19.6469 4.9599 36.6399 224.1300 0.3760 0.1090   -9.9900
20040003 1992.075411 31.6310 64.3050  135  134.0198 19.6400 4.9593 36.6406 224.1300 0.3760 0.1080   -9.9900
20040003 1992.075411 31.6310 64.3050  137  136.0046 19.6305 4.9585 36.6417 224.1800 0.3760 0.1060   -9.9900
20040003 1992.075411 31.6310 64.3050  139  137.9894 19.6252 4.9581 36.6423 224.3000 0.3760 0.1020   -9.9900
20040003 1992.075411 31.6310 64.3050  141  139.9742 19.6197 4.9577 36.6428 224.4700 0.3760 0.1010   -9.9900
20040003 1992.075411 31.6310 64.3050  143  141.9590 19.6191 4.9578 36.6431 224.5300 0.3760 0.1020   -9.9900
20040003 1992.075411 31.6310 64.3050  145  143.9437 19.6190 4.9579 36.6439 224.5500 0.3750 0.0990   -9.9900
20040003 1992.075411 31.6310 64.3050  147  145.9284 19.6185 4.9580 36.6444 224.5100 0.3750 0.0940   -9.9900
20040003 1992.075411 31.6310 64.3050  149  147.9131 19.6169 4.9580 36.6445 224.4200 0.3750 0.0890   -9.9900
20040003 1992.075411 31.6310 64.3050  151  149.8978 19.6146 4.9578 36.6444 224.3700 0.3740 0.0860   -9.9900
20040003 1992.075411 31.6310 64.3050  153  151.8825 19.6135 4.9577 36.6439 224.2100 0.3740 0.0850   -9.9900
20040003 1992.075411 31.6310 64.3050  155  153.8671 19.6129 4.9577 36.6438 224.1100 0.3730 0.0850   -9.9900
20040003 1992.075411 31.6310 64.3050  157  155.8518 19.6128 4.9578 36.6438 224.0700 0.3730 0.0800   -9.9900
20040003 1992.075411 31.6310 64.3050  159  157.8364 19.6132 4.9579 36.6435 224.0600 0.3740 0.0790   -9.9900
20040003 1992.075411 31.6310 64.3050  161  159.8210 19.6132 4.9580 36.6435 224.0800 0.3740 0.0790   -9.9900
20040003 1992.075411 31.6310 64.3050  163  161.8055 19.6121 4.9580 36.6435 224.0400 0.3730 0.0780   -9.9900
20040003 1992.075411 31.6310 64.3050  165  163.7901 19.6115 4.9580 36.6433 224.0400 0.3730 0.0800   -9.9900
20040003 1992.075411 31.6310 64.3050  167  165.7746 19.6081 4.9576 36.6429 224.0100 0.3720 0.0770   -9.9900
20040003 1992.075411 31.6310 64.3050  169  167.7591 19.6056 4.9575 36.6427 223.9300 0.3720 0.0750   -9.9900
20040003 1992.075411 31.6310 64.3050  171  169.7436 19.6021 4.9571 36.6425 223.7800 0.3720 0.0710   -9.9900
20040003 1992.075411 31.6310 64.3050  173  171.7281 19.5999 4.9570 36.6425 223.5300 0.3710 0.0680   -9.9900
20040003 1992.075411 31.6310 64.3050  175  173.7125 19.5970 4.9568 36.6423 223.4200 0.3710 0.0710   -9.9900
20040003 1992.075411 31.6310 64.3050  177  175.6970 19.5883 4.9559 36.6421 223.1700 0.3680 0.0700   -9.9900
20040003 1992.075411 31.6310 64.3050  179  177.6814 19.5739 4.9546 36.6428 222.8500 0.3670 0.0670   -9.9900
20040003 1992.075411 31.6310 64.3050  181  179.6658 19.5739 4.9547 36.6428 222.6000 0.3670 0.0690   -9.9900
20040003 1992.075411 31.6310 64.3050  183  181.6502 19.5703 4.9544 36.6430 222.1100 0.3670 0.0710   -9.9900
20040003 1992.075411 31.6310 64.3050  185  183.6345 19.5651 4.9540 36.6437 221.6800 0.3690 0.0680   -9.9900
20040003 1992.075411 31.6310 64.3050  187  185.6189 19.5607 4.9539 36.6461 221.3900 0.3690 0.0690   -9.9900
20040003 1992.075411 31.6310 64.3050  189  187.6032 19.5574 4.9542 36.6503 220.8000 0.3670 0.0650   -9.9900
20040003 1992.075411 31.6310 64.3050  191  189.5875 19.5466 4.9533 36.6518 220.6700 0.3670 0.0640   -9.9900
20040003 1992.075411 31.6310 64.3050  193  191.5718 19.5420 4.9530 36.6522 220.4500 0.3660 0.0630   -9.9900
20040003 1992.075411 31.6310 64.3050  195  193.5560 19.5417 4.9532 36.6533 220.2600 0.3650 0.0580   -9.9900
20040003 1992.075411 31.6310 64.3050  197  195.5403 19.5394 4.9531 36.6543 220.0800 0.3640 0.0540   -9.9900
20040003 1992.075411 31.6310 64.3050  199  197.5245 19.5407 4.9542 36.6615 219.7100 0.3600 0.0480   -9.9900
20040003 1992.075411 31.6310 64.3050  201  199.5087 19.4983 4.9503 36.6653 219.5500 0.3590 0.0400   -9.9900
20040003 1992.075411 31.6310 64.3050  203  201.4929 19.4458 4.9444 36.6620 219.3100 0.3580 0.0330   -9.9900
20040003 1992.075411 31.6310 64.3050  205  203.4771 19.4064 4.9400 36.6585 218.4600 0.3570 0.0270   -9.9900
20040003 1992.075411 31.6310 64.3050  207  205.4612 19.4050 4.9398 36.6574 218.1400 0.3570 0.0300   -9.9900
20040003 1992.075411 31.6310 64.3050  209  207.4453 19.3679 4.9355 36.6533 217.7300 0.3560 0.0270   -9.9900
20040003 1992.075411 31.6310 64.3050  211  209.4295 19.3334 4.9314 36.6486 217.1300 0.3530 0.0230   -9.9900
20040003 1992.075411 31.6310 64.3050  213  211.4135 19.3200 4.9297 36.6458 216.7900 0.3520 0.0220   -9.9900
20040003 1992.075411 31.6310 64.3050  215  213.3976 19.2435 4.9206 36.6363 216.0300 0.3510 0.0180   -9.9900
20040003 1992.075411 31.6310 64.3050  217  215.3817 19.1438 4.9088 36.6241 214.6300 0.3480 0.0110   -9.9900
20040003 1992.075411 31.6310 64.3050  219  217.3657 19.0479 4.8983 36.6200 213.6100 0.3460 0.0130   -9.9900
20040003 1992.075411 31.6310 64.3050  221  219.3497 19.0058 4.8937 36.6175 211.5600 0.3460 0.0050   -9.9900
20040003 1992.075411 31.6310 64.3050  223  221.3337 19.0009 4.8932 36.6168 209.8100 0.3460 0.0030   -9.9900
20040003 1992.075411 31.6310 64.3050  225  223.3177 18.9991 4.8930 36.6165 208.7700 0.3460 0.0030   -9.9900
20040003 1992.075411 31.6310 64.3050  227  225.3016 18.9672 4.8893 36.6129 207.4200 0.3460 0.0010   -9.9900
20040003 1992.075411 31.6310 64.3050  229  227.2856 18.8692 4.8785 36.6075 206.8200 0.3460 0.0080   -9.9900
20040003 1992.075411 31.6310 64.3050  231  229.2695 18.8230 4.8734 36.6046 206.6700 0.3450 0.0060   -9.9900
20040003 1992.075411 31.6310 64.3050  233  231.2534 18.7868 4.8695 36.6031 206.4500 0.3440 0.0040   -9.9900
20040003 1992.075411 31.6310 64.3050  235  233.2373 18.7789 4.8686 36.6017 206.1900 0.3450 0.0040   -9.9900
20040003 1992.075411 31.6310 64.3050  237  235.2211 18.7672 4.8674 36.6006 206.0900 0.3440 0.0040   -9.9900
20040003 1992.075411 31.6310 64.3050  239  237.2050 18.7440 4.8648 36.5987 205.9200 0.3440 0.0010   -9.9900
20040003 1992.075411 31.6310 64.3050  241  239.1888 18.7305 4.8634 36.5980 205.9100 0.3440 0.0020   -9.9900
20040003 1992.075411 31.6310 64.3050  243  241.1726 18.7244 4.8627 36.5970 205.9700 0.3440 0.0050   -9.9900
20040003 1992.075411 31.6310 64.3050  245  243.1564 18.7067 4.8608 36.5954 206.0700 0.3440 0.0050   -9.9900
20040003 1992.075411 31.6310 64.3050  247  245.1401 18.6836 4.8583 36.5941 206.1800 0.3440 0.0060   -9.9900
20040003 1992.075411 31.6310 64.3050  249  247.1239 18.6713 4.8570 36.5931 206.2600 0.3430 0.0040   -9.9900
20040003 1992.075411 31.6310 64.3050  251  249.1076 18.6637 4.8561 36.5919 206.3500 0.3440 0.0040   -9.9900
20040003 1992.075411 31.6310 64.3050  253  251.0913 18.6560 4.8553 36.5911 206.4500 0.3420 0.0080   -9.9900
20040003 1992.075411 31.6310 64.3050  255  253.0750 18.6530 4.8551 36.5909 206.5000 0.3420 0.0090   -9.9900
20040003 1992.075411 31.6310 64.3050  257  255.0587 18.6503 4.8548 36.5901 206.4700 0.3430 0.0060   -9.9900
20040003 1992.075411 31.6310 64.3050  259  257.0423 18.6430 4.8540 36.5892 206.4800 0.3420 0.0030   -9.9900
20040003 1992.075411 31.6310 64.3050  261  259.0260 18.6300 4.8526 36.5879 206.4600 0.3420 0.0090   -9.9900
20040003 1992.075411 31.6310 64.3050  263  261.0096 18.6211 4.8515 36.5860 206.2100 0.3400 0.0050   -9.9900
20040003 1992.075411 31.6310 64.3050  265  262.9932 18.6185 4.8513 36.5857 206.2600 0.3390 0.0130   -9.9900
20040003 1992.075411 31.6310 64.3050  267  264.9767 18.6027 4.8496 36.5846 206.2500 0.3390 0.0150   -9.9900
20040003 1992.075411 31.6310 64.3050  269  266.9603 18.5867 4.8477 36.5824 206.2600 0.3390 0.0160   -9.9900
20040003 1992.075411 31.6310 64.3050  271  268.9438 18.5677 4.8457 36.5812 206.3100 0.3390 0.0130   -9.9900
20040003 1992.075411 31.6310 64.3050  273  270.9274 18.5633 4.8454 36.5815 206.3800 0.3390 0.0100   -9.9900
20040003 1992.075411 31.6310 64.3050  275  272.9108 18.5491 4.8439 36.5812 206.4900 0.3390 0.0110   -9.9900
20040003 1992.075411 31.6310 64.3050  277  274.8943 18.5342 4.8424 36.5809 206.7400 0.3390 0.0090   -9.9900
20040003 1992.075411 31.6310 64.3050  279  276.8778 18.5217 4.8412 36.5806 206.9200 0.3390 0.0110   -9.9900
20040003 1992.075411 31.6310 64.3050  281  278.8612 18.5206 4.8411 36.5802 207.1200 0.3390 0.0110   -9.9900
20040003 1992.075411 31.6310 64.3050  283  280.8446 18.5156 4.8406 36.5798 207.4400 0.3390 0.0140   -9.9900
20040003 1992.075411 31.6310 64.3050  285  282.8280 18.5121 4.8403 36.5796 207.7300 0.3390 0.0120   -9.9900
20040003 1992.075411 31.6310 64.3050  287  284.8114 18.5029 4.8394 36.5794 207.9900 0.3390 0.0140   -9.9900
20040003 1992.075411 31.6310 64.3050  289  286.7948 18.5007 4.8392 36.5791 208.1500 0.3390 0.0130   -9.9900
20040003 1992.075411 31.6310 64.3050  291  288.7781 18.4992 4.8392 36.5789 208.3500 0.3390 0.0120   -9.9900
20040003 1992.075411 31.6310 64.3050  293  290.7615 18.4957 4.8388 36.5786 208.4300 0.3380 0.0130   -9.9900
20040003 1992.075411 31.6310 64.3050  295  292.7448 18.4909 4.8384 36.5781 208.5000 0.3380 0.0120   -9.9900
20040003 1992.075411 31.6310 64.3050  297  294.7281 18.4882 4.8381 36.5778 208.5600 0.3370 0.0110   -9.9900
20040003 1992.075411 31.6310 64.3050  299  296.7113 18.4839 4.8378 36.5781 208.6400 0.3370 0.0110   -9.9900
20040003 1992.075411 31.6310 64.3050  301  298.6946 18.4830 4.8378 36.5780 208.7100 0.3390 0.0140   -9.9900
20040003 1992.075411 31.6310 64.3050  303  300.6778 18.4780 4.8373 36.5772 208.7800 0.3370 0.0170   -9.9900
20040003 1992.075411 31.6310 64.3050  305  302.6610 18.4658 4.8358 36.5748 208.7700 0.3370 0.0170   -9.9900
20040003 1992.075411 31.6310 64.3050  307  304.6442 18.4477 4.8339 36.5735 208.7500 0.3370 0.0180   -9.9900
20040003 1992.075411 31.6310 64.3050  309  306.6274 18.4384 4.8330 36.5736 208.7100 0.3370 0.0170   -9.9900
20040003 1992.075411 31.6310 64.3050  311  308.6105 18.4347 4.8327 36.5735 208.6800 0.3370 0.0170   -9.9900
20040003 1992.075411 31.6310 64.3050  313  310.5937 18.4334 4.8326 36.5735 208.5800 0.3370 0.0170   -9.9900
20040003 1992.075411 31.6310 64.3050  315  312.5768 18.4312 4.8325 36.5736 208.7400 0.3370 0.0160   -9.9900
20040003 1992.075411 31.6310 64.3050  317  314.5599 18.4279 4.8322 36.5735 208.8300 0.3370 0.0150   -9.9900
20040003 1992.075411 31.6310 64.3050  319  316.5429 18.4217 4.8317 36.5735 208.9700 0.3370 0.0160   -9.9900
20040003 1992.075411 31.6310 64.3050  321  318.5260 18.4138 4.8309 36.5732 209.1300 0.3370 0.0160   -9.9900
20040003 1992.075411 31.6310 64.3050  323  320.5090 18.4138 4.8309 36.5727 209.3300 0.3370 0.0140   -9.9900
20040003 1992.075411 31.6310 64.3050  325  322.4921 18.4087 4.8304 36.5722 209.5000 0.3370 0.0160   -9.9900
20040003 1992.075411 31.6310 64.3050  327  324.4751 18.4025 4.8298 36.5719 209.7000 0.3380 0.0160   -9.9900
20040003 1992.075411 31.6310 64.3050  329  326.4580 18.3994 4.8296 36.5716 209.8000 0.3350 0.0160   -9.9900
20040003 1992.075411 31.6310 64.3050  331  328.4410 18.3939 4.8290 36.5712 209.8700 0.3350 0.0170   -9.9900
20040003 1992.075411 31.6310 64.3050  333  330.4239 18.3904 4.8287 36.5705 209.9300 0.3350 0.0170   -9.9900
20040003 1992.075411 31.6310 64.3050  335  332.4069 18.3870 4.8284 36.5703 209.9900 0.3350 0.0170   -9.9900
20040003 1992.075411 31.6310 64.3050  337  334.3898 18.3860 4.8284 36.5710 210.0400 0.3360 0.0180   -9.9900
20040003 1992.075411 31.6310 64.3050  339  336.3727 18.3833 4.8282 36.5706 210.1000 0.3350 0.0180   -9.9900
20040003 1992.075411 31.6310 64.3050  341  338.3555 18.3786 4.8277 36.5701 210.1700 0.3350 0.0190   -9.9900
20040003 1992.075411 31.6310 64.3050  343  340.3384 18.3758 4.8275 36.5696 210.2500 0.3350 0.0200   -9.9900
20040003 1992.075411 31.6310 64.3050  345  342.3212 18.3657 4.8263 36.5675 210.3200 0.3350 0.0210   -9.9900
20040003 1992.075411 31.6310 64.3050  347  344.3040 18.3568 4.8253 36.5666 210.3200 0.3350 0.0230   -9.9900
20040003 1992.075411 31.6310 64.3050  349  346.2868 18.3521 4.8249 36.5663 210.3100 0.3350 0.0190   -9.9900
20040003 1992.075411 31.6310 64.3050  351  348.2696 18.3454 4.8243 36.5661 210.2900 0.3350 0.0250   -9.9900
20040003 1992.075411 31.6310 64.3050  353  350.2523 18.3381 4.8236 36.5661 210.3900 0.3350 0.0270   -9.9900
20040003 1992.075411 31.6310 64.3050  355  352.2351 18.3329 4.8230 36.5649 210.4600 0.3350 0.0220   -9.9900
20040003 1992.075411 31.6310 64.3050  357  354.2178 18.3090 4.8198 36.5582 210.6300 0.3350 0.0180   -9.9900
20040003 1992.075411 31.6310 64.3050  359  356.2005 18.2915 4.8177 36.5548 210.6200 0.3340 0.0160   -9.9900
20040003 1992.075411 31.6310 64.3050  361  358.1831 18.2717 4.8151 36.5500 210.3600 0.3340 0.0190   -9.9900
20040003 1992.075411 31.6310 64.3050  363  360.1658 18.2401 4.8110 36.5418 209.7000 0.3330 0.0200   -9.9900
20040003 1992.075411 31.6310 64.3050  365  362.1484 18.2173 4.8081 36.5372 209.1100 0.3330 0.0230   -9.9900
20040003 1992.075411 31.6310 64.3050  367  364.1311 18.2160 4.8081 36.5370 208.4800 0.3330 0.0230   -9.9900
20040003 1992.075411 31.6310 64.3050  369  366.1137 18.2161 4.8082 36.5370 207.6900 0.3330 0.0260   -9.9900
20040003 1992.075411 31.6310 64.3050  371  368.0962 18.2085 4.8074 36.5365 207.2300 0.3330 0.0280   -9.9900
20040003 1992.075411 31.6310 64.3050  373  370.0788 18.2034 4.8070 36.5366 206.8600 0.3330 0.0270   -9.9900
20040003 1992.075411 31.6310 64.3050  375  372.0613 18.2096 4.8079 36.5386 206.7700 0.3330 0.0260   -9.9900
20040003 1992.075411 31.6310 64.3050  377  374.0439 18.2054 4.8075 36.5382 206.9300 0.3330 0.0270   -9.9900
20040003 1992.075411 31.6310 64.3050  379  376.0264 18.2010 4.8069 36.5362 207.1200 0.3330 0.0250   -9.9900
20040003 1992.075411 31.6310 64.3050  381  378.0088 18.1798 4.8045 36.5333 207.3900 0.3330 0.0220   -9.9900
20040003 1992.075411 31.6310 64.3050  383  379.9913 18.1732 4.8037 36.5314 207.4500 0.3330 0.0260   -9.9900
20040003 1992.075411 31.6310 64.3050  385  381.9738 18.1594 4.8020 36.5284 207.3500 0.3330 0.0240   -9.9900
20040003 1992.075411 31.6310 64.3050  387  383.9562 18.1322 4.7986 36.5231 207.2300 0.3320 0.0230   -9.9900
20040003 1992.075411 31.6310 64.3050  389  385.9386 18.1097 4.7959 36.5191 207.0400 0.3310 0.0240   -9.9900
20040003 1992.075411 31.6310 64.3050  391  387.9210 18.0940 4.7939 36.5154 206.5500 0.3310 0.0300   -9.9900
20040003 1992.075411 31.6310 64.3050  393  389.9034 18.0800 4.7923 36.5131 206.1400 0.3310 0.0260   -9.9900
20040003 1992.075411 31.6310 64.3050  395  391.8857 18.0656 4.7905 36.5105 205.8400 0.3310 0.0300   -9.9900
20040003 1992.075411 31.6310 64.3050  397  393.8680 18.0559 4.7893 36.5080 205.3300 0.3310 0.0290   -9.9900
20040003 1992.075411 31.6310 64.3050  399  395.8504 18.0338 4.7866 36.5037 204.8200 0.3310 0.0290   -9.9900
20040003 1992.075411 31.6310 64.3050  401  397.8326 18.0145 4.7842 36.4998 204.4600 0.3310 0.0290   -9.9900
20040003 1992.075411 31.6310 64.3050  403  399.8149 17.9984 4.7822 36.4961 204.1300 0.3310 0.0290   -9.9900
20040003 1992.075411 31.6310 64.3050  405  401.7972 17.9737 4.7793 36.4920 203.9600 0.3310 0.0280   -9.9900
20040003 1992.075411 31.6310 64.3050  407  403.7794 17.9586 4.7774 36.4884 203.4600 0.3310 0.0290   -9.9900
20040003 1992.075411 31.6310 64.3050  409  405.7616 17.9510 4.7765 36.4867 203.0100 0.3310 0.0300   -9.9900
20040003 1992.075411 31.6310 64.3050  411  407.7438 17.9346 4.7745 36.4837 202.4500 0.3310 0.0320   -9.9900
20040003 1992.075411 31.6310 64.3050  413  409.7260 17.9207 4.7729 36.4813 201.9100 0.3300 0.0350   -9.9900
20040003 1992.075411 31.6310 64.3050  415  411.7082 17.9118 4.7719 36.4800 201.7300 0.3290 0.0330   -9.9900
20040003 1992.075411 31.6310 64.3050  417  413.6903 17.9074 4.7713 36.4784 201.4700 0.3290 0.0370   -9.9900
20040003 1992.075411 31.6310 64.3050  419  415.6724 17.8970 4.7700 36.4758 201.2900 0.3290 0.0380   -9.9900
20040003 1992.075411 31.6310 64.3050  421  417.6545 17.8699 4.7668 36.4715 201.1200 0.3290 0.0380   -9.9900
20040003 1992.075411 31.6310 64.3050  423  419.6366 17.8612 4.7657 36.4693 200.8300 0.3290 0.0340   -9.9900
20040003 1992.075411 31.6310 64.3050  425  421.6187 17.8418 4.7634 36.4657 200.7100 0.3290 0.0340   -9.9900
20040003 1992.075411 31.6310 64.3050  427  423.6007 17.8046 4.7589 36.4591 200.3000 0.3290 0.0360   -9.9900
20040003 1992.075411 31.6310 64.3050  429  425.5828 17.7943 4.7576 36.4570 199.9700 0.3290 0.0400   -9.9900
20040003 1992.075411 31.6310 64.3050  431  427.5648 17.7795 4.7559 36.4544 199.6300 0.3290 0.0370   -9.9900
20040003 1992.075411 31.6310 64.3050  433  429.5468 17.7681 4.7544 36.4514 199.1300 0.3290 0.0370   -9.9900
20040003 1992.075411 31.6310 64.3050  435  431.5287 17.7457 4.7518 36.4479 198.8300 0.3290 0.0360   -9.9900
20040003 1992.075411 31.6310 64.3050  437  433.5107 17.7256 4.7493 36.4434 198.3900 0.3290 0.0360   -9.9900
20040003 1992.075411 31.6310 64.3050  439  435.4926 17.6973 4.7459 36.4389 198.1500 0.3290 0.0360   -9.9900
20040003 1992.075411 31.6310 64.3050  441  437.4745 17.6805 4.7439 36.4360 197.8800 0.3290 0.0350   -9.9900
20040003 1992.075411 31.6310 64.3050  443  439.4564 17.6490 4.7401 36.4300 197.4000 0.3290 0.0340   -9.9900
20040003 1992.075411 31.6310 64.3050  445  441.4383 17.6279 4.7375 36.4257 196.8600 0.3290 0.0390   -9.9900
20040003 1992.075411 31.6310 64.3050  447  443.4202 17.5923 4.7332 36.4196 196.5000 0.3280 0.0410   -9.9900
20040003 1992.075411 31.6310 64.3050  449  445.4020 17.5774 4.7314 36.4172 196.2600 0.3270 0.0400   -9.9900
20040003 1992.075411 31.6310 64.3050  451  447.3838 17.5667 4.7301 36.4147 195.7300 0.3290 0.0370   -9.9900
20040003 1992.075411 31.6310 64.3050  453  449.3656 17.5427 4.7272 36.4101 195.0300 0.3290 0.0370   -9.9900
20040003 1992.075411 31.6310 64.3050  455  451.3474 17.5279 4.7254 36.4071 194.8100 0.3280 0.0340   -9.9900
20040003 1992.075411 31.6310 64.3050  457  453.3292 17.5088 4.7231 36.4033 194.5100 0.3270 0.0390   -9.9900
20040003 1992.075411 31.6310 64.3050  459  455.3109 17.4775 4.7192 36.3969 194.3500 0.3270 0.0380   -9.9900
20040003 1992.075411 31.6310 64.3050  461  457.2926 17.4551 4.7167 36.3947 194.1700 0.3270 0.0410   -9.9900
20040003 1992.075411 31.6310 64.3050  463  459.2743 17.4406 4.7148 36.3908 193.8400 0.3270 0.0400   -9.9900
20040003 1992.075411 31.6310 64.3050  465  461.2560 17.4157 4.7118 36.3859 193.6400 0.3270 0.0390   -9.9900
20040003 1992.075411 31.6310 64.3050  467  463.2377 17.3730 4.7067 36.3791 193.3900 0.3270 0.0410   -9.9900
20040003 1992.075411 31.6310 64.3050  469  465.2193 17.3423 4.7031 36.3744 193.0900 0.3270 0.0460   -9.9900
20040003 1992.075411 31.6310 64.3050  471  467.2009 17.3287 4.7014 36.3713 192.8500 0.3270 0.0470   -9.9900
20040003 1992.075411 31.6310 64.3050  473  469.1826 17.2905 4.6968 36.3645 192.4400 0.3270 0.0470   -9.9900
20040003 1992.075411 31.6310 64.3050  475  471.1641 17.2603 4.6931 36.3587 192.2400 0.3270 0.0490   -9.9900
20040003 1992.075411 31.6310 64.3050  477  473.1457 17.2069 4.6867 36.3503 191.9200 0.3270 0.0480   -9.9900
20040003 1992.075411 31.6310 64.3050  479  475.1273 17.1966 4.6855 36.3489 191.5900 0.3260 0.0480   -9.9900
20040003 1992.075411 31.6310 64.3050  481  477.1088 17.1795 4.6834 36.3450 191.4400 0.3250 0.0500   -9.9900
20040003 1992.075411 31.6310 64.3050  483  479.0903 17.1456 4.6794 36.3392 191.1900 0.3260 0.0500   -9.9900
20040003 1992.075411 31.6310 64.3050  485  481.0718 17.1194 4.6762 36.3342 190.8400 0.3270 0.0480   -9.9900
20040003 1992.075411 31.6310 64.3050  487  483.0533 17.0985 4.6736 36.3300 190.4600 0.3250 0.0480   -9.9900
20040003 1992.075411 31.6310 64.3050  489  485.0347 17.0781 4.6711 36.3259 190.1600 0.3240 0.0470   -9.9900
20040003 1992.075411 31.6310 64.3050  491  487.0162 17.0590 4.6688 36.3217 190.0400 0.3240 0.0470   -9.9900
20040003 1992.075411 31.6310 64.3050  493  488.9976 17.0267 4.6650 36.3171 189.9200 0.3250 0.0470   -9.9900
20040003 1992.075411 31.6310 64.3050  495  490.9790 17.0082 4.6628 36.3136 189.5400 0.3240 0.0470   -9.9900
20040003 1992.075411 31.6310 64.3050  497  492.9604 16.9984 4.6616 36.3109 188.9400 0.3240 0.0480   -9.9900
20040003 1992.075411 31.6310 64.3050  499  494.9417 16.9901 4.6607 36.3095 188.6400 0.3240 0.0460   -9.9900
20040003 1992.075411 31.6310 64.3050  501  496.9231 16.9882 4.6604 36.3083 188.2700 0.3240 0.0480   -9.9900
20040003 1992.075411 31.6310 64.3050  503  498.9044 16.9787 4.6593 36.3063 188.0200 0.3240 0.0510   -9.9900
20040003 1992.075411 31.6310 64.3050  505  500.8857 16.9641 4.6575 36.3033 187.8500 0.3240 0.0500   -9.9900
20040003 1992.075411 31.6310 64.3050  507  502.8670 16.9360 4.6542 36.2984 187.3600 0.3240 0.0480   -9.9900
20040004 1992.075837 31.6290 64.3340    5    4.9653 19.6659 4.9549 36.6304 233.8100 0.4140 0.2100   -9.9900
20040004 1992.075837 31.6290 64.3340    7    6.9513 19.6537 4.9538 36.6307 234.4200 0.4140 0.2050   -9.9900
20040004 1992.075837 31.6290 64.3340    9    8.9374 19.6634 4.9549 36.6305 234.2900 0.4140 0.2000   -9.9900
20040004 1992.075837 31.6290 64.3340   11   10.9234 19.6647 4.9550 36.6300 234.2100 0.4140 0.1990   -9.9900
20040004 1992.075837 31.6290 64.3340   13   12.9094 19.6626 4.9549 36.6298 234.0400 0.4130 0.2060   -9.9900
20040004 1992.075837 31.6290 64.3340   15   14.8954 19.6632 4.9551 36.6301 233.9000 0.4140 0.2090   -9.9900
20040004 1992.075837 31.6290 64.3340   17   16.8814 19.6632 4.9552 36.6301 233.6600 0.4140 0.2040   -9.9900
20040004 1992.075837 31.6290 64.3340   19   18.8674 19.6636 4.9553 36.6302 233.5600 0.4150 0.2020   -9.9900
20040004 1992.075837 31.6290 64.3340   21   20.8533 19.6509 4.9541 36.6303 233.5300 0.4140 0.2070   -9.9900
20040004 1992.075837 31.6290 64.3340   23   22.8392 19.6472 4.9538 36.6305 233.4400 0.4130 0.2160   -9.9900
20040004 1992.075837 31.6290 64.3340   25   24.8251 19.6447 4.9537 36.6308 233.4400 0.4110 0.2200   -9.9900
20040004 1992.075837 31.6290 64.3340   27   26.8110 19.6440 4.9537 36.6308 233.4500 0.4110 0.2240   -9.9900
20040004 1992.075837 31.6290 64.3340   29   28.7968 19.6438 4.9537 36.6308 233.4700 0.4100 0.2220   -9.9900
20040004 1992.075837 31.6290 64.3340   31   30.7827 19.6434 4.9538 36.6309 233.4900 0.4080 0.2180   -9.9900
20040004 1992.075837 31.6290 64.3340   33   32.7685 19.6410 4.9537 36.6312 233.3800 0.4060 0.2210   -9.9900
20040004 1992.075837 31.6290 64.3340   35   34.7543 19.6390 4.9536 36.6314 233.2500 0.4010 0.2310   -9.9900
20040004 1992.075837 31.6290 64.3340   37   36.7401 19.6383 4.9536 36.6313 233.0000 0.3970 0.2220   -9.9900
20040004 1992.075837 31.6290 64.3340   39   38.7258 19.6386 4.9537 36.6315 232.6700 0.3950 0.2170   -9.9900
20040004 1992.075837 31.6290 64.3340   41   40.7116 19.6385 4.9538 36.6316 232.5000 0.3940 0.2200   -9.9900
20040004 1992.075837 31.6290 64.3340   43   42.6973 19.6380 4.9539 36.6316 232.3300 0.3930 0.2090   -9.9900
20040004 1992.075837 31.6290 64.3340   45   44.6830 19.6376 4.9539 36.6317 232.2000 0.3920 0.2000   -9.9900
20040004 1992.075837 31.6290 64.3340   47   46.6687 19.6378 4.9540 36.6317 232.0800 0.3910 0.2010   -9.9900
20040004 1992.075837 31.6290 64.3340   49   48.6544 19.6382 4.9542 36.6317 231.8700 0.3920 0.1980   -9.9900
20040004 1992.075837 31.6290 64.3340   51   50.6400 19.6380 4.9543 36.6319 231.6900 0.3930 0.1930   -9.9900
20040004 1992.075837 31.6290 64.3340   53   52.6256 19.6375 4.9543 36.6320 231.6300 0.3920 0.1950   -9.9900
20040004 1992.075837 31.6290 64.3340   55   54.6113 19.6377 4.9544 36.6320 231.5700 0.3910 0.1900   -9.9900
20040004 1992.075837 31.6290 64.3340   57   56.5968 19.6382 4.9546 36.6322 231.4900 0.3890 0.1880   -9.9900
20040004 1992.075837 31.6290 64.3340   59   58.5824 19.6376 4.9546 36.6322 231.4800 0.3900 0.1870   -9.9900
20040004 1992.075837 31.6290 64.3340   61   60.5680 19.6379 4.9547 36.6321 231.4900 0.3900 0.1890   -9.9900
20040004 1992.075837 31.6290 64.3340   63   62.5535 19.6381 4.9548 36.6320 231.4400 0.3890 0.1890   -9.9900
20040004 1992.075837 31.6290 64.3340   65   64.5390 19.6373 4.9549 36.6322 231.3400 0.3880 0.1780   -9.9900
20040004 1992.075837 31.6290 64.3340   67   66.5245 19.6371 4.9550 36.6326 231.2600 0.3860 0.1760   -9.9900
20040004 1992.075837 31.6290 64.3340   69   68.5100 19.6372 4.9551 36.6329 231.2100 0.3830 0.1740   -9.9900
20040004 1992.075837 31.6290 64.3340   71   70.4954 19.6375 4.9552 36.6330 231.1300 0.3800 0.1680   -9.9900
20040004 1992.075837 31.6290 64.3340   73   72.4809 19.6372 4.9553 36.6329 231.0100 0.3780 0.1560   -9.9900
20040004 1992.075837 31.6290 64.3340   75   74.4663 19.6366 4.9553 36.6329 230.8700 0.3790 0.1490   -9.9900
20040004 1992.075837 31.6290 64.3340   77   76.4517 19.6366 4.9554 36.6331 230.7400 0.3790 0.1480   -9.9900
20040004 1992.075837 31.6290 64.3340   79   78.4371 19.6366 4.9555 36.6333 230.6200 0.3800 0.1450   -9.9900
20040004 1992.075837 31.6290 64.3340   81   80.4224 19.6370 4.9557 36.6334 230.4000 0.3790 0.1420   -9.9900
20040004 1992.075837 31.6290 64.3340   83   82.4078 19.6362 4.9557 36.6334 230.1900 0.3790 0.1430   -9.9900
20040004 1992.075837 31.6290 64.3340   85   84.3931 19.6356 4.9557 36.6334 229.9500 0.3790 0.1420   -9.9900
20040004 1992.075837 31.6290 64.3340   87   86.3784 19.6353 4.9558 36.6334 229.8300 0.3790 0.1420   -9.9900
20040004 1992.075837 31.6290 64.3340   89   88.3637 19.6352 4.9559 36.6335 229.8700 0.3790 0.1400   -9.9900
20040004 1992.075837 31.6290 64.3340   91   90.3489 19.6353 4.9560 36.6336 229.8800 0.3780 0.1440   -9.9900
20040004 1992.075837 31.6290 64.3340   93   92.3342 19.6354 4.9561 36.6337 229.9000 0.3780 0.1440   -9.9900
20040004 1992.075837 31.6290 64.3340   95   94.3194 19.6362 4.9563 36.6341 229.9200 0.3780 0.1420   -9.9900
20040004 1992.075837 31.6290 64.3340   97   96.3046 19.6364 4.9565 36.6348 229.9300 0.3760 0.1380   -9.9900
20040004 1992.075837 31.6290 64.3340   99   98.2898 19.6366 4.9567 36.6354 229.9600 0.3750 0.1320   -9.9900
20040004 1992.075837 31.6290 64.3340  101  100.2749 19.6362 4.9568 36.6357 229.8100 0.3740 0.1240   -9.9900
20040004 1992.075837 31.6290 64.3340  103  102.2601 19.6363 4.9569 36.6358 229.6800 0.3740 0.1220   -9.9900
20040004 1992.075837 31.6290 64.3340  105  104.2452 19.6365 4.9570 36.6360 229.5800 0.3740 0.1210   -9.9900
20040004 1992.075837 31.6290 64.3340  107  106.2303 19.6362 4.9572 36.6367 229.4800 0.3740 0.1190   -9.9900
20040004 1992.075837 31.6290 64.3340  109  108.2154 19.6339 4.9571 36.6378 229.4700 0.3720 0.1150   -9.9900
20040004 1992.075837 31.6290 64.3340  111  110.2005 19.6300 4.9569 36.6387 229.4800 0.3710 0.1080   -9.9900
20040004 1992.075837 31.6290 64.3340  113  112.1855 19.6224 4.9564 36.6405 229.5000 0.3700 0.1070   -9.9900
20040004 1992.075837 31.6290 64.3340  115  114.1706 19.6156 4.9560 36.6424 229.5300 0.3690 0.1050   -9.9900
20040004 1992.075837 31.6290 64.3340  117  116.1556 19.6147 4.9561 36.6425 229.5200 0.3690 0.0980   -9.9900
20040004 1992.075837 31.6290 64.3340  119  118.1406 19.6103 4.9557 36.6428 229.5400 0.3690 0.0940   -9.9900
20040004 1992.075837 31.6290 64.3340  121  120.1255 19.6096 4.9557 36.6429 229.5200 0.3690 0.0960   -9.9900
20040004 1992.075837 31.6290 64.3340  123  122.1105 19.6074 4.9557 36.6437 229.4200 0.3690 0.0950   -9.9900
20040004 1992.075837 31.6290 64.3340  125  124.0954 19.6068 4.9558 36.6440 229.3400 0.3680 0.0930   -9.9900
20040004 1992.075837 31.6290 64.3340  127  126.0803 19.6070 4.9559 36.6439 229.1500 0.3680 0.0950   -9.9900
20040004 1992.075837 31.6290 64.3340  129  128.0652 19.6065 4.9559 36.6439 228.8700 0.3680 0.0880   -9.9900
20040004 1992.075837 31.6290 64.3340  131  130.0501 19.6063 4.9560 36.6438 228.7900 0.3690 0.0870   -9.9900
20040004 1992.075837 31.6290 64.3340  133  132.0350 19.6056 4.9560 36.6437 228.6600 0.3690 0.0860   -9.9900
20040004 1992.075837 31.6290 64.3340  135  134.0198 19.6061 4.9561 36.6437 228.6200 0.3690 0.0870   -9.9900
20040004 1992.075837 31.6290 64.3340  137  136.0046 19.6066 4.9562 36.6436 228.6000 0.3690 0.0880   -9.9900
20040004 1992.075837 31.6290 64.3340  139  137.9894 19.6063 4.9563 36.6434 228.4800 0.3710 0.0910   -9.9900
20040004 1992.075837 31.6290 64.3340  141  139.9742 19.6059 4.9563 36.6432 228.4400 0.3710 0.0940   -9.9900
20040004 1992.075837 31.6290 64.3340  143  141.9590 19.6034 4.9561 36.6430 228.4400 0.3720 0.0950   -9.9900
20040004 1992.075837 31.6290 64.3340  145  143.9437 19.6029 4.9562 36.6434 228.5100 0.3720 0.0960   -9.9900
20040004 1992.075837 31.6290 64.3340  147  145.9285 19.6030 4.9563 36.6435 228.6000 0.3720 0.0940   -9.9900
20040004 1992.075837 31.6290 64.3340  149  147.9132 19.6034 4.9564 36.6435 228.7700 0.3720 0.0910   -9.9900
20040004 1992.075837 31.6290 64.3340  151  149.8978 19.6038 4.9566 36.6436 228.9100 0.3720 0.0930   -9.9900
20040004 1992.075837 31.6290 64.3340  153  151.8825 19.6042 4.9567 36.6436 228.9400 0.3720 0.0910   -9.9900
20040004 1992.075837 31.6290 64.3340  155  153.8672 19.6039 4.9567 36.6435 228.9600 0.3720 0.0870   -9.9900
20040004 1992.075837 31.6290 64.3340  157  155.8518 19.6036 4.9568 36.6433 228.9000 0.3730 0.0910   -9.9900
20040004 1992.075837 31.6290 64.3340  159  157.8364 19.6013 4.9566 36.6433 228.6200 0.3700 0.0900   -9.9900
20040004 1992.075837 31.6290 64.3340  161  159.8210 19.6020 4.9568 36.6438 228.4800 0.3690 0.0860   -9.9900
20040004 1992.075837 31.6290 64.3340  163  161.8056 19.6029 4.9570 36.6439 228.4100 0.3690 0.0830   -9.9900
20040004 1992.075837 31.6290 64.3340  165  163.7901 19.6032 4.9572 36.6438 228.3100 0.3690 0.0800   -9.9900
20040004 1992.075837 31.6290 64.3340  167  165.7746 19.6043 4.9573 36.6436 228.0600 0.3710 0.0800   -9.9900
20040004 1992.075837 31.6290 64.3340  169  167.7591 19.6047 4.9575 36.6439 227.9700 0.3690 0.0760   -9.9900
20040004 1992.075837 31.6290 64.3340  171  169.7436 19.6047 4.9576 36.6439 227.8900 0.3690 0.0790   -9.9900
20040004 1992.075837 31.6290 64.3340  173  171.7281 19.6053 4.9577 36.6438 227.8800 0.3680 0.0780   -9.9900
20040004 1992.075837 31.6290 64.3340  175  173.7126 19.6029 4.9575 36.6433 227.7900 0.3670 0.0760   -9.9900
20040004 1992.075837 31.6290 64.3340  177  175.6970 19.6007 4.9573 36.6429 227.7300 0.3670 0.0730   -9.9900
20040004 1992.075837 31.6290 64.3340  179  177.6814 19.6015 4.9575 36.6430 227.7300 0.3670 0.0750   -9.9900
20040004 1992.075837 31.6290 64.3340  181  179.6658 19.6017 4.9576 36.6431 227.6400 0.3670 0.0730   -9.9900
20040004 1992.075837 31.6290 64.3340  183  181.6502 19.6011 4.9577 36.6432 227.6200 0.3680 0.0730   -9.9900
20040004 1992.075837 31.6290 64.3340  185  183.6346 19.5932 4.9569 36.6431 227.6100 0.3680 0.0730   -9.9900
20040004 1992.075837 31.6290 64.3340  187  185.6189 19.5841 4.9560 36.6425 227.3300 0.3670 0.0680   -9.9900
20040004 1992.075837 31.6290 64.3340  189  187.6032 19.5754 4.9551 36.6424 227.0400 0.3650 0.0690   -9.9900
20040004 1992.075837 31.6290 64.3340  191  189.5875 19.5756 4.9552 36.6423 226.7900 0.3640 0.0630   -9.9900
20040004 1992.075837 31.6290 64.3340  193  191.5718 19.5723 4.9549 36.6420 226.3700 0.3650 0.0640   -9.9900
20040004 1992.075837 31.6290 64.3340  195  193.5561 19.5604 4.9537 36.6415 225.9900 0.3640 0.0650   -9.9900
20040004 1992.075837 31.6290 64.3340  197  195.5403 19.5345 4.9510 36.6410 225.6000 0.3630 0.0650   -9.9900
20040004 1992.075837 31.6290 64.3340  199  197.5245 19.5285 4.9505 36.6411 225.3200 0.3630 0.0680   -9.9900
20040004 1992.075837 31.6290 64.3340  201  199.5087 19.5304 4.9511 36.6435 224.7400 0.3630 0.0630   -9.9900
20040004 1992.075837 31.6290 64.3340  203  201.4929 19.5366 4.9522 36.6466 224.1600 0.3610 0.0590   -9.9900
20040004 1992.075837 31.6290 64.3340  205  203.4771 19.5418 4.9531 36.6493 223.8100 0.3610 0.0610   -9.9900
20040004 1992.075837 31.6290 64.3340  207  205.4612 19.5188 4.9506 36.6478 223.4200 0.3550 0.0520   -9.9900
20040004 1992.075837 31.6290 64.3340  209  207.4454 19.3766 4.9343 36.6362 222.6800 0.3470 0.0330   -9.9900
20040004 1992.075837 31.6290 64.3340  211  209.4295 19.3201 4.9282 36.6335 221.4200 0.3450 0.0250   -9.9900
20040004 1992.075837 31.6290 64.3340  213  211.4136 19.2461 4.9201 36.6305 219.4000 0.3430 0.0180   -9.9900
20040004 1992.075837 31.6290 64.3340  215  213.3976 19.2087 4.9160 36.6286 217.5000 0.3430 0.0150   -9.9900
20040004 1992.075837 31.6290 64.3340  217  215.3817 19.1608 4.9107 36.6250 215.7100 0.3430 0.0120   -9.9900
20040004 1992.075837 31.6290 64.3340  219  217.3657 19.0503 4.8983 36.6178 213.4600 0.3440 0.0130   -9.9900
20040004 1992.075837 31.6290 64.3340  221  219.3497 18.9275 4.8847 36.6115 213.0000 0.3420 0.0110   -9.9900
20040004 1992.075837 31.6290 64.3340  223  221.3337 18.8576 4.8771 36.6084 212.3700 0.3420 0.0080   -9.9900
20040004 1992.075837 31.6290 64.3340  225  223.3177 18.7972 4.8703 36.6034 211.6800 0.3400 0.0070   -9.9900
20040004 1992.075837 31.6290 64.3340  227  225.3017 18.7491 4.8650 36.6002 211.2200 0.3390 0.0090   -9.9900
20040004 1992.075837 31.6290 64.3340  229  227.2856 18.7417 4.8641 36.5991 210.7700 0.3390 0.0100   -9.9900
20040004 1992.075837 31.6290 64.3340  231  229.2695 18.7387 4.8638 36.5978 209.9700 0.3390 0.0060   -9.9900
20040004 1992.075837 31.6290 64.3340  233  231.2534 18.7290 4.8627 36.5967 209.6500 0.3390 0.0030   -9.9900
20040004 1992.075837 31.6290 64.3340  235  233.2373 18.7097 4.8607 36.5962 209.6200 0.3390 0.0020   -9.9900
20040004 1992.075837 31.6290 64.3340  237  235.2212 18.7033 4.8601 36.5955 209.5400 0.3390 0.0020   -9.9900
20040004 1992.075837 31.6290 64.3340  239  237.2050 18.7031 4.8601 36.5953 209.6200 0.3390 0.0020   -9.9900
20040004 1992.075837 31.6290 64.3340  241  239.1888 18.7012 4.8599 36.5949 209.6600 0.3390 0.0030   -9.9900
20040004 1992.075837 31.6290 64.3340  243  241.1726 18.7004 4.8598 36.5940 209.7000 0.3390 0.0040   -9.9900
20040004 1992.075837 31.6290 64.3340  245  243.1564 18.6988 4.8597 36.5938 209.7500 0.3390 0.0030   -9.9900
20040004 1992.075837 31.6290 64.3340  247  245.1402 18.6987 4.8598 36.5935 209.7900 0.3390 0.0060   -9.9900
20040004 1992.075837 31.6290 64.3340  249  247.1239 18.6974 4.8597 36.5931 209.8100 0.3390 0.0080   -9.9900
20040004 1992.075837 31.6290 64.3340  251  249.1077 18.6810 4.8579 36.5913 209.7800 0.3380 0.0100   -9.9900
20040004 1992.075837 31.6290 64.3340  253  251.0914 18.6577 4.8553 36.5896 209.7900 0.3390 0.0090   -9.9900
20040004 1992.075837 31.6290 64.3340  255  253.0751 18.6491 4.8543 36.5883 209.7100 0.3380 0.0100   -9.9900
20040004 1992.075837 31.6290 64.3340  257  255.0587 18.6327 4.8526 36.5872 209.7000 0.3370 0.0070   -9.9900
20040004 1992.075837 31.6290 64.3340  259  257.0424 18.6158 4.8507 36.5859 209.6600 0.3370 0.0070   -9.9900
20040004 1992.075837 31.6290 64.3340  261  259.0260 18.5978 4.8488 36.5848 209.6600 0.3370 0.0040   -9.9900
20040004 1992.075837 31.6290 64.3340  263  261.0096 18.5787 4.8468 36.5840 209.6300 0.3370 0.0070   -9.9900
20040004 1992.075837 31.6290 64.3340  265  262.9932 18.5651 4.8454 36.5832 209.6000 0.3370 0.0090   -9.9900
20040004 1992.075837 31.6290 64.3340  267  264.9768 18.5544 4.8442 36.5822 209.6100 0.3370 0.0080   -9.9900
20040004 1992.075837 31.6290 64.3340  269  266.9603 18.5426 4.8430 36.5816 209.6800 0.3370 0.0090   -9.9900
20040004 1992.075837 31.6290 64.3340  271  268.9439 18.5345 4.8421 36.5804 209.8000 0.3370 0.0080   -9.9900
20040004 1992.075837 31.6290 64.3340  273  270.9274 18.5185 4.8404 36.5793 210.0100 0.3370 0.0070   -9.9900
20040004 1992.075837 31.6290 64.3340  275  272.9109 18.4968 4.8381 36.5778 210.2800 0.3370 0.0070   -9.9900
20040004 1992.075837 31.6290 64.3340  277  274.8944 18.4930 4.8377 36.5775 210.3800 0.3370 0.0070   -9.9900
20040004 1992.075837 31.6290 64.3340  279  276.8778 18.4817 4.8366 36.5769 210.4800 0.3350 0.0070   -9.9900
20040004 1992.075837 31.6290 64.3340  281  278.8613 18.4788 4.8362 36.5757 210.5500 0.3360 0.0110   -9.9900
20040004 1992.075837 31.6290 64.3340  283  280.8447 18.4586 4.8340 36.5742 210.6300 0.3350 0.0120   -9.9900
20040004 1992.075837 31.6290 64.3340  285  282.8281 18.4493 4.8330 36.5732 210.5400 0.3380 0.0090   -9.9900
20040004 1992.075837 31.6290 64.3340  287  284.8115 18.4293 4.8305 36.5689 210.4100 0.3350 0.0070   -9.9900
20040004 1992.075837 31.6290 64.3340  289  286.7948 18.4228 4.8298 36.5682 210.3300 0.3350 0.0080   -9.9900
20040004 1992.075837 31.6290 64.3340  291  288.7782 18.4158 4.8291 36.5673 210.0900 0.3350 0.0100   -9.9900
20040004 1992.075837 31.6290 64.3340  293  290.7615 18.4157 4.8292 36.5676 209.7500 0.3350 0.0110   -9.9900
20040004 1992.075837 31.6290 64.3340  295  292.7448 18.4171 4.8295 36.5686 209.6300 0.3350 0.0150   -9.9900
20040004 1992.075837 31.6290 64.3340  297  294.7281 18.4161 4.8295 36.5685 209.4100 0.3350 0.0110   -9.9900
20040004 1992.075837 31.6290 64.3340  299  296.7114 18.4145 4.8295 36.5686 209.3500 0.3350 0.0110   -9.9900
20040004 1992.075837 31.6290 64.3340  301  298.6946 18.3979 4.8276 36.5665 209.4700 0.3350 0.0120   -9.9900
20040004 1992.075837 31.6290 64.3340  303  300.6778 18.3895 4.8266 36.5652 209.5600 0.3350 0.0130   -9.9900
20040004 1992.075837 31.6290 64.3340  305  302.6611 18.3774 4.8253 36.5637 209.6600 0.3350 0.0140   -9.9900
20040004 1992.075837 31.6290 64.3340  307  304.6442 18.3702 4.8245 36.5625 209.7300 0.3350 0.0140   -9.9900
20040004 1992.075837 31.6290 64.3340  309  306.6274 18.3674 4.8243 36.5631 209.7900 0.3350 0.0170   -9.9900
20040004 1992.075837 31.6290 64.3340  311  308.6106 18.3647 4.8241 36.5625 209.8600 0.3350 0.0170   -9.9900
20040004 1992.075837 31.6290 64.3340  313  310.5937 18.3517 4.8225 36.5596 209.8400 0.3350 0.0150   -9.9900
20040004 1992.075837 31.6290 64.3340  315  312.5768 18.3390 4.8209 36.5569 209.8600 0.3330 0.0180   -9.9900
20040004 1992.075837 31.6290 64.3340  317  314.5599 18.3338 4.8204 36.5568 209.8400 0.3340 0.0210   -9.9900
20040004 1992.075837 31.6290 64.3340  319  316.5430 18.3421 4.8217 36.5593 209.5300 0.3340 0.0180   -9.9900
20040004 1992.075837 31.6290 64.3340  321  318.5261 18.3569 4.8239 36.5646 209.4700 0.3330 0.0200   -9.9900
20040004 1992.075837 31.6290 64.3340  323  320.5091 18.3495 4.8231 36.5634 209.6600 0.3340 0.0180   -9.9900
20040004 1992.075837 31.6290 64.3340  325  322.4921 18.3463 4.8228 36.5625 209.9500 0.3330 0.0200   -9.9900
20040004 1992.075837 31.6290 64.3340  327  324.4751 18.3521 4.8238 36.5653 210.4100 0.3330 0.0180   -9.9900
20040004 1992.075837 31.6290 64.3340  329  326.4581 18.3567 4.8247 36.5679 210.8000 0.3330 0.0190   -9.9900
20040004 1992.075837 31.6290 64.3340  331  328.4411 18.3467 4.8236 36.5668 211.0400 0.3330 0.0220   -9.9900
20040004 1992.075837 31.6290 64.3340  333  330.4240 18.3348 4.8222 36.5647 211.2300 0.3330 0.0230   -9.9900
20040004 1992.075837 31.6290 64.3340  335  332.4069 18.3291 4.8216 36.5637 211.4500 0.3330 0.0220   -9.9900
20040004 1992.075837 31.6290 64.3340  337  334.3898 18.3234 4.8210 36.5631 211.6400 0.3330 0.0230   -9.9900
20040004 1992.075837 31.6290 64.3340  339  336.3727 18.3201 4.8206 36.5624 211.7800 0.3330 0.0240   -9.9900
20040004 1992.075837 31.6290 64.3340  341  338.3556 18.3131 4.8199 36.5619 211.8600 0.3310 0.0240   -9.9900
20040004 1992.075837 31.6290 64.3340  343  340.3384 18.3079 4.8194 36.5608 211.9400 0.3320 0.0210   -9.9900
20040004 1992.075837 31.6290 64.3340  345  342.3213 18.2953 4.8178 36.5580 212.0000 0.3330 0.0200   -9.9900
20040004 1992.075837 31.6290 64.3340  347  344.3041 18.2820 4.8163 36.5561 211.9900 0.3330 0.0220   -9.9900
20040004 1992.075837 31.6290 64.3340  349  346.2869 18.2707 4.8149 36.5538 211.9500 0.3310 0.0210   -9.9900
20040004 1992.075837 31.6290 64.3340  351  348.2696 18.2618 4.8138 36.5515 211.8000 0.3310 0.0230   -9.9900
20040004 1992.075837 31.6290 64.3340  353  350.2524 18.2547 4.8130 36.5501 211.5800 0.3310 0.0220   -9.9900
20040004 1992.075837 31.6290 64.3340  355  352.2351 18.2477 4.8122 36.5487 211.5100 0.3310 0.0230   -9.9900
20040004 1992.075837 31.6290 64.3340  357  354.2178 18.2397 4.8114 36.5479 211.4000 0.3310 0.0250   -9.9900
20040004 1992.075837 31.6290 64.3340  359  356.2005 18.2348 4.8108 36.5466 211.3200 0.3310 0.0250   -9.9900
20040004 1992.075837 31.6290 64.3340  361  358.1832 18.2310 4.8104 36.5455 211.2200 0.3310 0.0230   -9.9900
20040004 1992.075837 31.6290 64.3340  363  360.1659 18.2202 4.8090 36.5429 211.1500 0.3310 0.0210   -9.9900
20040004 1992.075837 31.6290 64.3340  365  362.1485 18.1936 4.8058 36.5388 211.1200 0.3310 0.0190   -9.9900
20040004 1992.075837 31.6290 64.3340  367  364.1311 18.1851 4.8047 36.5362 210.9500 0.3310 0.0210   -9.9900
20040004 1992.075837 31.6290 64.3340  369  366.1137 18.1571 4.8013 36.5312 210.8100 0.3300 0.0220   -9.9900
20040004 1992.075837 31.6290 64.3340  371  368.0963 18.1464 4.8001 36.5292 210.6200 0.3310 0.0220   -9.9900
20040004 1992.075837 31.6290 64.3340  373  370.0789 18.1278 4.7978 36.5252 210.2600 0.3300 0.0220   -9.9900
20040004 1992.075837 31.6290 64.3340  375  372.0614 18.1046 4.7949 36.5209 209.9600 0.3310 0.0220   -9.9900
20040004 1992.075837 31.6290 64.3340  377  374.0439 18.0917 4.7933 36.5176 209.2900 0.3290 0.0300   -9.9900
20040004 1992.075837 31.6290 64.3340  379  376.0264 18.0756 4.7913 36.5143 208.9900 0.3290 0.0270   -9.9900
20040004 1992.075837 31.6290 64.3340  381  378.0089 18.0540 4.7886 36.5098 208.5400 0.3290 0.0240   -9.9900
20040004 1992.075837 31.6290 64.3340  383  379.9914 18.0367 4.7865 36.5066 208.0600 0.3290 0.0230   -9.9900
20040004 1992.075837 31.6290 64.3340  385  381.9738 18.0146 4.7838 36.5023 207.8200 0.3290 0.0230   -9.9900
20040004 1992.075837 31.6290 64.3340  387  383.9562 17.9921 4.7811 36.4981 207.4700 0.3290 0.0220   -9.9900
20040004 1992.075837 31.6290 64.3340  389  385.9387 17.9712 4.7786 36.4945 207.0400 0.3290 0.0230   -9.9900
20040004 1992.075837 31.6290 64.3340  391  387.9210 17.9643 4.7777 36.4926 206.3300 0.3290 0.0220   -9.9900
20040004 1992.075837 31.6290 64.3340  393  389.9034 17.9601 4.7773 36.4916 205.8400 0.3290 0.0230   -9.9900
20040004 1992.075837 31.6290 64.3340  395  391.8858 17.9567 4.7768 36.4902 205.7300 0.3290 0.0250   -9.9900
20040004 1992.075837 31.6290 64.3340  397  393.8681 17.9336 4.7741 36.4868 204.9400 0.3290 0.0260   -9.9900
