20055001 1993.319054 31.7550 64.1350    5    4.9652 20.0620 4.9940 36.6080 227.6390 0.4230 0.4250   -9.9900
20055001 1993.319054 31.7550 64.1350    7    6.9513 20.0614 4.9941 36.6078 227.5580 0.4220 0.4180   -9.9900
20055001 1993.319054 31.7550 64.1350    9    8.9373 20.0605 4.9940 36.6077 227.3950 0.4220 0.4130   -9.9900
20055001 1993.319054 31.7550 64.1350   11   10.9233 20.0626 4.9944 36.6079 227.6130 0.4210 0.4120   -9.9900
20055001 1993.319054 31.7550 64.1350   13   12.9093 20.0636 4.9946 36.6080 227.6530 0.4220 0.4110   -9.9900
20055001 1993.319054 31.7550 64.1350   15   14.8953 20.0642 4.9947 36.6080 227.6710 0.4220 0.4100   -9.9900
20055001 1993.319054 31.7550 64.1350   17   16.8812 20.0640 4.9948 36.6079 227.8040 0.4230 0.4040   -9.9900
20055001 1993.319054 31.7550 64.1350   19   18.8672 20.0645 4.9949 36.6078 227.9110 0.4220 0.4000   -9.9900
20055001 1993.319054 31.7550 64.1350   21   20.8531 20.0630 4.9949 36.6079 227.7940 0.4220 0.4030   -9.9900
20055001 1993.319054 31.7550 64.1350   23   22.8390 20.0621 4.9949 36.6079 228.1070 0.4210 0.4060   -9.9900
20055001 1993.319054 31.7550 64.1350   25   24.8248 20.0625 4.9950 36.6079 227.8150 0.4210 0.4030   -9.9900
20055001 1993.319054 31.7550 64.1350   27   26.8107 20.0627 4.9951 36.6078 228.2570 0.4220 0.4060   -9.9900
20055001 1993.319054 31.7550 64.1350   29   28.7965 20.0633 4.9953 36.6082 228.2560 0.4220 0.4050   -9.9900
20055001 1993.319054 31.7550 64.1350   31   30.7824 20.0636 4.9955 36.6085 228.0470 0.4230 0.4080   -9.9900
20055001 1993.319054 31.7550 64.1350   33   32.7682 20.0642 4.9956 36.6085 228.0750 0.4240 0.4110   -9.9900
20055001 1993.319054 31.7550 64.1350   35   34.7539 20.0649 4.9957 36.6079 228.0710 0.4240 0.4060   -9.9900
20055001 1993.319054 31.7550 64.1350   37   36.7397 20.0659 4.9959 36.6080 227.8700 0.4230 0.4070   -9.9900
20055001 1993.319054 31.7550 64.1350   39   38.7254 20.0665 4.9961 36.6081 228.0470 0.4240 0.4030   -9.9900
20055001 1993.319054 31.7550 64.1350   41   40.7112 20.0671 4.9962 36.6082 228.0840 0.4250 0.4060   -9.9900
20055001 1993.319054 31.7550 64.1350   43   42.6969 20.0668 4.9963 36.6085 228.0730 0.4250 0.4120   -9.9900
20055001 1993.319054 31.7550 64.1350   45   44.6826 20.0660 4.9964 36.6089 228.0720 0.4240 0.4130   -9.9900
20055001 1993.319054 31.7550 64.1350   47   46.6682 20.0686 4.9969 36.6099 228.0250 0.4230 0.4100   -9.9900
20055001 1993.319054 31.7550 64.1350   49   48.6539 20.0714 4.9974 36.6113 227.8740 0.4240 0.4110   -9.9900
20055001 1993.319054 31.7550 64.1350   51   50.6395 20.0752 4.9982 36.6138 227.8080 0.4240 0.4090   -9.9900
20055001 1993.319054 31.7550 64.1350   53   52.6251 20.0754 4.9985 36.6152 228.0430 0.4240 0.4130   -9.9900
20055001 1993.319054 31.7550 64.1350   55   54.6107 20.0711 4.9984 36.6175 228.1390 0.4240 0.4190   -9.9900
20055001 1993.319054 31.7550 64.1350   57   56.5963 20.0371 4.9949 36.6170 228.1810 0.4260 0.4180   -9.9900
20055001 1993.319054 31.7550 64.1350   59   58.5818 19.9895 4.9893 36.6119 228.1170 0.4300 0.4250   -9.9900
20055001 1993.319054 31.7550 64.1350   61   60.5673 19.9222 4.9817 36.6074 228.0710 0.4370 0.4310   -9.9900
20055001 1993.319054 31.7550 64.1350   63   62.5528 19.8599 4.9749 36.6045 228.2020 0.4440 0.4460   -9.9900
20055001 1993.319054 31.7550 64.1350   65   64.5383 19.8329 4.9721 36.6044 228.0150 0.4450 0.4560   -9.9900
20055001 1993.319054 31.7550 64.1350   67   66.5238 19.6001 4.9464 36.5939 228.0790 0.4580 0.4760   -9.9900
20055001 1993.319054 31.7550 64.1350   69   68.5093 19.4834 4.9330 36.5841 228.2920 0.4560 0.5210   -9.9900
20055001 1993.319054 31.7550 64.1350   71   70.4947 19.3806 4.9223 36.5842 227.9800 0.4640 0.5350   -9.9900
20055001 1993.319054 31.7550 64.1350   73   72.4801 19.3339 4.9179 36.5873 227.3600 0.4790 0.5990   -9.9900
20055001 1993.319054 31.7550 64.1350   75   74.4655 19.2904 4.9141 36.5932 226.6360 0.4870 0.6860   -9.9900
20055001 1993.319054 31.7550 64.1350   77   76.4509 19.2584 4.9109 36.5942 226.2830 0.4780 0.7490   -9.9900
20055001 1993.319054 31.7550 64.1350   79   78.4362 19.2231 4.9075 36.5957 225.8690 0.4740 0.7220   -9.9900
20055001 1993.319054 31.7550 64.1350   81   80.4216 19.1834 4.9036 36.5970 225.0940 0.4810 0.7040   -9.9900
20055001 1993.319054 31.7550 64.1350   83   82.4069 19.1738 4.9027 36.5976 224.8480 0.4660 0.7010   -9.9900
20055001 1993.319054 31.7550 64.1350   85   84.3922 19.1588 4.9012 36.5974 224.8360 0.4630 0.6850   -9.9900
20055001 1993.319054 31.7550 64.1350   87   86.3775 19.1361 4.8988 36.5967 224.9580 0.4620 0.6720   -9.9900
20055001 1993.319054 31.7550 64.1350   89   88.3627 19.1202 4.8973 36.5967 225.2640 0.4580 0.6590   -9.9900
20055001 1993.319054 31.7550 64.1350   91   90.3480 19.1049 4.8959 36.5976 225.0570 0.4640 0.6310   -9.9900
20055001 1993.319054 31.7550 64.1350   93   92.3332 19.0802 4.8937 36.6009 224.1290 0.4730 0.6040   -9.9900
20055001 1993.319054 31.7550 64.1350   95   94.3184 19.0681 4.8927 36.6018 223.3890 0.4380 0.6050   -9.9900
20055001 1993.319054 31.7550 64.1350   97   96.3036 19.0602 4.8920 36.6023 222.9890 0.4380 0.5770   -9.9900
20055001 1993.319054 31.7550 64.1350   99   98.2888 19.0449 4.8904 36.6020 222.5760 0.4310 0.5670   -9.9900
20055001 1993.319054 31.7550 64.1350  101  100.2739 19.0264 4.8884 36.6008 222.2660 0.4250 0.5580   -9.9900
20055001 1993.319054 31.7550 64.1350  103  102.2590 19.0132 4.8872 36.6016 221.9620 0.4240 0.5230   -9.9900
20055001 1993.319054 31.7550 64.1350  105  104.2441 18.9973 4.8856 36.6010 221.8570 0.4170 0.4980   -9.9900
20055001 1993.319054 31.7550 64.1350  107  106.2292 18.9857 4.8846 36.6020 221.3720 0.4130 0.4800   -9.9900
20055001 1993.319054 31.7550 64.1350  109  108.2143 18.9753 4.8836 36.6019 220.7380 0.4150 0.4710   -9.9900
20055001 1993.319054 31.7550 64.1350  111  110.1993 18.9612 4.8821 36.6015 220.4600 0.4160 0.4620   -9.9900
20055001 1993.319054 31.7550 64.1350  113  112.1844 18.9375 4.8795 36.5997 220.5840 0.4140 0.4590   -9.9900
20055001 1993.319054 31.7550 64.1350  115  114.1694 18.9316 4.8793 36.6021 220.3540 0.4110 0.4520   -9.9900
20055001 1993.319054 31.7550 64.1350  117  116.1544 18.9292 4.8794 36.6044 220.5640 0.4070 0.4320   -9.9900
20055001 1993.319054 31.7550 64.1350  119  118.1393 18.9266 4.8792 36.6045 220.4630 0.4070 0.4250   -9.9900
20055001 1993.319054 31.7550 64.1350  121  120.1243 18.9211 4.8788 36.6048 220.4480 0.4050 0.4220   -9.9900
20055001 1993.319054 31.7550 64.1350  123  122.1092 18.9146 4.8782 36.6051 220.3560 0.4040 0.4160   -9.9900
20055001 1993.319054 31.7550 64.1350  125  124.0941 18.9010 4.8770 36.6057 220.1820 0.4020 0.4080   -9.9900
20055001 1993.319054 31.7550 64.1350  127  126.0790 18.8927 4.8761 36.6051 219.7640 0.4000 0.4010   -9.9900
20055001 1993.319054 31.7550 64.1350  129  128.0639 18.8880 4.8757 36.6048 219.3840 0.3990 0.3980   -9.9900
20055001 1993.319054 31.7550 64.1350  131  130.0488 18.8836 4.8753 36.6050 219.6660 0.4000 0.3980   -9.9900
20055001 1993.319054 31.7550 64.1350  133  132.0336 18.8781 4.8748 36.6046 219.6780 0.3990 0.3980   -9.9900
20055001 1993.319054 31.7550 64.1350  135  134.0184 18.8787 4.8749 36.6043 219.1280 0.3990 0.3970   -9.9900
20055001 1993.319054 31.7550 64.1350  137  136.0032 18.8697 4.8739 36.6032 218.8360 0.3990 0.3910   -9.9900
20055001 1993.319054 31.7550 64.1350  139  137.9880 18.8507 4.8716 36.5995 218.8500 0.3990 0.3940   -9.9900
20055001 1993.319054 31.7550 64.1350  141  139.9728 18.8313 4.8692 36.5962 218.7110 0.3990 0.3950   -9.9900
20055001 1993.319054 31.7550 64.1350  143  141.9575 18.8315 4.8697 36.5988 218.7520 0.3970 0.3920   -9.9900
20055001 1993.319054 31.7550 64.1350  145  143.9422 18.8396 4.8711 36.6030 218.8920 0.3970 0.3880   -9.9900
20055001 1993.319054 31.7550 64.1350  147  145.9269 18.8329 4.8705 36.6029 219.0930 0.3970 0.3830   -9.9900
20055001 1993.319054 31.7550 64.1350  149  147.9116 18.8274 4.8698 36.6010 218.4790 0.3970 0.3860   -9.9900
20055001 1993.319054 31.7550 64.1350  151  149.8963 18.8237 4.8693 36.5999 218.4570 0.3970 0.3860   -9.9900
20055001 1993.319054 31.7550 64.1350  153  151.8809 18.8199 4.8689 36.5988 218.5750 0.3970 0.3880   -9.9900
20055001 1993.319054 31.7550 64.1350  155  153.8656 18.8150 4.8683 36.5978 218.6260 0.3970 0.3850   -9.9900
20055001 1993.319054 31.7550 64.1350  157  155.8502 18.8086 4.8677 36.5969 218.4590 0.3970 0.3890   -9.9900
20055001 1993.319054 31.7550 64.1350  159  157.8348 18.8051 4.8674 36.5967 218.3590 0.3970 0.3900   -9.9900
20055001 1993.319054 31.7550 64.1350  161  159.8193 18.8082 4.8680 36.5988 218.5300 0.3970 0.3880   -9.9900
20055001 1993.319054 31.7550 64.1350  163  161.8039 18.8132 4.8690 36.6015 218.3470 0.3980 0.3870   -9.9900
20055001 1993.319054 31.7550 64.1350  165  163.7884 18.8133 4.8691 36.6020 218.6050 0.3970 0.3880   -9.9900
20055001 1993.319054 31.7550 64.1350  167  165.7729 18.8114 4.8690 36.6015 218.5380 0.3970 0.3890   -9.9900
20055001 1993.319054 31.7550 64.1350  169  167.7574 18.8089 4.8687 36.6008 218.7820 0.3970 0.3910   -9.9900
20055001 1993.319054 31.7550 64.1350  171  169.7419 18.8053 4.8683 36.5999 218.6300 0.3970 0.3900   -9.9900
20055001 1993.319054 31.7550 64.1350  173  171.7263 18.7999 4.8676 36.5984 218.4130 0.3970 0.3920   -9.9900
20055001 1993.319054 31.7550 64.1350  175  173.7108 18.7911 4.8666 36.5964 218.2660 0.3970 0.3860   -9.9900
20055001 1993.319054 31.7550 64.1350  177  175.6952 18.7891 4.8664 36.5960 218.3830 0.3970 0.3850   -9.9900
20055001 1993.319054 31.7550 64.1350  179  177.6796 18.7887 4.8665 36.5960 218.6170 0.3970 0.3890   -9.9900
20055001 1993.319054 31.7550 64.1350  181  179.6640 18.7881 4.8665 36.5958 218.5630 0.3970 0.3910   -9.9900
20055001 1993.319054 31.7550 64.1350  183  181.6483 18.7872 4.8665 36.5958 218.7220 0.3970 0.3900   -9.9900
20055001 1993.319054 31.7550 64.1350  185  183.6327 18.7872 4.8665 36.5958 218.4240 0.3970 0.3940   -9.9900
20055001 1993.319054 31.7550 64.1350  187  185.6170 18.7871 4.8666 36.5958 218.2630 0.3970 0.3920   -9.9900
20055001 1993.319054 31.7550 64.1350  189  187.6013 18.7874 4.8668 36.5959 218.3250 0.3970 0.3910   -9.9900
20055001 1993.319054 31.7550 64.1350  191  189.5856 18.7877 4.8669 36.5958 218.1600 0.3970 0.3950   -9.9900
20055001 1993.319054 31.7550 64.1350  193  191.5698 18.7881 4.8670 36.5959 218.2630 0.3970 0.3920   -9.9900
20055001 1993.319054 31.7550 64.1350  195  193.5541 18.7884 4.8671 36.5960 217.9650 0.3970 0.3930   -9.9900
20055001 1993.319054 31.7550 64.1350  197  195.5383 18.7887 4.8673 36.5961 218.2010 0.3970 0.3940   -9.9900
20055001 1993.319054 31.7550 64.1350  199  197.5225 18.7884 4.8673 36.5962 218.1100 0.3970 0.3960   -9.9900
20055001 1993.319054 31.7550 64.1350  201  199.5067 18.7877 4.8674 36.5964 218.3050 0.3970 0.3930   -9.9900
20055001 1993.319054 31.7550 64.1350  203  201.4908 18.7877 4.8675 36.5963 217.9660 0.3970 0.3890   -9.9900
20055001 1993.319054 31.7550 64.1350  205  203.4750 18.7880 4.8677 36.5971 218.2160 0.3970 0.3940   -9.9900
20055001 1993.319054 31.7550 64.1350  207  205.4591 18.7881 4.8678 36.5973 218.3600 0.3970 0.3950   -9.9900
20055001 1993.319054 31.7550 64.1350  209  207.4432 18.7880 4.8679 36.5975 218.4060 0.3970 0.3960   -9.9900
20055001 1993.319054 31.7550 64.1350  211  209.4273 18.7884 4.8681 36.5979 218.0260 0.3970 0.3950   -9.9900
20055001 1993.319054 31.7550 64.1350  213  211.4114 18.7853 4.8678 36.5974 218.1600 0.3970 0.3930   -9.9900
20055001 1993.319054 31.7550 64.1350  215  213.3954 18.7812 4.8674 36.5973 217.7030 0.3970 0.3940   -9.9900
20055001 1993.319054 31.7550 64.1350  217  215.3795 18.7740 4.8668 36.5973 217.5810 0.3970 0.3980   -9.9900
20055001 1993.319054 31.7550 64.1350  219  217.3635 18.7677 4.8662 36.5974 217.1090 0.3970 0.4010   -9.9900
20055001 1993.319054 31.7550 64.1350  221  219.3475 18.7643 4.8660 36.5976 217.0310 0.3970 0.3970   -9.9900
20055001 1993.319054 31.7550 64.1350  223  221.3314 18.7616 4.8659 36.5982 216.9030 0.3970 0.3940   -9.9900
20055001 1993.319054 31.7550 64.1350  225  223.3154 18.7613 4.8660 36.5988 216.6170 0.3970 0.3950   -9.9900
20055001 1993.319054 31.7550 64.1350  227  225.2993 18.7572 4.8658 36.6003 216.6130 0.3960 0.3960   -9.9900
20055001 1993.319054 31.7550 64.1350  229  227.2833 18.7528 4.8655 36.6007 216.5600 0.3960 0.3980   -9.9900
20055001 1993.319054 31.7550 64.1350  231  229.2671 18.7487 4.8652 36.6011 215.9720 0.3990 0.3960   -9.9900
20055001 1993.319054 31.7550 64.1350  233  231.2510 18.7414 4.8645 36.6007 215.7330 0.3960 0.3970   -9.9900
20055001 1993.319054 31.7550 64.1350  235  233.2349 18.7206 4.8622 36.5988 215.3190 0.3950 0.3960   -9.9900
20055001 1993.319054 31.7550 64.1350  237  235.2187 18.7167 4.8618 36.5980 215.0480 0.3960 0.4000   -9.9900
20055001 1993.319054 31.7550 64.1350  239  237.2025 18.7124 4.8613 36.5975 215.0320 0.3960 0.3990   -9.9900
20055001 1993.319054 31.7550 64.1350  241  239.1864 18.7120 4.8614 36.5973 214.8700 0.3960 0.3980   -9.9900
20055001 1993.319054 31.7550 64.1350  243  241.1701 18.7085 4.8611 36.5971 215.0700 0.3950 0.4030   -9.9900
20055001 1993.319054 31.7550 64.1350  245  243.1539 18.7065 4.8609 36.5967 214.7200 0.3960 0.4020   -9.9900
20055001 1993.319054 31.7550 64.1350  247  245.1376 18.7024 4.8605 36.5962 214.6610 0.3960 0.3950   -9.9900
20055001 1993.319054 31.7550 64.1350  249  247.1214 18.6989 4.8602 36.5958 214.7480 0.3970 0.3950   -9.9900
20055001 1993.319054 31.7550 64.1350  251  249.1051 18.6925 4.8596 36.5957 214.4570 0.3970 0.4000   -9.9900
20055001 1993.319054 31.7550 64.1350  253  251.0888 18.6632 4.8565 36.5953 214.1370 0.3960 0.4040   -9.9900
20055001 1993.319054 31.7550 64.1350  255  253.0724 18.6456 4.8547 36.5942 214.2710 0.3950 0.4050   -9.9900
20055001 1993.319054 31.7550 64.1350  257  255.0561 18.6310 4.8530 36.5927 214.0400 0.3940 0.4000   -9.9900
20055001 1993.319054 31.7550 64.1350  259  257.0397 18.6293 4.8530 36.5927 213.9860 0.3940 0.4000   -9.9900
20055001 1993.319054 31.7550 64.1350  261  259.0233 18.6215 4.8521 36.5912 213.9160 0.3940 0.3990   -9.9900
20055001 1993.319054 31.7550 64.1350  263  261.0069 18.6126 4.8510 36.5897 214.1330 0.3940 0.3990   -9.9900
20055001 1993.319054 31.7550 64.1350  265  262.9905 18.5902 4.8483 36.5852 214.4470 0.3940 0.4010   -9.9900
20055001 1993.319054 31.7550 64.1350  267  264.9740 18.5810 4.8471 36.5831 215.1200 0.3940 0.4000   -9.9900
20055001 1993.319054 31.7550 64.1350  269  266.9576 18.5686 4.8456 36.5802 215.4880 0.3940 0.3990   -9.9900
20055001 1993.319054 31.7550 64.1350  271  268.9411 18.5333 4.8410 36.5715 215.6950 0.3940 0.4010   -9.9900
20055001 1993.319054 31.7550 64.1350  273  270.9246 18.5165 4.8388 36.5671 215.6150 0.3940 0.4020   -9.9900
20055001 1993.319054 31.7550 64.1350  275  272.9081 18.5138 4.8385 36.5666 215.7610 0.3940 0.4030   -9.9900
20055001 1993.319054 31.7550 64.1350  277  274.8915 18.5122 4.8384 36.5664 215.8460 0.3940 0.3980   -9.9900
20055001 1993.319054 31.7550 64.1350  279  276.8750 18.5085 4.8380 36.5657 216.1010 0.3940 0.4030   -9.9900
20055001 1993.319054 31.7550 64.1350  281  278.8584 18.5027 4.8374 36.5650 216.1360 0.3940 0.4070   -9.9900
20055001 1993.319054 31.7550 64.1350  283  280.8418 18.4897 4.8360 36.5638 216.1320 0.3950 0.4070   -9.9900
20055001 1993.319054 31.7550 64.1350  285  282.8252 18.4893 4.8361 36.5643 215.9100 0.3940 0.4060   -9.9900
20055001 1993.319054 31.7550 64.1350  287  284.8085 18.4900 4.8363 36.5646 215.8650 0.3940 0.4040   -9.9900
20055001 1993.319054 31.7550 64.1350  289  286.7919 18.4881 4.8363 36.5649 215.6580 0.3940 0.4020   -9.9900
20055001 1993.319054 31.7550 64.1350  291  288.7752 18.4819 4.8355 36.5634 215.6550 0.3940 0.3980   -9.9900
20055001 1993.319054 31.7550 64.1350  293  290.7585 18.4724 4.8343 36.5604 215.9510 0.3940 0.4030   -9.9900
20055001 1993.319054 31.7550 64.1350  295  292.7418 18.4663 4.8335 36.5587 216.3210 0.3940 0.4050   -9.9900
20055001 1993.319054 31.7550 64.1350  297  294.7250 18.4506 4.8315 36.5544 216.8540 0.3940 0.4090   -9.9900
20055001 1993.319054 31.7550 64.1350  299  296.7083 18.4370 4.8297 36.5506 217.2650 0.3940 0.4090   -9.9900
20055001 1993.319054 31.7550 64.1350  301  298.6915 18.4261 4.8283 36.5481 217.6320 0.3940 0.4050   -9.9900
20055001 1993.319054 31.7550 64.1350  303  300.6747 18.4237 4.8281 36.5478 217.6880 0.3940 0.4040   -9.9900
20055001 1993.319054 31.7550 64.1350  305  302.6579 18.4166 4.8274 36.5467 217.4660 0.3940 0.4050   -9.9900
20055001 1993.319054 31.7550 64.1350  307  304.6411 18.4150 4.8274 36.5476 217.1860 0.3930 0.4050   -9.9900
20055001 1993.319054 31.7550 64.1350  309  306.6242 18.4141 4.8274 36.5478 217.1580 0.3930 0.4070   -9.9900
20055001 1993.319054 31.7550 64.1350  311  308.6074 18.4209 4.8286 36.5507 216.6310 0.3930 0.4070   -9.9900
20055001 1993.319054 31.7550 64.1350  313  310.5905 18.4251 4.8294 36.5531 216.1370 0.3930 0.4110   -9.9900
20055001 1993.319054 31.7550 64.1350  315  312.5736 18.4237 4.8293 36.5530 216.1120 0.3950 0.4090   -9.9900
20055001 1993.319054 31.7550 64.1350  317  314.5567 18.4208 4.8290 36.5524 216.0760 0.3930 0.4070   -9.9900
20055001 1993.319054 31.7550 64.1350  319  316.5397 18.4181 4.8288 36.5525 216.1620 0.3920 0.4040   -9.9900
20055001 1993.319054 31.7550 64.1350  321  318.5227 18.4121 4.8282 36.5519 216.1680 0.3920 0.4090   -9.9900
20055001 1993.319054 31.7550 64.1350  323  320.5058 18.4077 4.8278 36.5513 216.0390 0.3920 0.4100   -9.9900
20055001 1993.319054 31.7550 64.1350  325  322.4888 18.4050 4.8276 36.5511 216.3930 0.3920 0.4100   -9.9900
20055001 1993.319054 31.7550 64.1350  327  324.4717 18.4042 4.8276 36.5515 216.4960 0.3920 0.4070   -9.9900
20055001 1993.319054 31.7550 64.1350  329  326.4547 18.4002 4.8273 36.5513 216.1560 0.3920 0.4090   -9.9900
20055001 1993.319054 31.7550 64.1350  331  328.4376 18.3950 4.8267 36.5505 216.2030 0.3920 0.4120   -9.9900
20055001 1993.319054 31.7550 64.1350  333  330.4206 18.3911 4.8263 36.5498 215.9570 0.3920 0.4130   -9.9900
20055001 1993.319054 31.7550 64.1350  335  332.4035 18.3912 4.8266 36.5513 215.6130 0.3920 0.4140   -9.9900
20055001 1993.319054 31.7550 64.1350  337  334.3864 18.3894 4.8265 36.5512 215.5320 0.3930 0.4130   -9.9900
20055001 1993.319054 31.7550 64.1350  339  336.3692 18.3872 4.8264 36.5513 215.2950 0.3920 0.4140   -9.9900
20055001 1993.319054 31.7550 64.1350  341  338.3521 18.3861 4.8264 36.5517 215.0640 0.3920 0.4130   -9.9900
20055001 1993.319054 31.7550 64.1350  343  340.3349 18.3891 4.8271 36.5548 214.1280 0.3920 0.4120   -9.9900
20055001 1993.319054 31.7550 64.1350  345  342.3177 18.3829 4.8266 36.5547 213.7610 0.3920 0.4170   -9.9900
20055001 1993.319054 31.7550 64.1350  347  344.3005 18.3774 4.8260 36.5540 213.3620 0.3920 0.4170   -9.9900
20055001 1993.319054 31.7550 64.1350  349  346.2833 18.3765 4.8262 36.5557 212.1960 0.3920 0.4100   -9.9900
20055001 1993.319054 31.7550 64.1350  351  348.2660 18.3758 4.8263 36.5568 211.7210 0.3920 0.4140   -9.9900
20055001 1993.319054 31.7550 64.1350  353  350.2487 18.3726 4.8261 36.5566 210.6780 0.3920 0.4160   -9.9900
20055001 1993.319054 31.7550 64.1350  355  352.2315 18.3567 4.8242 36.5541 210.4180 0.3920 0.4170   -9.9900
20055001 1993.319054 31.7550 64.1350  357  354.2141 18.3427 4.8226 36.5522 210.1570 0.3930 0.4180   -9.9900
20055001 1993.319054 31.7550 64.1350  359  356.1968 18.3300 4.8212 36.5510 209.9740 0.3930 0.4180   -9.9900
20055001 1993.319054 31.7550 64.1350  361  358.1795 18.3157 4.8198 36.5510 209.3960 0.3930 0.4230   -9.9900
20055001 1993.319054 31.7550 64.1350  363  360.1621 18.3050 4.8188 36.5512 208.7250 0.3920 0.4210   -9.9900
20055001 1993.319054 31.7550 64.1350  365  362.1447 18.3003 4.8184 36.5511 207.6780 0.3920 0.4170   -9.9900
20055001 1993.319054 31.7550 64.1350  367  364.1273 18.2873 4.8170 36.5499 206.4150 0.3920 0.4160   -9.9900
20055001 1993.319054 31.7550 64.1350  369  366.1099 18.2774 4.8159 36.5489 204.5160 0.3920 0.4170   -9.9900
20055001 1993.319054 31.7550 64.1350  371  368.0925 18.2503 4.8128 36.5458 203.4580 0.3920 0.4180   -9.9900
20055001 1993.319054 31.7550 64.1350  373  370.0750 18.2275 4.8101 36.5421 202.4000 0.3910 0.4200   -9.9900
20055001 1993.319054 31.7550 64.1350  375  372.0575 18.2242 4.8098 36.5417 201.5920 0.3910 0.4220   -9.9900
20055001 1993.319054 31.7550 64.1350  377  374.0400 18.2245 4.8100 36.5420 201.6070 0.3910 0.4200   -9.9900
20055001 1993.319054 31.7550 64.1350  379  376.0225 18.2217 4.8098 36.5421 201.7500 0.3900 0.4190   -9.9900
20055001 1993.319054 31.7550 64.1350  381  378.0050 18.2143 4.8090 36.5411 201.7600 0.3900 0.4210   -9.9900
20055001 1993.319054 31.7550 64.1350  383  379.9874 18.1866 4.8056 36.5361 201.8580 0.3920 0.4180   -9.9900
20055001 1993.319054 31.7550 64.1350  385  381.9699 18.1578 4.8020 36.5306 201.6950 0.3900 0.4190   -9.9900
20055001 1993.319054 31.7550 64.1350  387  383.9523 18.1494 4.8010 36.5285 201.7760 0.3900 0.4200   -9.9900
20055001 1993.319054 31.7550 64.1350  389  385.9346 18.1439 4.8008 36.5310 203.2990 0.3900 0.4200   -9.9900
20055001 1993.319054 31.7550 64.1350  391  387.9170 18.1584 4.8033 36.5386 205.5780 0.3900 0.4200   -9.9900
20055001 1993.319054 31.7550 64.1350  393  389.8994 18.1577 4.8035 36.5403 206.5970 0.3900 0.4180   -9.9900
20055001 1993.319054 31.7550 64.1350  395  391.8817 18.1698 4.8057 36.5470 209.3200 0.3910 0.4160   -9.9900
20055001 1993.319054 31.7550 64.1350  397  393.8640 18.1769 4.8070 36.5510 210.4690 0.3920 0.4170   -9.9900
20055001 1993.319054 31.7550 64.1350  399  395.8463 18.1790 4.8074 36.5526 211.7610 0.3920 0.4200   -9.9900
20055001 1993.319054 31.7550 64.1350  401  397.8286 18.1769 4.8072 36.5520 212.6740 0.3920 0.4220   -9.9900
20055001 1993.319054 31.7550 64.1350  403  399.8108 18.1768 4.8073 36.5521 212.7500 0.3920 0.4240   -9.9900
20055001 1993.319054 31.7550 64.1350  405  401.7931 18.1766 4.8074 36.5521 213.3590 0.3920 0.4270   -9.9900
20055001 1993.319054 31.7550 64.1350  407  403.7753 18.1712 4.8068 36.5510 213.6270 0.3920 0.4260   -9.9900
20055001 1993.319054 31.7550 64.1350  409  405.7575 18.1684 4.8065 36.5502 213.5780 0.3920 0.4230   -9.9900
20055001 1993.319054 31.7550 64.1350  411  407.7397 18.1678 4.8065 36.5499 213.2150 0.3910 0.4190   -9.9900
20055001 1993.319054 31.7550 64.1350  413  409.7218 18.1681 4.8066 36.5499 212.9570 0.3910 0.4200   -9.9900
20055001 1993.319054 31.7550 64.1350  415  411.7040 18.1410 4.8032 36.5440 212.1350 0.3910 0.4240   -9.9900
20055001 1993.319054 31.7550 64.1350  417  413.6861 18.1283 4.8015 36.5403 210.6680 0.3900 0.4300   -9.9900
20055001 1993.319054 31.7550 64.1350  419  415.6682 18.1169 4.8001 36.5377 209.6430 0.3900 0.4270   -9.9900
20055001 1993.319054 31.7550 64.1350  421  417.6503 18.1024 4.7983 36.5346 208.4380 0.3900 0.4250   -9.9900
20055001 1993.319054 31.7550 64.1350  423  419.6323 18.0752 4.7949 36.5290 207.0880 0.3900 0.4230   -9.9900
20055001 1993.319054 31.7550 64.1350  425  421.6144 18.0666 4.7939 36.5268 205.3430 0.3900 0.4240   -9.9900
20055001 1993.319054 31.7550 64.1350  427  423.5964 18.0413 4.7907 36.5213 204.4800 0.3900 0.4270   -9.9900
20055001 1993.319054 31.7550 64.1350  429  425.5784 18.0160 4.7876 36.5163 203.5960 0.3900 0.4280   -9.9900
20055001 1993.319054 31.7550 64.1350  431  427.5604 17.9913 4.7845 36.5116 202.8160 0.3900 0.4270   -9.9900
20055001 1993.319054 31.7550 64.1350  433  429.5424 17.9719 4.7822 36.5079 202.2350 0.3900 0.4220   -9.9900
20055001 1993.319054 31.7550 64.1350  435  431.5243 17.9608 4.7809 36.5060 201.6630 0.3900 0.4240   -9.9900
20055001 1993.319054 31.7550 64.1350  437  433.5063 17.9517 4.7798 36.5044 201.2150 0.3900 0.4270   -9.9900
20055001 1993.319054 31.7550 64.1350  439  435.4882 17.9445 4.7791 36.5034 201.2940 0.3900 0.4250   -9.9900
20055001 1993.319054 31.7550 64.1350  441  437.4701 17.9396 4.7787 36.5043 202.3010 0.3900 0.4280   -9.9900
20055001 1993.319054 31.7550 64.1350  443  439.4519 17.9294 4.7776 36.5024 202.6220 0.3900 0.4260   -9.9900
20055001 1993.319054 31.7550 64.1350  445  441.4338 17.9168 4.7761 36.5002 202.1960 0.3900 0.4300   -9.9900
20055001 1993.319054 31.7550 64.1350  447  443.4156 17.8985 4.7739 36.4968 202.1530 0.3900 0.4320   -9.9900
20055001 1993.319054 31.7550 64.1350  449  445.3974 17.8934 4.7733 36.4959 202.1730 0.3900 0.4340   -9.9900
20055001 1993.319054 31.7550 64.1350  451  447.3792 17.8619 4.7696 36.4909 202.0920 0.3900 0.4340   -9.9900
20055001 1993.319054 31.7550 64.1350  453  449.3610 17.8285 4.7654 36.4846 201.4420 0.3900 0.4360   -9.9900
20055001 1993.319054 31.7550 64.1350  455  451.3428 17.8031 4.7623 36.4799 200.5330 0.3900 0.4330   -9.9900
20055001 1993.319054 31.7550 64.1350  457  453.3245 17.7913 4.7609 36.4774 200.4050 0.3900 0.4340   -9.9900
20055001 1993.319054 31.7550 64.1350  459  455.3062 17.7745 4.7589 36.4743 200.3680 0.3900 0.4370   -9.9900
20055001 1993.319054 31.7550 64.1350  461  457.2879 17.7441 4.7552 36.4687 200.0070 0.3900 0.4350   -9.9900
20055001 1993.319054 31.7550 64.1350  463  459.2696 17.7281 4.7532 36.4654 199.4150 0.3890 0.4340   -9.9900
20055001 1993.319054 31.7550 64.1350  465  461.2513 17.7103 4.7512 36.4627 199.3130 0.3880 0.4290   -9.9900
20055001 1993.319054 31.7550 64.1350  467  463.2329 17.6835 4.7478 36.4571 199.0370 0.3890 0.4350   -9.9900
20055001 1993.319054 31.7550 64.1350  469  465.2146 17.6405 4.7425 36.4490 198.8480 0.3900 0.4380   -9.9900
20055001 1993.319054 31.7550 64.1350  471  467.1962 17.6200 4.7401 36.4453 198.2930 0.3900 0.4370   -9.9900
20055001 1993.319054 31.7550 64.1350  473  469.1778 17.5927 4.7367 36.4397 197.9990 0.3900 0.4380   -9.9900
20055001 1993.319054 31.7550 64.1350  475  471.1593 17.5741 4.7344 36.4364 197.8300 0.3890 0.4380   -9.9900
20055001 1993.319054 31.7550 64.1350  477  473.1409 17.5485 4.7313 36.4314 197.4590 0.3880 0.4380   -9.9900
20055001 1993.319054 31.7550 64.1350  479  475.1224 17.5245 4.7285 36.4277 197.0920 0.3900 0.4380   -9.9900
20055001 1993.319054 31.7550 64.1350  481  477.1039 17.4959 4.7250 36.4226 196.7660 0.3890 0.4390   -9.9900
20055001 1993.319054 31.7550 64.1350  483  479.0854 17.4810 4.7232 36.4197 196.7720 0.3880 0.4390   -9.9900
20055001 1993.319054 31.7550 64.1350  485  481.0669 17.4784 4.7230 36.4195 196.7540 0.3890 0.4400   -9.9900
20055001 1993.319054 31.7550 64.1350  487  483.0484 17.4725 4.7224 36.4185 196.6180 0.3880 0.4420   -9.9900
20055001 1993.319054 31.7550 64.1350  489  485.0298 17.4502 4.7197 36.4147 196.5110 0.3880 0.4420   -9.9900
20055001 1993.319054 31.7550 64.1350  491  487.0112 17.4195 4.7160 36.4090 195.8460 0.3880 0.4380   -9.9900
20055001 1993.319054 31.7550 64.1350  493  488.9926 17.3846 4.7117 36.4026 194.9030 0.3880 0.4400   -9.9900
20055001 1993.319054 31.7550 64.1350  495  490.9740 17.3651 4.7094 36.3988 194.0640 0.3880 0.4400   -9.9900
20055001 1993.319054 31.7550 64.1350  497  492.9553 17.3065 4.7023 36.3890 192.6080 0.3880 0.4390   -9.9900
20055001 1993.319054 31.7550 64.1350  499  494.9367 17.2560 4.6960 36.3790 191.5540 0.3880 0.4420   -9.9900
20055001 1993.319054 31.7550 64.1350  501  496.9180 17.2292 4.6927 36.3736 190.6780 0.3880 0.4450   -9.9900
20055001 1993.319054 31.7550 64.1350  503  498.8993 17.2077 4.6902 36.3699 190.6390 0.3880 0.4460   -9.9900
20055001 1993.319054 31.7550 64.1350  505  500.8806 17.1753 4.6863 36.3647 189.8220 0.3880 0.4430   -9.9900
20055002 1993.319336 31.7790 64.1760    4    3.9722 19.8992 4.9695 36.5472 229.2370 0.4340 0.4480   -9.9900
20055002 1993.319336 31.7790 64.1760    6    5.9582 19.8998 4.9696 36.5473 229.0470 0.4320 0.4460   -9.9900
20055002 1993.319336 31.7790 64.1760    8    7.9443 19.9012 4.9699 36.5476 229.2690 0.4330 0.4280   -9.9900
20055002 1993.319336 31.7790 64.1760   10    9.9303 19.9038 4.9703 36.5482 229.5020 0.4300 0.4270   -9.9900
20055002 1993.319336 31.7790 64.1760   12   11.9163 19.9048 4.9705 36.5481 229.5180 0.4310 0.4270   -9.9900
20055002 1993.319336 31.7790 64.1760   14   13.9023 19.9045 4.9706 36.5479 229.3700 0.4290 0.4240   -9.9900
20055002 1993.319336 31.7790 64.1760   16   15.8882 19.9051 4.9707 36.5479 229.3680 0.4300 0.4250   -9.9900
20055002 1993.319336 31.7790 64.1760   18   17.8742 19.9037 4.9706 36.5473 229.4320 0.4320 0.4280   -9.9900
20055002 1993.319336 31.7790 64.1760   20   19.8601 19.8987 4.9700 36.5460 229.5480 0.4300 0.4250   -9.9900
20055002 1993.319336 31.7790 64.1760   22   21.8460 19.8990 4.9701 36.5459 229.2690 0.4320 0.4220   -9.9900
20055002 1993.319336 31.7790 64.1760   24   23.8319 19.8988 4.9702 36.5463 229.4610 0.4310 0.4250   -9.9900
20055002 1993.319336 31.7790 64.1760   26   25.8177 19.8994 4.9704 36.5463 229.5040 0.4320 0.4250   -9.9900
20055002 1993.319336 31.7790 64.1760   28   27.8036 19.9005 4.9706 36.5468 229.5240 0.4320 0.4300   -9.9900
20055002 1993.319336 31.7790 64.1760   30   29.7894 19.9001 4.9707 36.5469 229.4830 0.4360 0.4240   -9.9900
20055002 1993.319336 31.7790 64.1760   32   31.7752 19.9039 4.9713 36.5476 229.4950 0.4320 0.4270   -9.9900
20055002 1993.319336 31.7790 64.1760   34   33.7610 19.9016 4.9711 36.5477 229.4960 0.4370 0.4220   -9.9900
20055002 1993.319336 31.7790 64.1760   36   35.7468 19.9038 4.9714 36.5477 229.3710 0.4330 0.4250   -9.9900
20055002 1993.319336 31.7790 64.1760   38   37.7325 19.9044 4.9717 36.5481 229.7040 0.4340 0.4230   -9.9900
20055002 1993.319336 31.7790 64.1760   40   39.7182 19.9031 4.9716 36.5483 229.4910 0.4340 0.4220   -9.9900
20055002 1993.319336 31.7790 64.1760   42   41.7039 19.9040 4.9718 36.5486 229.3110 0.4330 0.4230   -9.9900
20055002 1993.319336 31.7790 64.1760   44   43.6896 19.9033 4.9719 36.5487 229.3850 0.4340 0.4260   -9.9900
20055002 1993.319336 31.7790 64.1760   46   45.6753 19.9149 4.9738 36.5540 229.1910 0.4340 0.4240   -9.9900
20055002 1993.319336 31.7790 64.1760   48   47.6610 19.9259 4.9758 36.5596 229.1910 0.4340 0.4230   -9.9900
20055002 1993.319336 31.7790 64.1760   50   49.6466 19.9273 4.9760 36.5599 229.2620 0.4320 0.4260   -9.9900
20055002 1993.319336 31.7790 64.1760   52   51.6322 19.9318 4.9769 36.5625 229.3080 0.4340 0.4360   -9.9900
20055002 1993.319336 31.7790 64.1760   54   53.6178 19.9423 4.9788 36.5681 229.3870 0.4320 0.4390   -9.9900
20055002 1993.319336 31.7790 64.1760   56   55.6034 19.9605 4.9824 36.5811 229.1500 0.4320 0.4410   -9.9900
20055002 1993.319336 31.7790 64.1760   58   57.5889 19.9545 4.9822 36.5845 228.8340 0.4330 0.4480   -9.9900
20055002 1993.319336 31.7790 64.1760   60   59.5745 19.9419 4.9812 36.5858 228.9300 0.4310 0.4510   -9.9900
20055002 1993.319336 31.7790 64.1760   62   61.5600 19.9292 4.9803 36.5888 228.9180 0.4330 0.4590   -9.9900
20055002 1993.319336 31.7790 64.1760   64   63.5455 19.8854 4.9759 36.5902 228.5040 0.4340 0.4620   -9.9900
20055002 1993.319336 31.7790 64.1760   66   65.5309 19.8359 4.9713 36.5943 228.4280 0.4350 0.4710   -9.9900
20055002 1993.319336 31.7790 64.1760   68   67.5164 19.7853 4.9662 36.5956 228.2850 0.4360 0.4800   -9.9900
20055002 1993.319336 31.7790 64.1760   70   69.5018 19.7467 4.9624 36.5972 228.1590 0.4410 0.4890   -9.9900
20055002 1993.319336 31.7790 64.1760   72   71.4873 19.6421 4.9513 36.5960 228.3290 0.4450 0.5050   -9.9900
20055002 1993.319336 31.7790 64.1760   74   73.4727 19.5447 4.9404 36.5896 228.3240 0.4510 0.5400   -9.9900
20055002 1993.319336 31.7790 64.1760   76   75.4581 19.4331 4.9282 36.5849 228.1750 0.4440 0.5540   -9.9900
20055002 1993.319336 31.7790 64.1760   78   77.4434 19.3964 4.9244 36.5850 227.8340 0.4450 0.5450   -9.9900
20055002 1993.319336 31.7790 64.1760   80   79.4288 19.3014 4.9147 36.5864 227.2700 0.4450 0.5520   -9.9900
20055002 1993.319336 31.7790 64.1760   82   81.4141 19.2407 4.9085 36.5870 226.7850 0.4410 0.5630   -9.9900
20055002 1993.319336 31.7790 64.1760   84   83.3994 19.2181 4.9064 36.5889 226.3910 0.4380 0.5730   -9.9900
20055002 1993.319336 31.7790 64.1760   86   85.3847 19.1916 4.9040 36.5913 226.1690 0.4390 0.5790   -9.9900
20055002 1993.319336 31.7790 64.1760   88   87.3699 19.1436 4.8994 36.5942 225.3600 0.4460 0.5770   -9.9900
20055002 1993.319336 31.7790 64.1760   90   89.3552 19.1046 4.8955 36.5955 224.9530 0.4430 0.5650   -9.9900
20055002 1993.319336 31.7790 64.1760   92   91.3404 19.0963 4.8950 36.5974 224.7530 0.4460 0.5570   -9.9900
20055002 1993.319336 31.7790 64.1760   94   93.3256 19.0936 4.8949 36.5981 224.2310 0.4470 0.5450   -9.9900
20055002 1993.319336 31.7790 64.1760   96   95.3108 19.0920 4.8948 36.5985 224.1430 0.4460 0.5470   -9.9900
20055002 1993.319336 31.7790 64.1760   98   97.2960 19.0883 4.8945 36.5985 223.9200 0.4430 0.5400   -9.9900
20055002 1993.319336 31.7790 64.1760  100   99.2811 19.0778 4.8935 36.5984 223.5560 0.4350 0.5230   -9.9900
20055002 1993.319336 31.7790 64.1760  102  101.2663 19.0597 4.8917 36.5986 222.5840 0.4230 0.4990   -9.9900
20055002 1993.319336 31.7790 64.1760  104  103.2514 19.0475 4.8905 36.5982 221.7720 0.4190 0.4800   -9.9900
20055002 1993.319336 31.7790 64.1760  106  105.2365 19.0392 4.8896 36.5976 221.8070 0.4200 0.4790   -9.9900
20055002 1993.319336 31.7790 64.1760  108  107.2215 19.0313 4.8888 36.5970 221.5500 0.4180 0.4750   -9.9900
20055002 1993.319336 31.7790 64.1760  110  109.2066 19.0116 4.8869 36.5971 221.2710 0.4160 0.4680   -9.9900
20055002 1993.319336 31.7790 64.1760  112  111.1916 18.9926 4.8850 36.5975 220.8420 0.4150 0.4600   -9.9900
20055002 1993.319336 31.7790 64.1760  114  113.1767 18.9791 4.8838 36.5986 219.8540 0.4140 0.4530   -9.9900
20055002 1993.319336 31.7790 64.1760  116  115.1616 18.9634 4.8823 36.5990 219.6340 0.4120 0.4530   -9.9900
20055002 1993.319336 31.7790 64.1760  118  117.1466 18.9467 4.8807 36.5993 219.7340 0.4080 0.4470   -9.9900
20055002 1993.319336 31.7790 64.1760  120  119.1316 18.9412 4.8802 36.5993 219.4620 0.4070 0.4430   -9.9900
20055002 1993.319336 31.7790 64.1760  122  121.1165 18.9391 4.8801 36.5999 219.4480 0.4070 0.4380   -9.9900
20055002 1993.319336 31.7790 64.1760  124  123.1014 18.9367 4.8800 36.6004 219.4380 0.4070 0.4380   -9.9900
20055002 1993.319336 31.7790 64.1760  126  125.0863 18.9280 4.8794 36.6021 219.4340 0.4050 0.4320   -9.9900
20055002 1993.319336 31.7790 64.1760  128  127.0712 18.9044 4.8770 36.6018 218.5850 0.4040 0.4720   -9.9900
20055002 1993.319336 31.7790 64.1760  130  129.0561 18.8864 4.8749 36.5992 217.9840 0.4040 0.4350   -9.9900
20055002 1993.319336 31.7790 64.1760  132  131.0409 18.8800 4.8742 36.5980 217.7040 0.4030 0.4210   -9.9900
20055002 1993.319336 31.7790 64.1760  134  133.0258 18.8773 4.8739 36.5979 217.7400 0.4040 0.4190   -9.9900
20055002 1993.319336 31.7790 64.1760  136  135.0106 18.8710 4.8733 36.5975 217.5120 0.4050 0.4200   -9.9900
20055002 1993.319336 31.7790 64.1760  138  136.9953 18.8624 4.8724 36.5967 217.3130 0.4040 0.4200   -9.9900
20055002 1993.319336 31.7790 64.1760  140  138.9801 18.8611 4.8724 36.5969 216.8000 0.4030 0.4170   -9.9900
20055002 1993.319336 31.7790 64.1760  142  140.9649 18.8581 4.8722 36.5970 216.9630 0.4030 0.4130   -9.9900
20055002 1993.319336 31.7790 64.1760  144  142.9496 18.8565 4.8722 36.5980 217.5740 0.4020 0.4170   -9.9900
20055002 1993.319336 31.7790 64.1760  146  144.9343 18.8554 4.8723 36.5990 217.5060 0.4010 0.4120   -9.9900
20055002 1993.319336 31.7790 64.1760  148  146.9190 18.8563 4.8726 36.6000 217.1330 0.4010 0.4070   -9.9900
20055002 1993.319336 31.7790 64.1760  150  148.9037 18.8584 4.8732 36.6023 216.7490 0.3990 0.4080   -9.9900
20055002 1993.319336 31.7790 64.1760  152  150.8883 18.8580 4.8735 36.6040 217.4600 0.3990 0.4040   -9.9900
20055002 1993.319336 31.7790 64.1760  154  152.8729 18.8552 4.8733 36.6046 217.3670 0.3980 0.3980   -9.9900
20055002 1993.319336 31.7790 64.1760  156  154.8576 18.8538 4.8733 36.6051 217.1480 0.3970 0.3970   -9.9900
20055002 1993.319336 31.7790 64.1760  158  156.8422 18.8530 4.8733 36.6050 217.7070 0.3970 0.3960   -9.9900
20055002 1993.319336 31.7790 64.1760  160  158.8267 18.8497 4.8730 36.6047 217.3930 0.3970 0.3990   -9.9900
20055002 1993.319336 31.7790 64.1760  162  160.8113 18.8482 4.8730 36.6046 217.4360 0.3970 0.3980   -9.9900
20055002 1993.319336 31.7790 64.1760  164  162.7958 18.8435 4.8725 36.6044 217.4080 0.3970 0.3970   -9.9900
20055002 1993.319336 31.7790 64.1760  166  164.7803 18.8282 4.8707 36.6020 217.1910 0.3970 0.3960   -9.9900
20055002 1993.319336 31.7790 64.1760  168  166.7648 18.8149 4.8691 36.5994 216.8780 0.3970 0.3970   -9.9900
20055002 1993.319336 31.7790 64.1760  170  168.7493 18.8126 4.8690 36.5993 216.5820 0.3970 0.3980   -9.9900
20055002 1993.319336 31.7790 64.1760  172  170.7338 18.8079 4.8685 36.5986 216.6700 0.3970 0.4000   -9.9900
20055002 1993.319336 31.7790 64.1760  174  172.7182 18.8011 4.8677 36.5976 216.6370 0.3970 0.3980   -9.9900
20055002 1993.319336 31.7790 64.1760  176  174.7026 18.7966 4.8672 36.5966 216.9070 0.3970 0.4000   -9.9900
20055002 1993.319336 31.7790 64.1760  178  176.6870 18.7955 4.8672 36.5965 217.2840 0.3970 0.3990   -9.9900
20055002 1993.319336 31.7790 64.1760  180  178.6714 18.7941 4.8671 36.5965 217.4500 0.3970 0.3980   -9.9900
20055002 1993.319336 31.7790 64.1760  182  180.6558 18.7934 4.8672 36.5969 217.1590 0.3970 0.4000   -9.9900
20055002 1993.319336 31.7790 64.1760  184  182.6401 18.7925 4.8672 36.5968 216.9200 0.3970 0.3990   -9.9900
20055002 1993.319336 31.7790 64.1760  186  184.6244 18.7917 4.8672 36.5967 216.7670 0.3970 0.4010   -9.9900
20055002 1993.319336 31.7790 64.1760  188  186.6088 18.7910 4.8672 36.5965 216.4630 0.3970 0.3980   -9.9900
20055002 1993.319336 31.7790 64.1760  190  188.5930 18.7908 4.8673 36.5967 216.9190 0.3970 0.3950   -9.9900
20055002 1993.319336 31.7790 64.1760  192  190.5773 18.7903 4.8673 36.5971 217.0700 0.3970 0.3990   -9.9900
20055002 1993.319336 31.7790 64.1760  194  192.5616 18.7930 4.8679 36.5984 217.1610 0.3970 0.4010   -9.9900
20055002 1993.319336 31.7790 64.1760  196  194.5458 18.7941 4.8682 36.5991 216.9480 0.3970 0.3980   -9.9900
20055002 1993.319336 31.7790 64.1760  198  196.5300 18.7956 4.8685 36.5998 216.9400 0.3970 0.3990   -9.9900
20055002 1993.319336 31.7790 64.1760  200  198.5142 18.7927 4.8682 36.5991 217.1580 0.3970 0.3980   -9.9900
20055002 1993.319336 31.7790 64.1760  202  200.4984 18.7893 4.8678 36.5983 216.7390 0.3970 0.3990   -9.9900
20055002 1993.319336 31.7790 64.1760  204  202.4825 18.7931 4.8685 36.5999 216.1290 0.3970 0.4010   -9.9900
20055002 1993.319336 31.7790 64.1760  206  204.4666 18.7994 4.8696 36.6025 216.8250 0.3970 0.4020   -9.9900
20055002 1993.319336 31.7790 64.1760  208  206.4508 18.8053 4.8705 36.6046 217.3200 0.3970 0.4030   -9.9900
20055002 1993.319336 31.7790 64.1760  210  208.4349 18.8149 4.8721 36.6088 216.5100 0.3970 0.4020   -9.9900
20055002 1993.319336 31.7790 64.1760  212  210.4189 18.8162 4.8724 36.6095 216.0820 0.3970 0.4020   -9.9900
20055002 1993.319336 31.7790 64.1760  214  212.4030 18.8161 4.8725 36.6094 216.9560 0.3970 0.4020   -9.9900
20055002 1993.319336 31.7790 64.1760  216  214.3870 18.7996 4.8704 36.6056 216.7320 0.3960 0.4040   -9.9900
20055002 1993.319336 31.7790 64.1760  218  216.3710 18.7720 4.8669 36.5998 216.1120 0.3960 0.4070   -9.9900
20055002 1993.319336 31.7790 64.1760  220  218.3550 18.7527 4.8646 36.5969 215.6210 0.3970 0.4090   -9.9900
20055002 1993.319336 31.7790 64.1760  222  220.3390 18.7441 4.8639 36.5975 215.0490 0.3970 0.4050   -9.9900
20055002 1993.319336 31.7790 64.1760  224  222.3230 18.7417 4.8637 36.5973 214.4230 0.3970 0.4040   -9.9900
20055002 1993.319336 31.7790 64.1760  226  224.3069 18.7347 4.8629 36.5961 213.9150 0.3970 0.4010   -9.9900
20055002 1993.319336 31.7790 64.1760  228  226.2908 18.7297 4.8625 36.5962 213.7620 0.3970 0.4040   -9.9900
20055002 1993.319336 31.7790 64.1760  230  228.2748 18.7231 4.8620 36.5968 213.8370 0.3960 0.4020   -9.9900
20055002 1993.319336 31.7790 64.1760  232  230.2586 18.7087 4.8605 36.5967 213.4360 0.3970 0.4060   -9.9900
20055002 1993.319336 31.7790 64.1760  234  232.2425 18.6945 4.8590 36.5952 213.3650 0.3960 0.4040   -9.9900
20055002 1993.319336 31.7790 64.1760  236  234.2263 18.6921 4.8588 36.5948 213.4290 0.3960 0.4040   -9.9900
20055002 1993.319336 31.7790 64.1760  238  236.2102 18.6881 4.8584 36.5946 213.4550 0.3970 0.4020   -9.9900
20055002 1993.319336 31.7790 64.1760  240  238.1940 18.6717 4.8566 36.5929 213.3570 0.3970 0.4060   -9.9900
20055002 1993.319336 31.7790 64.1760  242  240.1778 18.6574 4.8550 36.5912 213.6300 0.3970 0.4100   -9.9900
20055002 1993.319336 31.7790 64.1760  244  242.1615 18.6483 4.8540 36.5903 213.7080 0.3970 0.4100   -9.9900
20055002 1993.319336 31.7790 64.1760  246  244.1453 18.6398 4.8531 36.5897 212.9910 0.3950 0.4120   -9.9900
20055002 1993.319336 31.7790 64.1760  248  246.1290 18.6303 4.8521 36.5886 213.0990 0.3950 0.4090   -9.9900
20055002 1993.319336 31.7790 64.1760  250  248.1127 18.6104 4.8496 36.5846 213.8730 0.3940 0.4140   -9.9900
20055002 1993.319336 31.7790 64.1760  252  250.0964 18.5860 4.8466 36.5795 214.0340 0.3940 0.4150   -9.9900
20055003 1993.319663 31.7830 64.1840    5    4.9652 20.0515 4.9892 36.5774  -9.9900 0.4410 0.4410   -9.9900
20055003 1993.319663 31.7830 64.1840    7    6.9512 20.0525 4.9908 36.5889  -9.9900 0.4370 0.4370   -9.9900
20055003 1993.319663 31.7830 64.1840    9    8.9373 20.0528 4.9922 36.5990  -9.9900 0.4390 0.4300   -9.9900
20055003 1993.319663 31.7830 64.1840   11   10.9233 20.0537 4.9924 36.5995  -9.9900 0.4360 0.4260   -9.9900
20055003 1993.319663 31.7830 64.1840   13   12.9093 20.0539 4.9927 36.6012  -9.9900 0.4400 0.4260   -9.9900
20055003 1993.319663 31.7830 64.1840   15   14.8952 20.0539 4.9929 36.6018  -9.9900 0.4360 0.4260   -9.9900
20055003 1993.319663 31.7830 64.1840   17   16.8812 20.0544 4.9932 36.6028  -9.9900 0.4370 0.4190   -9.9900
20055003 1993.319663 31.7830 64.1840   19   18.8671 20.0544 4.9935 36.6047  -9.9900 0.4380 0.4190   -9.9900
20055003 1993.319663 31.7830 64.1840   21   20.8530 20.0527 4.9933 36.6039  -9.9900 0.4370 0.4170   -9.9900
20055003 1993.319663 31.7830 64.1840   23   22.8389 20.0543 4.9936 36.6044  -9.9900 0.4370 0.4160   -9.9900
20055003 1993.319663 31.7830 64.1840   25   24.8248 20.0543 4.9937 36.6044  -9.9900 0.4360 0.4210   -9.9900
20055003 1993.319663 31.7830 64.1840   27   26.8106 20.0544 4.9938 36.6044  -9.9900 0.4430 0.4160   -9.9900
20055003 1993.319663 31.7830 64.1840   29   28.7965 20.0546 4.9939 36.6043  -9.9900 0.4370 0.4140   -9.9900
20055003 1993.319663 31.7830 64.1840   31   30.7823 20.0552 4.9940 36.6042 227.8630 0.4380 0.4170   -9.9900
20055003 1993.319663 31.7830 64.1840   33   32.7681 20.0547 4.9941 36.6042 228.1330 0.4370 0.4180   -9.9900
20055003 1993.319663 31.7830 64.1840   35   34.7539 20.0547 4.9942 36.6042 228.6610 0.4370 0.4190   -9.9900
20055003 1993.319663 31.7830 64.1840   37   36.7396 20.0540 4.9941 36.6036 228.8550 0.4380 0.4230   -9.9900
20055003 1993.319663 31.7830 64.1840   39   38.7254 20.0555 4.9944 36.6039 228.5250 0.4390 0.4260   -9.9900
20055003 1993.319663 31.7830 64.1840   41   40.7111 20.0567 4.9946 36.6040 228.4910 0.4390 0.4260   -9.9900
20055003 1993.319663 31.7830 64.1840   43   42.6968 20.0577 4.9949 36.6045 228.5980 0.4410 0.4250   -9.9900
20055003 1993.319663 31.7830 64.1840   45   44.6825 20.0582 4.9950 36.6046 228.7320 0.4380 0.4230   -9.9900
20055003 1993.319663 31.7830 64.1840   47   46.6681 20.0586 4.9952 36.6045 228.9280 0.4390 0.4240   -9.9900
20055003 1993.319663 31.7830 64.1840   49   48.6538 20.0578 4.9951 36.6042 228.9170 0.4390 0.4270   -9.9900
20055003 1993.319663 31.7830 64.1840   51   50.6394 20.0583 4.9953 36.6045 228.9230 0.4380 0.4310   -9.9900
20055003 1993.319663 31.7830 64.1840   53   52.6250 20.0569 4.9953 36.6050 229.0810 0.4400 0.4280   -9.9900
20055003 1993.319663 31.7830 64.1840   55   54.6106 20.0764 4.9989 36.6169 228.9730 0.4370 0.4320   -9.9900
20055003 1993.319663 31.7830 64.1840   57   56.5961 20.0835 5.0004 36.6225 228.9830 0.4360 0.4400   -9.9900
20055003 1993.319663 31.7830 64.1840   59   58.5817 20.0853 5.0010 36.6247 229.0200 0.4380 0.4440   -9.9900
20055003 1993.319663 31.7830 64.1840   61   60.5672 20.0880 5.0018 36.6282 228.9670 0.4370 0.4440   -9.9900
20055003 1993.319663 31.7830 64.1840   63   62.5527 20.0872 5.0022 36.6319 228.9590 0.4370 0.4440   -9.9900
20055003 1993.319663 31.7830 64.1840   65   64.5382 20.0861 5.0023 36.6329 228.9570 0.4370 0.4460   -9.9900
20055003 1993.319663 31.7830 64.1840   67   66.5237 20.0772 5.0014 36.6319 229.0970 0.4360 0.4490   -9.9900
20055003 1993.319663 31.7830 64.1840   69   68.5091 20.0581 4.9991 36.6291 228.8950 0.4370 0.4530   -9.9900
20055003 1993.319663 31.7830 64.1840   71   70.4945 19.9923 4.9910 36.6188 228.7860 0.4370 0.4590   -9.9900
20055003 1993.319663 31.7830 64.1840   73   72.4799 19.8803 4.9776 36.6055 228.6730 0.4400 0.4680   -9.9900
20055003 1993.319663 31.7830 64.1840   75   74.4653 19.7619 4.9643 36.5976 228.5550 0.4460 0.4920   -9.9900
20055003 1993.319663 31.7830 64.1840   77   76.4507 19.6160 4.9484 36.5929 228.3230 0.4500 0.5080   -9.9900
20055003 1993.319663 31.7830 64.1840   79   78.4361 19.5192 4.9375 36.5863 228.5820 0.4460 0.5250   -9.9900
20055003 1993.319663 31.7830 64.1840   81   80.4214 19.4113 4.9266 36.5895 228.3630 0.4490 0.5400   -9.9900
20055003 1993.319663 31.7830 64.1840   83   82.4067 19.3008 4.9147 36.5859 228.2530 0.4520 0.5580   -9.9900
20055003 1993.319663 31.7830 64.1840   85   84.3920 19.2614 4.9106 36.5858 228.0850 0.4440 0.5550   -9.9900
20055003 1993.319663 31.7830 64.1840   87   86.3773 19.2336 4.9081 36.5881 227.8890 0.4420 0.5470   -9.9900
20055003 1993.319663 31.7830 64.1840   89   88.3625 19.1958 4.9045 36.5906 227.3520 0.4440 0.5410   -9.9900
20055003 1993.319663 31.7830 64.1840   91   90.3478 19.1604 4.9011 36.5927 226.8550 0.4420 0.5400   -9.9900
20055003 1993.319663 31.7830 64.1840   93   92.3330 19.1288 4.8982 36.5952 226.7420 0.4450 0.5460   -9.9900
20055003 1993.319663 31.7830 64.1840   95   94.3182 19.1060 4.8961 36.5970 226.2630 0.4480 0.5460   -9.9900
20055003 1993.319663 31.7830 64.1840   97   96.3034 19.0985 4.8954 36.5975 225.8940 0.4480 0.5390   -9.9900
20055003 1993.319663 31.7830 64.1840   99   98.2885 19.0825 4.8939 36.5980 225.5330 0.4440 0.5390   -9.9900
20055003 1993.319663 31.7830 64.1840  101  100.2737 19.0507 4.8907 36.5983 224.3190 0.4270 0.5120   -9.9900
20055003 1993.319663 31.7830 64.1840  103  102.2588 19.0346 4.8890 36.5976 223.8140 0.4230 0.4930   -9.9900
20055003 1993.319663 31.7830 64.1840  105  104.2439 19.0271 4.8883 36.5971 223.4300 0.4210 0.4760   -9.9900
20055003 1993.319663 31.7830 64.1840  107  106.2290 19.0130 4.8868 36.5966 223.5120 0.4190 0.4680   -9.9900
20055003 1993.319663 31.7830 64.1840  109  108.2140 19.0058 4.8862 36.5969 223.3950 0.4180 0.4600   -9.9900
20055003 1993.319663 31.7830 64.1840  111  110.1991 18.9938 4.8851 36.5973 222.9620 0.4170 0.4590   -9.9900
20055003 1993.319663 31.7830 64.1840  113  112.1841 18.9883 4.8846 36.5974 222.7010 0.4170 0.4530   -9.9900
20055003 1993.319663 31.7830 64.1840  115  114.1691 18.9825 4.8841 36.5976 222.4790 0.4150 0.4500   -9.9900
20055003 1993.319663 31.7830 64.1840  117  116.1541 18.9720 4.8832 36.5986 222.2290 0.4140 0.4510   -9.9900
20055003 1993.319663 31.7830 64.1840  119  118.1391 18.9611 4.8822 36.5992 222.5070 0.4130 0.4430   -9.9900
20055003 1993.319663 31.7830 64.1840  121  120.1240 18.9460 4.8808 36.6001 222.3320 0.4110 0.4380   -9.9900
20055003 1993.319663 31.7830 64.1840  123  122.1089 18.9386 4.8802 36.6004 221.8510 0.4100 0.4350   -9.9900
20055003 1993.319663 31.7830 64.1840  125  124.0939 18.9365 4.8800 36.6002 221.6610 0.4100 0.4310   -9.9900
20055003 1993.319663 31.7830 64.1840  127  126.0787 18.9310 4.8796 36.6007 221.6240 0.4090 0.4300   -9.9900
20055003 1993.319663 31.7830 64.1840  129  128.0636 18.9242 4.8790 36.6013 221.6200 0.4070 0.4280   -9.9900
20055003 1993.319663 31.7830 64.1840  131  130.0485 18.9006 4.8765 36.6000 221.4880 0.4070 0.4260   -9.9900
20055003 1993.319663 31.7830 64.1840  133  132.0333 18.8893 4.8753 36.5988 221.2090 0.4070 0.4260   -9.9900
20055003 1993.319663 31.7830 64.1840  135  134.0181 18.8899 4.8754 36.5990 220.9180 0.4080 0.4260   -9.9900
20055003 1993.319663 31.7830 64.1840  137  136.0029 18.8902 4.8756 36.5992 220.4010 0.4080 0.4230   -9.9900
20055003 1993.319663 31.7830 64.1840  139  137.9877 18.8899 4.8757 36.5994 220.3040 0.4070 0.4210   -9.9900
20055003 1993.319663 31.7830 64.1840  141  139.9724 18.8810 4.8749 36.6000 220.3850 0.4060 0.4250   -9.9900
20055003 1993.319663 31.7830 64.1840  143  141.9572 18.8759 4.8744 36.5998 220.5950 0.4050 0.4150   -9.9900
20055003 1993.319663 31.7830 64.1840  145  143.9419 18.8750 4.8745 36.6000 220.5560 0.4040 0.4090   -9.9900
20055003 1993.319663 31.7830 64.1840  147  145.9266 18.8724 4.8744 36.6013 220.7900 0.4030 0.4070   -9.9900
20055003 1993.319663 31.7830 64.1840  149  147.9113 18.8622 4.8733 36.6003 220.3750 0.4030 0.4000   -9.9900
20055003 1993.319663 31.7830 64.1840  151  149.8959 18.8585 4.8729 36.5991 220.2830 0.4030 0.3990   -9.9900
20055003 1993.319663 31.7830 64.1840  153  151.8806 18.8562 4.8727 36.5986 220.4010 0.4030 0.4020   -9.9900
20055003 1993.319663 31.7830 64.1840  155  153.8652 18.8503 4.8721 36.5983 220.1400 0.4030 0.4050   -9.9900
20055003 1993.319663 31.7830 64.1840  157  155.8498 18.8446 4.8717 36.5990 220.0340 0.4020 0.4010   -9.9900
20055003 1993.319663 31.7830 64.1840  159  157.8344 18.8454 4.8719 36.5995 220.2530 0.4010 0.4030   -9.9900
20055003 1993.319663 31.7830 64.1840  161  159.8190 18.8471 4.8724 36.6009 220.3430 0.4020 0.3970   -9.9900
20055003 1993.319663 31.7830 64.1840  163  161.8035 18.8450 4.8725 36.6029 220.0410 0.4010 0.4000   -9.9900
20055003 1993.319663 31.7830 64.1840  165  163.7880 18.8397 4.8719 36.6025 219.9090 0.4010 0.3980   -9.9900
20055003 1993.319663 31.7830 64.1840  167  165.7725 18.8419 4.8723 36.6031 220.1450 0.4010 0.3970   -9.9900
20055003 1993.319663 31.7830 64.1840  169  167.7570 18.8472 4.8733 36.6059 219.9590 0.4010 0.3940   -9.9900
20055003 1993.319663 31.7830 64.1840  171  169.7415 18.8481 4.8736 36.6066 219.9990 0.4010 0.3960   -9.9900
20055003 1993.319663 31.7830 64.1840  173  171.7259 18.8483 4.8738 36.6071 220.5020 0.4000 0.3990   -9.9900
20055003 1993.319663 31.7830 64.1840  175  173.7104 18.8482 4.8739 36.6074 220.1790 0.4010 0.4030   -9.9900
20055003 1993.319663 31.7830 64.1840  177  175.6948 18.8462 4.8737 36.6073 220.0190 0.4010 0.4020   -9.9900
20055003 1993.319663 31.7830 64.1840  179  177.6792 18.8447 4.8738 36.6084 219.8430 0.4000 0.3950   -9.9900
20055003 1993.319663 31.7830 64.1840  181  179.6635 18.8445 4.8739 36.6089 219.4640 0.4010 0.3990   -9.9900
20055003 1993.319663 31.7830 64.1840  183  181.6479 18.8425 4.8738 36.6087 219.7560 0.4000 0.3990   -9.9900
20055003 1993.319663 31.7830 64.1840  185  183.6322 18.8364 4.8731 36.6075 219.7960 0.4000 0.4030   -9.9900
20055003 1993.319663 31.7830 64.1840  187  185.6165 18.8370 4.8734 36.6087 220.1010 0.3990 0.4000   -9.9900
20055003 1993.319663 31.7830 64.1840  189  187.6008 18.8438 4.8746 36.6121 220.3940 0.4000 0.4010   -9.9900
20055003 1993.319663 31.7830 64.1840  191  189.5851 18.8405 4.8743 36.6114 220.3140 0.4000 0.3980   -9.9900
20055003 1993.319663 31.7830 64.1840  193  191.5694 18.8214 4.8717 36.6063 220.3020 0.3990 0.3990   -9.9900
20055003 1993.319663 31.7830 64.1840  195  193.5536 18.8207 4.8717 36.6059 220.2470 0.3990 0.3970   -9.9900
20055003 1993.319663 31.7830 64.1840  197  195.5378 18.8407 4.8749 36.6143 220.4170 0.3990 0.3980   -9.9900
20055003 1993.319663 31.7830 64.1840  199  197.5220 18.8391 4.8748 36.6146 220.2920 0.3990 0.3970   -9.9900
20055003 1993.319663 31.7830 64.1840  201  199.5062 18.8230 4.8727 36.6100 220.2900 0.3990 0.4000   -9.9900
20055003 1993.319663 31.7830 64.1840  203  201.4904 18.8132 4.8714 36.6067 220.0290 0.3990 0.4030   -9.9900
20055003 1993.319663 31.7830 64.1840  205  203.4745 18.8117 4.8712 36.6059 220.0580 0.3990 0.3920   -9.9900
20055003 1993.319663 31.7830 64.1840  207  205.4586 18.8108 4.8712 36.6057 220.1240 0.4000 0.3980   -9.9900
20055004 1993.321062 32.1700 64.5020    6    5.9580 20.4742 5.0507 36.7139 225.6740 0.4350 0.3960   -9.9900
20055004 1993.321062 32.1700 64.5020    8    7.9440 20.4739 5.0507 36.7137 225.8500 0.4350 0.3910   -9.9900
20055004 1993.321062 32.1700 64.5020   10    9.9300 20.4743 5.0508 36.7137 226.0630 0.4350 0.3860   -9.9900
20055004 1993.321062 32.1700 64.5020   12   11.9159 20.4745 5.0509 36.7136 225.8660 0.4340 0.3860   -9.9900
20055004 1993.321062 32.1700 64.5020   14   13.9018 20.4757 5.0511 36.7134 226.2110 0.4350 0.3870   -9.9900
20055004 1993.321062 32.1700 64.5020   16   15.8877 20.4762 5.0513 36.7134 226.1290 0.4350 0.3850   -9.9900
20055004 1993.321062 32.1700 64.5020   18   17.8736 20.4758 5.0513 36.7135 226.4190 0.4350 0.3840   -9.9900
20055004 1993.321062 32.1700 64.5020   20   19.8594 20.4754 5.0513 36.7132 226.4780 0.4350 0.3870   -9.9900
20055004 1993.321062 32.1700 64.5020   22   21.8453 20.4759 5.0515 36.7134 226.4540 0.4360 0.3870   -9.9900
20055004 1993.321062 32.1700 64.5020   24   23.8311 20.4768 5.0517 36.7134 226.3700 0.4360 0.3880   -9.9900
20055004 1993.321062 32.1700 64.5020   26   25.8169 20.4789 5.0520 36.7134 226.3950 0.4360 0.3890   -9.9900
20055004 1993.321062 32.1700 64.5020   28   27.8027 20.4806 5.0523 36.7136 226.3750 0.4360 0.3860   -9.9900
20055004 1993.321062 32.1700 64.5020   30   29.7884 20.4818 5.0525 36.7135 226.4550 0.4360 0.3890   -9.9900
20055004 1993.321062 32.1700 64.5020   32   31.7742 20.4818 5.0526 36.7136 226.3250 0.4370 0.3880   -9.9900
20055004 1993.321062 32.1700 64.5020   34   33.7599 20.4819 5.0527 36.7135 226.2260 0.4370 0.3870   -9.9900
20055004 1993.321062 32.1700 64.5020   36   35.7456 20.4805 5.0526 36.7133 226.1980 0.4370 0.3860   -9.9900
20055004 1993.321062 32.1700 64.5020   38   37.7313 20.4783 5.0524 36.7131 226.1870 0.4380 0.3920   -9.9900
20055004 1993.321062 32.1700 64.5020   40   39.7169 20.4813 5.0529 36.7135 226.1670 0.4380 0.3910   -9.9900
20055004 1993.321062 32.1700 64.5020   42   41.7026 20.4810 5.0530 36.7135 226.2760 0.4380 0.3880   -9.9900
20055004 1993.321062 32.1700 64.5020   44   43.6882 20.3036 5.0306 36.6839 226.5450 0.4450 0.3880   -9.9900
20055004 1993.321062 32.1700 64.5020   46   45.6738 20.1606 5.0125 36.6592 226.8240 0.4500 0.3940   -9.9900
20055004 1993.321062 32.1700 64.5020   48   47.6594 20.1213 5.0085 36.6595 226.6400 0.4520 0.3960   -9.9900
20055004 1993.321062 32.1700 64.5020   50   49.6450 20.1274 5.0104 36.6693 226.6650 0.4490 0.4000   -9.9900
20055004 1993.321062 32.1700 64.5020   52   51.6305 20.1295 5.0112 36.6730 226.5780 0.4490 0.3990   -9.9900
20055004 1993.321062 32.1700 64.5020   54   53.6161 20.1315 5.0118 36.6752 226.5900 0.4490 0.4020   -9.9900
20055004 1993.321062 32.1700 64.5020   56   55.6016 20.1339 5.0124 36.6777 226.5810 0.4490 0.4040   -9.9900
20055004 1993.321062 32.1700 64.5020   58   57.5871 20.1353 5.0130 36.6803 226.6570 0.4470 0.4060   -9.9900
20055004 1993.321062 32.1700 64.5020   60   59.5725 20.1402 5.0141 36.6845 226.6340 0.4470 0.4120   -9.9900
20055004 1993.321062 32.1700 64.5020   62   61.5580 20.1423 5.0146 36.6860 226.8110 0.4470 0.4100   -9.9900
20055004 1993.321062 32.1700 64.5020   64   63.5434 20.1428 5.0148 36.6862 226.6600 0.4470 0.4140   -9.9900
20055004 1993.321062 32.1700 64.5020   66   65.5288 20.1423 5.0147 36.6858 226.5690 0.4460 0.4090   -9.9900
20055004 1993.321062 32.1700 64.5020   68   67.5142 20.1422 5.0148 36.6859 226.4160 0.4460 0.4090   -9.9900
20055004 1993.321062 32.1700 64.5020   70   69.4996 20.1425 5.0150 36.6861 226.1520 0.4450 0.4110   -9.9900
20055004 1993.321062 32.1700 64.5020   72   71.4850 20.1425 5.0151 36.6861 226.0210 0.4470 0.4180   -9.9900
20055004 1993.321062 32.1700 64.5020   74   73.4703 20.1421 5.0151 36.6862 225.9860 0.4470 0.4150   -9.9900
20055004 1993.321062 32.1700 64.5020   76   75.4556 20.1412 5.0151 36.6862 225.9790 0.4470 0.4150   -9.9900
20055004 1993.321062 32.1700 64.5020   78   77.4409 20.1411 5.0152 36.6859 225.7700 0.4460 0.4130   -9.9900
20055004 1993.321062 32.1700 64.5020   80   79.4262 20.1412 5.0153 36.6859 225.8540 0.4460 0.4080   -9.9900
20055004 1993.321062 32.1700 64.5020   82   81.4114 20.1357 5.0147 36.6855 225.9140 0.4470 0.4080   -9.9900
20055004 1993.321062 32.1700 64.5020   84   83.3967 20.0922 5.0096 36.6808 225.6810 0.4470 0.4170   -9.9900
20055004 1993.321062 32.1700 64.5020   86   85.3819 19.9274 4.9901 36.6630 225.5240 0.4540 0.4350   -9.9900
20055004 1993.321062 32.1700 64.5020   88   87.3671 19.8699 4.9834 36.6565 225.0590 0.4570 0.4550   -9.9900
20055004 1993.321062 32.1700 64.5020   90   89.3523 19.8195 4.9788 36.6616 224.7320 0.4550 0.4650   -9.9900
20055004 1993.321062 32.1700 64.5020   92   91.3375 19.8400 4.9845 36.6909 224.2860 0.4460 0.4680   -9.9900
20055004 1993.321062 32.1700 64.5020   94   93.3226 19.7708 4.9768 36.6864 223.8620 0.4460 0.4720   -9.9900
20055004 1993.321062 32.1700 64.5020   96   95.3077 19.6761 4.9660 36.6788 223.5170 0.4500 0.4760   -9.9900
20055004 1993.321062 32.1700 64.5020   98   97.2928 19.6028 4.9574 36.6713 223.0690 0.4500 0.4930   -9.9900
20055004 1993.321062 32.1700 64.5020  100   99.2779 19.5601 4.9521 36.6636 222.8190 0.4470 0.5030   -9.9900
20055004 1993.321062 32.1700 64.5020  102  101.2630 19.5541 4.9514 36.6626 222.7670 0.4470 0.5070   -9.9900
20055004 1993.321062 32.1700 64.5020  104  103.2480 19.5422 4.9500 36.6609 222.4950 0.4450 0.5090   -9.9900
20055004 1993.321062 32.1700 64.5020  106  105.2331 19.4881 4.9437 36.6549 222.3870 0.4400 0.5090   -9.9900
20055004 1993.321062 32.1700 64.5020  108  107.2181 19.4724 4.9420 36.6535 222.3290 0.4380 0.4970   -9.9900
20055004 1993.321062 32.1700 64.5020  110  109.2031 19.4708 4.9419 36.6538 222.1610 0.4380 0.4920   -9.9900
20055004 1993.321062 32.1700 64.5020  112  111.1880 19.4649 4.9414 36.6535 221.9300 0.4370 0.4860   -9.9900
20055004 1993.321062 32.1700 64.5020  114  113.1730 19.4562 4.9404 36.6522 221.6610 0.4370 0.4830   -9.9900
20055004 1993.321062 32.1700 64.5020  116  115.1579 19.4440 4.9390 36.6507 221.2030 0.4360 0.4790   -9.9900
20055004 1993.321062 32.1700 64.5020  118  117.1428 19.4134 4.9356 36.6486 221.1940 0.4340 0.4730   -9.9900
20055004 1993.321062 32.1700 64.5020  120  119.1277 19.4001 4.9341 36.6470 221.1000 0.4300 0.4710   -9.9900
20055004 1993.321062 32.1700 64.5020  122  121.1126 19.3835 4.9328 36.6497 221.3350 0.4270 0.4620   -9.9900
20055004 1993.321062 32.1700 64.5020  124  123.0975 19.3765 4.9321 36.6496 220.9830 0.4270 0.4540   -9.9900
20055004 1993.321062 32.1700 64.5020  126  125.0823 19.3479 4.9286 36.6449 220.1510 0.4250 0.4490   -9.9900
20055004 1993.321062 32.1700 64.5020  128  127.0671 19.3228 4.9255 36.6401 219.4240 0.4230 0.4430   -9.9900
20055004 1993.321062 32.1700 64.5020  130  129.0519 19.3203 4.9253 36.6401 219.7340 0.4230 0.4400   -9.9900
20055004 1993.321062 32.1700 64.5020  132  131.0367 19.3164 4.9253 36.6428 219.6890 0.4220 0.4360   -9.9900
20055004 1993.321062 32.1700 64.5020  134  133.0214 19.3183 4.9261 36.6471 219.7260 0.4220 0.4340   -9.9900
20055004 1993.321062 32.1700 64.5020  136  135.0062 19.2980 4.9237 36.6441 219.1590 0.4200 0.4350   -9.9900
20055004 1993.321062 32.1700 64.5020  138  136.9909 19.2676 4.9198 36.6373 218.9020 0.4180 0.4280   -9.9900
20055004 1993.321062 32.1700 64.5020  140  138.9756 19.2561 4.9183 36.6341 218.6530 0.4180 0.4270   -9.9900
20055004 1993.321062 32.1700 64.5020  142  140.9603 19.2448 4.9169 36.6319 217.9320 0.4180 0.4250   -9.9900
20055004 1993.321062 32.1700 64.5020  144  142.9450 19.2406 4.9165 36.6314 217.3020 0.4170 0.4220   -9.9900
20055004 1993.321062 32.1700 64.5020  146  144.9296 19.2418 4.9168 36.6319 217.5150 0.4190 0.4250   -9.9900
20055004 1993.321062 32.1700 64.5020  148  146.9142 19.2371 4.9164 36.6320 217.6420 0.4190 0.4260   -9.9900
20055004 1993.321062 32.1700 64.5020  150  148.8988 19.2071 4.9130 36.6292 217.3140 0.4180 0.4250   -9.9900
20055004 1993.321062 32.1700 64.5020  152  150.8834 19.1905 4.9112 36.6278 216.9620 0.4180 0.4220   -9.9900
20055004 1993.321062 32.1700 64.5020  154  152.8680 19.1637 4.9079 36.6233 217.1890 0.4180 0.4260   -9.9900
20055004 1993.321062 32.1700 64.5020  156  154.8525 19.1348 4.9042 36.6165 217.9870 0.4170 0.4250   -9.9900
20055004 1993.321062 32.1700 64.5020  158  156.8371 19.1345 4.9042 36.6165 217.9680 0.4180 0.4210   -9.9900
20055004 1993.321062 32.1700 64.5020  160  158.8216 19.1336 4.9042 36.6164 218.1660 0.4180 0.4180   -9.9900
20055004 1993.321062 32.1700 64.5020  162  160.8061 19.1362 4.9046 36.6163 218.2580 0.4180 0.4230   -9.9900
20055004 1993.321062 32.1700 64.5020  164  162.7905 19.1366 4.9047 36.6162 218.4800 0.4190 0.4240   -9.9900
20055004 1993.321062 32.1700 64.5020  166  164.7750 19.1338 4.9044 36.6154 218.1380 0.4190 0.4200   -9.9900
20055004 1993.321062 32.1700 64.5020  168  166.7594 19.1159 4.9022 36.6123 217.9560 0.4210 0.4240   -9.9900
20055004 1993.321062 32.1700 64.5020  170  168.7438 19.0841 4.8984 36.6074 217.8150 0.4230 0.4260   -9.9900
20055004 1993.321062 32.1700 64.5020  172  170.7282 19.0698 4.8970 36.6072 217.9660 0.4240 0.4300   -9.9900
20055004 1993.321062 32.1700 64.5020  174  172.7126 19.0703 4.8975 36.6103 217.7670 0.4190 0.4280   -9.9900
20055004 1993.321062 32.1700 64.5020  176  174.6970 19.0891 4.9006 36.6190 217.7160 0.4140 0.4260   -9.9900
20055004 1993.321062 32.1700 64.5020  178  176.6813 19.0921 4.9013 36.6217 218.1360 0.4110 0.4070   -9.9900
20055004 1993.321062 32.1700 64.5020  180  178.6656 19.0830 4.9002 36.6199 218.1460 0.4110 0.3970   -9.9900
20055004 1993.321062 32.1700 64.5020  182  180.6499 19.0483 4.8957 36.6117 217.5960 0.4150 0.4010   -9.9900
20055004 1993.321062 32.1700 64.5020  184  182.6342 19.0205 4.8921 36.6052 216.6520 0.4200 0.4140   -9.9900
20055004 1993.321062 32.1700 64.5020  186  184.6185 18.9958 4.8890 36.6004 216.5490 0.4240 0.4310   -9.9900
20055004 1993.321062 32.1700 64.5020  188  186.6027 19.0013 4.8905 36.6072 216.6780 0.4190 0.4340   -9.9900
20055004 1993.321062 32.1700 64.5020  190  188.5869 19.0042 4.8913 36.6107 216.6370 0.4140 0.4240   -9.9900
20055004 1993.321062 32.1700 64.5020  192  190.5711 18.9949 4.8904 36.6103 216.3630 0.4140 0.4160   -9.9900
20055004 1993.321062 32.1700 64.5020  194  192.5553 18.9605 4.8860 36.6036 216.0050 0.4160 0.4120   -9.9900
20055004 1993.321062 32.1700 64.5020  196  194.5395 18.9364 4.8831 36.5989 215.8140 0.4210 0.4230   -9.9900
20055004 1993.321062 32.1700 64.5020  198  196.5236 18.9282 4.8823 36.5993 216.2570 0.4190 0.4310   -9.9900
20055004 1993.321062 32.1700 64.5020  200  198.5078 18.9184 4.8814 36.5994 216.0980 0.4190 0.4290   -9.9900
20055004 1993.321062 32.1700 64.5020  202  200.4919 18.8931 4.8785 36.5969 215.2090 0.4210 0.4330   -9.9900
20055004 1993.321062 32.1700 64.5020  204  202.4760 18.8792 4.8770 36.5954 215.1600 0.4180 0.4330   -9.9900
20055004 1993.321062 32.1700 64.5020  206  204.4600 18.8711 4.8762 36.5949 215.5890 0.4160 0.4230   -9.9900
20055004 1993.321062 32.1700 64.5020  208  206.4441 18.8686 4.8761 36.5959 215.5700 0.4160 0.4200   -9.9900
20055004 1993.321062 32.1700 64.5020  210  208.4281 18.8544 4.8749 36.5974 215.4300 0.4140 0.4150   -9.9900
20055004 1993.321062 32.1700 64.5020  212  210.4121 18.8190 4.8709 36.5940 215.9410 0.4140 0.4150   -9.9900
20055004 1993.321062 32.1700 64.5020  214  212.3961 18.7747 4.8656 36.5877 216.3210 0.4140 0.4170   -9.9900
20055004 1993.321062 32.1700 64.5020  216  214.3801 18.7383 4.8612 36.5821 216.4080 0.4150 0.4180   -9.9900
20055004 1993.321062 32.1700 64.5020  218  216.3640 18.7294 4.8602 36.5811 216.4200 0.4140 0.4130   -9.9900
20055004 1993.321062 32.1700 64.5020  220  218.3480 18.7158 4.8586 36.5782 217.0260 0.4160 0.4110   -9.9900
20055004 1993.321062 32.1700 64.5020  222  220.3319 18.6936 4.8561 36.5765 217.1020 0.4160 0.4120   -9.9900
20055004 1993.321062 32.1700 64.5020  224  222.3158 18.6714 4.8536 36.5738 217.1640 0.4140 0.4110   -9.9900
20055004 1993.321062 32.1700 64.5020  226  224.2997 18.6532 4.8515 36.5714 217.1460 0.4140 0.4080   -9.9900
20055004 1993.321062 32.1700 64.5020  228  226.2835 18.6517 4.8514 36.5711 217.3430 0.4140 0.4120   -9.9900
20055004 1993.321062 32.1700 64.5020  230  228.2674 18.6453 4.8507 36.5706 217.4470 0.4140 0.4120   -9.9900
20055004 1993.321062 32.1700 64.5020  232  230.2512 18.6335 4.8496 36.5703 216.8170 0.4130 0.4100   -9.9900
20055004 1993.321062 32.1700 64.5020  234  232.2350 18.6179 4.8478 36.5684 216.9900 0.4120 0.4090   -9.9900
20055004 1993.321062 32.1700 64.5020  236  234.2188 18.6135 4.8474 36.5684 216.9700 0.4110 0.4060   -9.9900
20055004 1993.321062 32.1700 64.5020  238  236.2025 18.6117 4.8474 36.5692 216.8910 0.4100 0.4080   -9.9900
20055004 1993.321062 32.1700 64.5020  240  238.1863 18.6086 4.8472 36.5692 216.7700 0.4100 0.4060   -9.9900
20055004 1993.321062 32.1700 64.5020  242  240.1700 18.6047 4.8468 36.5690 216.9660 0.4100 0.4050   -9.9900
20055004 1993.321062 32.1700 64.5020  244  242.1537 18.6036 4.8468 36.5689 216.7380 0.4100 0.4000   -9.9900
20055004 1993.321062 32.1700 64.5020  246  244.1374 18.6014 4.8466 36.5685 216.9640 0.4100 0.3970   -9.9900
20055004 1993.321062 32.1700 64.5020  248  246.1210 18.5992 4.8464 36.5682 216.7670 0.4080 0.4010   -9.9900
20055004 1993.321062 32.1700 64.5020  250  248.1047 18.5979 4.8464 36.5680 217.0430 0.4080 0.4000   -9.9900
20055004 1993.321062 32.1700 64.5020  252  250.0883 18.5979 4.8465 36.5681 217.0270 0.4070 0.4010   -9.9900
20055004 1993.321062 32.1700 64.5020  254  252.0719 18.5978 4.8465 36.5681 216.6650 0.4070 0.4050   -9.9900
20055004 1993.321062 32.1700 64.5020  256  254.0555 18.5971 4.8465 36.5678 216.4870 0.4080 0.4060   -9.9900
20055004 1993.321062 32.1700 64.5020  258  256.0391 18.5969 4.8466 36.5677 216.3550 0.4070 0.4060   -9.9900
20055004 1993.321062 32.1700 64.5020  260  258.0226 18.5946 4.8464 36.5674 216.6670 0.4070 0.4000   -9.9900
20055004 1993.321062 32.1700 64.5020  262  260.0062 18.5927 4.8463 36.5677 217.0100 0.4070 0.4030   -9.9900
20055004 1993.321062 32.1700 64.5020  264  261.9897 18.5918 4.8463 36.5679 216.7940 0.4070 0.4060   -9.9900
20055004 1993.321062 32.1700 64.5020  266  263.9732 18.5921 4.8465 36.5682 217.2820 0.4070 0.4050   -9.9900
20055004 1993.321062 32.1700 64.5020  268  265.9567 18.5912 4.8466 36.5689 216.8200 0.4070 0.4050   -9.9900
20055004 1993.321062 32.1700 64.5020  270  267.9401 18.5814 4.8457 36.5693 216.5430 0.4070 0.4030   -9.9900
20055004 1993.321062 32.1700 64.5020  272  269.9236 18.5685 4.8442 36.5671 216.8340 0.4070 0.4050   -9.9900
20055004 1993.321062 32.1700 64.5020  274  271.9070 18.5655 4.8441 36.5683 216.9640 0.4060 0.4040   -9.9900
20055004 1993.321062 32.1700 64.5020  276  273.8904 18.5735 4.8455 36.5725 216.4730 0.4070 0.4020   -9.9900
20055004 1993.321062 32.1700 64.5020  278  275.8738 18.5779 4.8463 36.5742 216.2430 0.4070 0.4060   -9.9900
20055004 1993.321062 32.1700 64.5020  280  277.8571 18.5847 4.8474 36.5773 215.7450 0.4070 0.4060   -9.9900
20055004 1993.321062 32.1700 64.5020  282  279.8405 18.5907 4.8484 36.5797 215.2230 0.4070 0.4070   -9.9900
20055004 1993.321062 32.1700 64.5020  284  281.8238 18.5892 4.8485 36.5810 215.2400 0.4070 0.4100   -9.9900
20055004 1993.321062 32.1700 64.5020  286  283.8071 18.5873 4.8485 36.5816 215.1900 0.4070 0.4070   -9.9900
20055004 1993.321062 32.1700 64.5020  288  285.7904 18.5799 4.8479 36.5829 214.4700 0.4070 0.4040   -9.9900
20055004 1993.321062 32.1700 64.5020  290  287.7736 18.5670 4.8468 36.5839 213.5500 0.4070 0.4030   -9.9900
20055004 1993.321062 32.1700 64.5020  292  289.7569 18.5443 4.8444 36.5829 211.9240 0.4070 0.3990   -9.9900
20055004 1993.321062 32.1700 64.5020  294  291.7401 18.5155 4.8407 36.5765 212.7540 0.4070 0.4030   -9.9900
20055004 1993.321062 32.1700 64.5020  296  293.7233 18.4772 4.8362 36.5715 212.9950 0.4070 0.4060   -9.9900
20055004 1993.321062 32.1700 64.5020  298  295.7065 18.4564 4.8338 36.5685 213.3530 0.4070 0.4090   -9.9900
20055004 1993.321062 32.1700 64.5020  300  297.6897 18.4323 4.8309 36.5646 213.7690 0.4070 0.4090   -9.9900
20055004 1993.321062 32.1700 64.5020  302  299.6728 18.4304 4.8308 36.5648 213.4080 0.4070 0.4080   -9.9900
20055004 1993.321062 32.1700 64.5020  304  301.6560 18.4327 4.8313 36.5659 213.0910 0.4060 0.4110   -9.9900
20055004 1993.321062 32.1700 64.5020  306  303.6391 18.4352 4.8319 36.5681 212.1940 0.4050 0.4080   -9.9900
20055004 1993.321062 32.1700 64.5020  308  305.6222 18.4129 4.8291 36.5638 211.7940 0.4050 0.4090   -9.9900
20055004 1993.321062 32.1700 64.5020  310  307.6052 18.3923 4.8268 36.5613 211.4970 0.4050 0.4090   -9.9900
20055004 1993.321062 32.1700 64.5020  312  309.5883 18.3750 4.8248 36.5596 211.2470 0.4050 0.4080   -9.9900
20055004 1993.321062 32.1700 64.5020  314  311.5713 18.3569 4.8225 36.5551 211.8120 0.4050 0.4060   -9.9900
20055004 1993.321062 32.1700 64.5020  316  313.5543 18.3528 4.8221 36.5542 212.0680 0.4050 0.4060   -9.9900
20055004 1993.321062 32.1700 64.5020  318  315.5373 18.3521 4.8222 36.5548 211.6260 0.4050 0.4080   -9.9900
20055004 1993.321062 32.1700 64.5020  320  317.5203 18.3518 4.8223 36.5559 211.0320 0.4050 0.4100   -9.9900
20055004 1993.321062 32.1700 64.5020  322  319.5033 18.3547 4.8231 36.5591 209.7630 0.4050 0.4110   -9.9900
20055004 1993.321062 32.1700 64.5020  324  321.4862 18.3579 4.8240 36.5626 207.5980 0.4040 0.4120   -9.9900
20055004 1993.321062 32.1700 64.5020  326  323.4691 18.3571 4.8241 36.5638 206.4460 0.4030 0.4070   -9.9900
20055004 1993.321062 32.1700 64.5020  328  325.4520 18.3376 4.8218 36.5606 206.1660 0.4030 0.4120   -9.9900
20055004 1993.321062 32.1700 64.5020  330  327.4349 18.3191 4.8196 36.5578 205.9150 0.4050 0.4160   -9.9900
20055004 1993.321062 32.1700 64.5020  332  329.4178 18.3113 4.8188 36.5567 206.0710 0.4030 0.4140   -9.9900
20055004 1993.321062 32.1700 64.5020  334  331.4006 18.3029 4.8179 36.5560 205.8720 0.4040 0.4150   -9.9900
20055004 1993.321062 32.1700 64.5020  336  333.3835 18.2868 4.8161 36.5541 205.6540 0.4030 0.4150   -9.9900
20055004 1993.321062 32.1700 64.5020  338  335.3663 18.2802 4.8154 36.5534 205.2130 0.4030 0.4120   -9.9900
20055004 1993.321062 32.1700 64.5020  340  337.3490 18.2755 4.8150 36.5534 204.8950 0.4030 0.4150   -9.9900
20055004 1993.321062 32.1700 64.5020  342  339.3318 18.2730 4.8148 36.5533 204.8740 0.4030 0.4150   -9.9900
20055004 1993.321062 32.1700 64.5020  344  341.3146 18.2538 4.8126 36.5509 204.9140 0.4030 0.4160   -9.9900
20055004 1993.321062 32.1700 64.5020  346  343.2973 18.2227 4.8090 36.5468 204.6840 0.4030 0.4140   -9.9900
20055004 1993.321062 32.1700 64.5020  348  345.2800 18.2089 4.8074 36.5452 205.1070 0.4040 0.4150   -9.9900
20055004 1993.321062 32.1700 64.5020  350  347.2627 18.2028 4.8068 36.5447 205.0970 0.4030 0.4200   -9.9900
20055004 1993.321062 32.1700 64.5020  352  349.2454 18.1888 4.8053 36.5436 205.1650 0.4030 0.4200   -9.9900
20055004 1993.321062 32.1700 64.5020  354  351.2280 18.1716 4.8033 36.5411 204.8260 0.4030 0.4160   -9.9900
20055004 1993.321062 32.1700 64.5020  356  353.2107 18.1642 4.8026 36.5405 204.3840 0.4010 0.4180   -9.9900
20055004 1993.321062 32.1700 64.5020  358  355.1933 18.1619 4.8024 36.5403 204.5010 0.4010 0.4180   -9.9900
20055004 1993.321062 32.1700 64.5020  360  357.1759 18.1588 4.8022 36.5406 204.7570 0.4010 0.4220   -9.9900
20055004 1993.321062 32.1700 64.5020  362  359.1584 18.1509 4.8013 36.5393 204.8410 0.4010 0.4210   -9.9900
20055004 1993.321062 32.1700 64.5020  364  361.1410 18.1486 4.8011 36.5387 204.5180 0.4010 0.4210   -9.9900
20055004 1993.321062 32.1700 64.5020  366  363.1235 18.1465 4.8009 36.5382 204.3380 0.4010 0.4190   -9.9900
20055004 1993.321062 32.1700 64.5020  368  365.1061 18.1383 4.8000 36.5366 204.4170 0.4030 0.4220   -9.9900
20055004 1993.321062 32.1700 64.5020  370  367.0886 18.1326 4.7993 36.5357 204.4430 0.4020 0.4200   -9.9900
20055004 1993.321062 32.1700 64.5020  372  369.0711 18.1339 4.8000 36.5390 206.3790 0.4040 0.4140   -9.9900
20055004 1993.321062 32.1700 64.5020  374  371.0535 18.1352 4.8004 36.5411 207.8820 0.4050 0.4200   -9.9900
20055004 1993.321062 32.1700 64.5020  376  373.0360 18.1356 4.8008 36.5432 209.2240 0.4050 0.4210   -9.9900
20055004 1993.321062 32.1700 64.5020  378  375.0184 18.1276 4.7999 36.5420 209.9520 0.4050 0.4200   -9.9900
20055004 1993.321062 32.1700 64.5020  380  377.0008 18.1088 4.7975 36.5376 209.2530 0.4040 0.4200   -9.9900
20055004 1993.321062 32.1700 64.5020  382  378.9832 18.0920 4.7955 36.5341 207.7280 0.4040 0.4250   -9.9900
20055004 1993.321062 32.1700 64.5020  384  380.9655 18.0649 4.7920 36.5281 207.0350 0.4030 0.4240   -9.9900
20055004 1993.321062 32.1700 64.5020  386  382.9479 18.0501 4.7903 36.5253 206.7570 0.4030 0.4200   -9.9900
20055004 1993.321062 32.1700 64.5020  388  384.9302 18.0526 4.7908 36.5267 206.3160 0.4040 0.4180   -9.9900
20055004 1993.321062 32.1700 64.5020  390  386.9125 18.0515 4.7907 36.5266 206.1460 0.4040 0.4240   -9.9900
20055004 1993.321062 32.1700 64.5020  392  388.8948 18.0488 4.7904 36.5258 205.7660 0.4040 0.4230   -9.9900
20055004 1993.321062 32.1700 64.5020  394  390.8771 18.0431 4.7897 36.5240 204.6050 0.4030 0.4210   -9.9900
20055004 1993.321062 32.1700 64.5020  396  392.8594 18.0276 4.7878 36.5207 204.0350 0.4030 0.4250   -9.9900
20055004 1993.321062 32.1700 64.5020  398  394.8416 18.0261 4.7878 36.5208 204.1460 0.4030 0.4250   -9.9900
20055004 1993.321062 32.1700 64.5020  400  396.8238 18.0251 4.7878 36.5210 204.5430 0.4030 0.4260   -9.9900
20055004 1993.321062 32.1700 64.5020  402  398.8060 18.0204 4.7873 36.5204 204.9420 0.4030 0.4240   -9.9900
20055004 1993.321062 32.1700 64.5020  404  400.7882 18.0129 4.7864 36.5190 203.9140 0.4030 0.4230   -9.9900
20055004 1993.321062 32.1700 64.5020  406  402.7703 17.9959 4.7843 36.5151 202.7800 0.4030 0.4250   -9.9900
20055004 1993.321062 32.1700 64.5020  408  404.7525 17.9697 4.7812 36.5113 202.1140 0.4020 0.4250   -9.9900
20055004 1993.321062 32.1700 64.5020  410  406.7346 17.9534 4.7793 36.5088 201.6340 0.4010 0.4240   -9.9900
20055004 1993.321062 32.1700 64.5020  412  408.7167 17.9392 4.7776 36.5061 201.3570 0.4020 0.4250   -9.9900
20055004 1993.321062 32.1700 64.5020  414  410.6988 17.9267 4.7762 36.5041 201.5260 0.4030 0.4290   -9.9900
20055004 1993.321062 32.1700 64.5020  416  412.6808 17.9171 4.7751 36.5024 200.8550 0.4030 0.4310   -9.9900
20055004 1993.321062 32.1700 64.5020  418  414.6629 17.9097 4.7743 36.5015 200.8930 0.4030 0.4340   -9.9900
20055004 1993.321062 32.1700 64.5020  420  416.6449 17.8942 4.7725 36.4989 200.5610 0.4030 0.4310   -9.9900
20055004 1993.321062 32.1700 64.5020  422  418.6269 17.8873 4.7717 36.4981 200.4080 0.4030 0.4320   -9.9900
20055004 1993.321062 32.1700 64.5020  424  420.6089 17.8818 4.7712 36.4972 200.5210 0.4020 0.4320   -9.9900
20055004 1993.321062 32.1700 64.5020  426  422.5909 17.8763 4.7706 36.4963 200.7110 0.4020 0.4320   -9.9900
20055004 1993.321062 32.1700 64.5020  428  424.5728 17.8628 4.7690 36.4941 200.2970 0.4010 0.4310   -9.9900
20055004 1993.321062 32.1700 64.5020  430  426.5547 17.8532 4.7679 36.4924 200.2050 0.4010 0.4340   -9.9900
20055004 1993.321062 32.1700 64.5020  432  428.5367 17.8424 4.7667 36.4906 199.9520 0.4010 0.4320   -9.9900
20055004 1993.321062 32.1700 64.5020  434  430.5185 17.8310 4.7654 36.4889 199.8930 0.4010 0.4320   -9.9900
20055004 1993.321062 32.1700 64.5020  436  432.5004 17.8195 4.7640 36.4866 199.6130 0.4010 0.4290   -9.9900
20055004 1993.321062 32.1700 64.5020  438  434.4823 17.8063 4.7624 36.4838 199.7750 0.4020 0.4330   -9.9900
20055004 1993.321062 32.1700 64.5020  440  436.4641 17.7835 4.7596 36.4795 199.2280 0.4010 0.4320   -9.9900
20055004 1993.321062 32.1700 64.5020  442  438.4459 17.7771 4.7589 36.4781 199.1280 0.4010 0.4320   -9.9900
20055004 1993.321062 32.1700 64.5020  444  440.4277 17.7722 4.7583 36.4771 198.6840 0.4020 0.4340   -9.9900
20055004 1993.321062 32.1700 64.5020  446  442.4095 17.7651 4.7575 36.4756 198.5390 0.4020 0.4380   -9.9900
20055004 1993.321062 32.1700 64.5020  448  444.3913 17.7456 4.7551 36.4719 197.6900 0.4010 0.4370   -9.9900
20055004 1993.321062 32.1700 64.5020  450  446.3730 17.7404 4.7546 36.4710 197.2650 0.4010 0.4360   -9.9900
20055004 1993.321062 32.1700 64.5020  452  448.3547 17.7362 4.7542 36.4705 197.3020 0.4010 0.4380   -9.9900
20055004 1993.321062 32.1700 64.5020  454  450.3364 17.7094 4.7510 36.4662 197.5650 0.4010 0.4380   -9.9900
20055004 1993.321062 32.1700 64.5020  456  452.3181 17.6958 4.7493 36.4632 196.7310 0.4020 0.4410   -9.9900
20055004 1993.321062 32.1700 64.5020  458  454.2998 17.6897 4.7487 36.4621 196.6470 0.4010 0.4410   -9.9900
20055004 1993.321062 32.1700 64.5020  460  456.2814 17.6713 4.7464 36.4587 196.5490 0.4010 0.4440   -9.9900
20055004 1993.321062 32.1700 64.5020  462  458.2630 17.6421 4.7429 36.4534 196.2850 0.4010 0.4400   -9.9900
20055004 1993.321062 32.1700 64.5020  464  460.2446 17.6209 4.7403 36.4491 195.5500 0.4020 0.4420   -9.9900
20055004 1993.321062 32.1700 64.5020  466  462.2262 17.5876 4.7362 36.4430 194.7250 0.4010 0.4380   -9.9900
20055004 1993.321062 32.1700 64.5020  468  464.2078 17.5734 4.7345 36.4402 194.7740 0.4010 0.4380   -9.9900
20055004 1993.321062 32.1700 64.5020  470  466.1893 17.5597 4.7329 36.4380 194.4510 0.4010 0.4390   -9.9900
20055004 1993.321062 32.1700 64.5020  472  468.1709 17.5431 4.7309 36.4348 193.8350 0.4010 0.4380   -9.9900
20055004 1993.321062 32.1700 64.5020  474  470.1524 17.5245 4.7287 36.4316 193.8750 0.4010 0.4420   -9.9900
20055004 1993.321062 32.1700 64.5020  476  472.1339 17.5085 4.7268 36.4290 193.4480 0.4010 0.4440   -9.9900
20055004 1993.321062 32.1700 64.5020  478  474.1154 17.4982 4.7256 36.4267 193.2840 0.4010 0.4390   -9.9900
20055004 1993.321062 32.1700 64.5020  480  476.0968 17.4981 4.7257 36.4267 193.4600 0.4010 0.4410   -9.9900
20055004 1993.321062 32.1700 64.5020  482  478.0782 17.4952 4.7254 36.4263 193.2480 0.4010 0.4420   -9.9900
20055004 1993.321062 32.1700 64.5020  484  480.0597 17.4714 4.7225 36.4219 192.6640 0.4010 0.4420   -9.9900
20055004 1993.321062 32.1700 64.5020  486  482.0411 17.4413 4.7188 36.4161 192.3300 0.4010 0.4420   -9.9900
20055004 1993.321062 32.1700 64.5020  488  484.0224 17.4297 4.7175 36.4137 192.1650 0.4010 0.4420   -9.9900
20055004 1993.321062 32.1700 64.5020  490  486.0038 17.4205 4.7164 36.4121 191.1610 0.4010 0.4410   -9.9900
20055004 1993.321062 32.1700 64.5020  492  487.9851 17.4259 4.7172 36.4129 191.7390 0.4010 0.4420   -9.9900
20055004 1993.321062 32.1700 64.5020  494  489.9665 17.4057 4.7148 36.4096 191.1750 0.4010 0.4430   -9.9900
20055004 1993.321062 32.1700 64.5020  496  491.9478 17.3854 4.7123 36.4060 190.2980 0.4010 0.4430   -9.9900
20055004 1993.321062 32.1700 64.5020  498  493.9290 17.3654 4.7100 36.4024 190.4170 0.4010 0.4490   -9.9900
20055004 1993.321062 32.1700 64.5020  500  495.9103 17.3376 4.7065 36.3964 190.1500 0.4010 0.4490   -9.9900
20055004 1993.321062 32.1700 64.5020  502  497.8915 17.2895 4.7006 36.3878 189.3290 0.4010 0.4490   -9.9900
20055004 1993.321062 32.1700 64.5020  504  499.8728 17.2730 4.6986 36.3843 188.7250 0.4010 0.4500   -9.9900
20055004 1993.321062 32.1700 64.5020  506  501.8540 17.2605 4.6972 36.3823 188.2130 0.4000 0.4490   -9.9900
20055004 1993.321062 32.1700 64.5020  508  503.8352 17.2532 4.6964 36.3814 188.7420 0.4010 0.4480   -9.9900
20055004 1993.321062 32.1700 64.5020  510  505.8163 17.2505 4.6962 36.3810 189.0200 0.4010 0.4420   -9.9900
