20125001 1999.149298 31.6970 64.1560  161  159.8201 20.3384 5.0336 36.6353 224.1790 -9.9900 0.1570   -9.9900
20125001 1999.149298 31.6970 64.1560  163  161.8046 20.2837 5.0279 36.6349 224.9560 -9.9900 0.1510   -9.9900
20125001 1999.149298 31.6970 64.1560  165  163.7892 20.1848 5.0178 36.6371 224.6860 -9.9900 0.1380   -9.9900
20125001 1999.149298 31.6970 64.1560  167  165.7737 20.0563 5.0046 36.6395 221.1810 -9.9900 0.1360   -9.9900
20125001 1999.149298 31.6970 64.1560  169  167.7582 19.9386 4.9920 36.6379 218.9880 -9.9900 0.1270   -9.9900
20125001 1999.149298 31.6970 64.1560  171  169.7427 19.8143 4.9785 36.6339 218.2520 -9.9900 0.1120   -9.9900
20125001 1999.149298 31.6970 64.1560  173  171.7272 19.7133 4.9673 36.6287 217.4060 -9.9900 0.1080   -9.9900
20125001 1999.149298 31.6970 64.1560  175  173.7116 19.6143 4.9564 36.6245 214.3450 -9.9900 0.1080   -9.9900
20125001 1999.149298 31.6970 64.1560  177  175.6960 19.5277 4.9470 36.6213 213.5320 -9.9900 0.1040   -9.9900
20125001 1999.149298 31.6970 64.1560  179  177.6804 19.4943 4.9434 36.6199 214.6180 -9.9900 0.1070   -9.9900
20125001 1999.149298 31.6970 64.1560  181  179.6648 19.4485 4.9386 36.6194 211.7700 -9.9900 0.0900   -9.9900
20125001 1999.149298 31.6970 64.1560  183  181.6492 19.4389 4.9383 36.6243 211.0040 -9.9900 0.0860   -9.9900
20125001 1999.149298 31.6970 64.1560  185  183.6335 19.4487 4.9414 36.6410 210.8140 -9.9900 0.0930   -9.9900
20125001 1999.149298 31.6970 64.1560  187  185.6179 19.4374 4.9415 36.6504 211.6950 -9.9900 0.0880   -9.9900
20125001 1999.149298 31.6970 64.1560  189  187.6022 19.4065 4.9378 36.6462 210.8710 -9.9900 0.0890   -9.9900
20125001 1999.149298 31.6970 64.1560  191  189.5865 19.3565 4.9317 36.6384 210.4740 -9.9900 0.0810   -9.9900
20125001 1999.149298 31.6970 64.1560  193  191.5707 19.2722 4.9212 36.6239 208.4600 -9.9900 0.0700   -9.9900
20125001 1999.149298 31.6970 64.1560  195  193.5550 19.2611 4.9198 36.6212 209.0630 -9.9900 0.0710   -9.9900
20125001 1999.149298 31.6970 64.1560  197  195.5392 19.2155 4.9145 36.6164 208.3460 -9.9900 0.0700   -9.9900
20125001 1999.149298 31.6970 64.1560  199  197.5234 19.1791 4.9105 36.6139 207.5400 -9.9900 0.0640   -9.9900
20125001 1999.149298 31.6970 64.1560  201  199.5076 19.1552 4.9079 36.6130 206.9710 -9.9900 0.0610   -9.9900
20125001 1999.149298 31.6970 64.1560  203  201.4918 19.1278 4.9050 36.6118 206.7810 -9.9900 0.0700   -9.9900
20125001 1999.149298 31.6970 64.1560  205  203.4760 19.0847 4.9000 36.6075 206.6940 -9.9900 0.0820   -9.9900
20125001 1999.149298 31.6970 64.1560  207  205.4601 19.0386 4.8949 36.6040 206.2130 -9.9900 0.0720   -9.9900
20125001 1999.149298 31.6970 64.1560  209  207.4442 19.0068 4.8915 36.6030 206.7730 -9.9900 0.0690   -9.9900
20125001 1999.149298 31.6970 64.1560  211  209.4283 18.9704 4.8876 36.6018 206.6530 -9.9900 0.0680   -9.9900
20125001 1999.149298 31.6970 64.1560  213  211.4124 18.9460 4.8850 36.6006 205.9070 -9.9900 0.0660   -9.9900
20125001 1999.149298 31.6970 64.1560  215  213.3965 18.9233 4.8825 36.5990 205.6930 -9.9900 0.0730   -9.9900
20125001 1999.149298 31.6970 64.1560  217  215.3805 18.8938 4.8792 36.5964 204.3400 -9.9900 0.0630   -9.9900
20125001 1999.149298 31.6970 64.1560  219  217.3645 18.8688 4.8766 36.5952 206.5210 -9.9900 0.0560   -9.9900
20125001 1999.149298 31.6970 64.1560  221  219.3485 18.8489 4.8745 36.5944 207.7360 -9.9900 0.0620   -9.9900
20125001 1999.149298 31.6970 64.1560  223  221.3325 18.8190 4.8713 36.5934 208.1780 -9.9900 0.0680   -9.9900
20125001 1999.149298 31.6970 64.1560  225  223.3165 18.8068 4.8701 36.5931 208.8010 -9.9900 0.0720   -9.9900
20125001 1999.149298 31.6970 64.1560  227  225.3004 18.7907 4.8685 36.5931 209.5180 -9.9900 0.0760   -9.9900
20125001 1999.149298 31.6970 64.1560  229  227.2843 18.7519 4.8641 36.5900 208.9190 -9.9900 0.0710   -9.9900
20125001 1999.149298 31.6970 64.1560  231  229.2682 18.7246 4.8610 36.5869 207.7540 -9.9900 0.0710   -9.9900
20125001 1999.149298 31.6970 64.1560  233  231.2521 18.6811 4.8559 36.5818 205.5400 -9.9900 0.0750   -9.9900
20125001 1999.149298 31.6970 64.1560  235  233.2360 18.6658 4.8541 36.5793 205.8850 -9.9900 0.0700   -9.9900
20125001 1999.149298 31.6970 64.1560  237  235.2199 18.6521 4.8526 36.5778 208.0400 -9.9900 0.0680   -9.9900
20125001 1999.149298 31.6970 64.1560  239  237.2037 18.6406 4.8514 36.5770 208.9300 -9.9900 0.0730   -9.9900
20125001 1999.149298 31.6970 64.1560  241  239.1875 18.6274 4.8500 36.5760 208.5660 -9.9900 0.0670   -9.9900
20125001 1999.149298 31.6970 64.1560  243  241.1713 18.6094 4.8480 36.5747 207.7770 -9.9900 0.0640   -9.9900
20125001 1999.149298 31.6970 64.1560  245  243.1551 18.5900 4.8459 36.5730 208.5900 -9.9900 0.0570   -9.9900
20125001 1999.149298 31.6970 64.1560  247  245.1388 18.5727 4.8440 36.5716 206.2620 -9.9900 0.0620   -9.9900
20125001 1999.149298 31.6970 64.1560  249  247.1226 18.5630 4.8430 36.5711 205.4820 -9.9900 0.0610   -9.9900
20125001 1999.149298 31.6970 64.1560  251  249.1063 18.5541 4.8421 36.5707 204.7070 -9.9900 0.0610   -9.9900
20125001 1999.149298 31.6970 64.1560  253  251.0900 18.5425 4.8410 36.5706 204.8610 -9.9900 0.0600   -9.9900
20125001 1999.149298 31.6970 64.1560  255  253.0736 18.5294 4.8397 36.5700 204.8670 -9.9900 0.0580   -9.9900
20125001 1999.149298 31.6970 64.1560  257  255.0573 18.5055 4.8369 36.5673 202.2380 -9.9900 0.0570   -9.9900
20125001 1999.149298 31.6970 64.1560  259  257.0409 18.4999 4.8364 36.5667 202.6300 -9.9900 0.0640   -9.9900
20125001 1999.149298 31.6970 64.1560  261  259.0246 18.4996 4.8364 36.5666 203.5440 -9.9900 0.0560   -9.9900
20125001 1999.149298 31.6970 64.1560  263  261.0082 18.4972 4.8362 36.5662 202.8150 -9.9900 0.0410   -9.9900
20125001 1999.149298 31.6970 64.1560  265  262.9917 18.4729 4.8334 36.5628 197.0770 -9.9900 0.0620   -9.9900
20125001 1999.149298 31.6970 64.1560  267  264.9753 18.4594 4.8319 36.5616 198.0360 -9.9900 0.0490   -9.9900
20125001 1999.149298 31.6970 64.1560  269  266.9588 18.4561 4.8316 36.5616 200.1920 -9.9900 0.0400   -9.9900
20125001 1999.149298 31.6970 64.1560  271  268.9424 18.4520 4.8314 36.5621 204.3800 -9.9900 0.0610   -9.9900
20125001 1999.149298 31.6970 64.1560  273  270.9259 18.4375 4.8299 36.5619 202.7850 -9.9900 0.0550   -9.9900
20125001 1999.149298 31.6970 64.1560  275  272.9094 18.4240 4.8285 36.5612 200.5480 -9.9900 0.0510   -9.9900
20125001 1999.149298 31.6970 64.1560  277  274.8928 18.4110 4.8271 36.5604 202.1630 -9.9900 0.0580   -9.9900
20125001 1999.149298 31.6970 64.1560  279  276.8763 18.4036 4.8264 36.5595 198.1640 -9.9900 0.0600   -9.9900
20125001 1999.149298 31.6970 64.1560  281  278.8597 18.4000 4.8260 36.5590 198.2160 -9.9900 0.0550   -9.9900
20125001 1999.149298 31.6970 64.1560  283  280.8431 18.3960 4.8256 36.5585 200.2200 -9.9900 0.0550   -9.9900
20125001 1999.149298 31.6970 64.1560  285  282.8265 18.3881 4.8248 36.5580 200.5280 -9.9900 0.0530   -9.9900
20125001 1999.149298 31.6970 64.1560  287  284.8099 18.3827 4.8244 36.5584 200.9200 -9.9900 0.0540   -9.9900
20125001 1999.149298 31.6970 64.1560  289  286.7932 18.3791 4.8243 36.5598 201.3370 -9.9900 0.0540   -9.9900
20125001 1999.149298 31.6970 64.1560  291  288.7766 18.3762 4.8243 36.5620 200.9720 -9.9900 0.0540   -9.9900
20125001 1999.149298 31.6970 64.1560  293  290.7599 18.3681 4.8236 36.5621 201.6840 -9.9900 0.0510   -9.9900
20125001 1999.149298 31.6970 64.1560  295  292.7432 18.3612 4.8230 36.5626 200.6670 -9.9900 0.0570   -9.9900
20125001 1999.149298 31.6970 64.1560  297  294.7264 18.3528 4.8222 36.5622 200.5480 -9.9900 0.0600   -9.9900
20125001 1999.149298 31.6970 64.1560  299  296.7097 18.3372 4.8204 36.5604 199.6020 -9.9900 0.0600   -9.9900
20125001 1999.149298 31.6970 64.1560  301  298.6929 18.3261 4.8189 36.5567 200.2020 -9.9900 0.0580   -9.9900
20125001 1999.149298 31.6970 64.1560  303  300.6762 18.3123 4.8172 36.5533 199.2510 -9.9900 0.0610   -9.9900
20125001 1999.149298 31.6970 64.1560  305  302.6594 18.2975 4.8154 36.5506 198.1100 -9.9900 0.0620   -9.9900
20125001 1999.149298 31.6970 64.1560  307  304.6425 18.2819 4.8136 36.5483 196.9400 -9.9900 0.0590   -9.9900
20125001 1999.149298 31.6970 64.1560  309  306.6257 18.2682 4.8121 36.5467 197.1080 -9.9900 0.0560   -9.9900
20125001 1999.149298 31.6970 64.1560  311  308.6088 18.2574 4.8109 36.5459 198.0290 -9.9900 0.0570   -9.9900
20125001 1999.149298 31.6970 64.1560  313  310.5920 18.2454 4.8096 36.5447 197.9590 -9.9900 0.0560   -9.9900
20125001 1999.149298 31.6970 64.1560  315  312.5751 18.2354 4.8086 36.5437 197.4420 -9.9900 0.0570   -9.9900
20125001 1999.149298 31.6970 64.1560  317  314.5582 18.2277 4.8078 36.5432 195.7800 -9.9900 0.0610   -9.9900
20125001 1999.149298 31.6970 64.1560  319  316.5412 18.2218 4.8072 36.5431 193.8220 -9.9900 0.0620   -9.9900
20125001 1999.149298 31.6970 64.1560  321  318.5243 18.2148 4.8066 36.5428 193.4320 -9.9900 0.0550   -9.9900
20125001 1999.149298 31.6970 64.1560  323  320.5073 18.2216 4.8078 36.5466 194.7670 -9.9900 0.0560   -9.9900
20125001 1999.149298 31.6970 64.1560  325  322.4903 18.2295 4.8093 36.5512 197.6070 -9.9900 0.0530   -9.9900
20125001 1999.149298 31.6970 64.1560  327  324.4733 18.2250 4.8089 36.5514 200.6200 -9.9900 0.0540   -9.9900
20125001 1999.149298 31.6970 64.1560  329  326.4563 18.2195 4.8085 36.5522 201.0630 -9.9900 0.0570   -9.9900
20125001 1999.149298 31.6970 64.1560  331  328.4392 18.2140 4.8080 36.5516 200.2790 -9.9900 0.0530   -9.9900
20125001 1999.149298 31.6970 64.1560  333  330.4221 18.2122 4.8079 36.5520 198.9860 -9.9900 0.0530   -9.9900
20125001 1999.149298 31.6970 64.1560  335  332.4051 18.2186 4.8091 36.5555 197.2740 -9.9900 0.0560   -9.9900
20125001 1999.149298 31.6970 64.1560  337  334.3880 18.2138 4.8086 36.5554 199.2650 -9.9900 0.0440   -9.9900
20125001 1999.149298 31.6970 64.1560  339  336.3708 18.2061 4.8079 36.5550 198.0610 -9.9900 0.0500   -9.9900
20125001 1999.149298 31.6970 64.1560  341  338.3537 18.1963 4.8068 36.5535 197.1900 -9.9900 0.0540   -9.9900
20125001 1999.149298 31.6970 64.1560  343  340.3365 18.1821 4.8051 36.5513 196.7740 -9.9900 0.0570   -9.9900
20125001 1999.149298 31.6970 64.1560  345  342.3193 18.1703 4.8038 36.5494 196.0380 -9.9900 0.0590   -9.9900
20125001 1999.149298 31.6970 64.1560  347  344.3021 18.1599 4.8027 36.5486 194.2070 -9.9900 0.0560   -9.9900
20125001 1999.149298 31.6970 64.1560  349  346.2849 18.1559 4.8024 36.5490 193.3920 -9.9900 0.0460   -9.9900
20125001 1999.149298 31.6970 64.1560  351  348.2677 18.1528 4.8021 36.5485 195.1120 -9.9900 0.0470   -9.9900
20125001 1999.149298 31.6970 64.1560  353  350.2504 18.1395 4.8006 36.5469 193.2650 -9.9900 0.0340   -9.9900
20125001 1999.149298 31.6970 64.1560  355  352.2331 18.1362 4.8004 36.5472 193.1320 -9.9900 0.0420   -9.9900
20125001 1999.149298 31.6970 64.1560  357  354.2158 18.1306 4.7999 36.5474 194.5380 -9.9900 0.0560   -9.9900
20125001 1999.149298 31.6970 64.1560  359  356.1985 18.1150 4.7981 36.5451 196.2330 -9.9900 0.0560   -9.9900
20125001 1999.149298 31.6970 64.1560  361  358.1812 18.0985 4.7961 36.5414 193.3250 -9.9900 0.0550   -9.9900
20125001 1999.149298 31.6970 64.1560  363  360.1638 18.0982 4.7962 36.5421 189.8070 -9.9900 0.0420   -9.9900
20125001 1999.149298 31.6970 64.1560  365  362.1465 18.1084 4.7981 36.5484 190.5240 -9.9900 0.0650   -9.9900
20125001 1999.149298 31.6970 64.1560  367  364.1291 18.1040 4.7977 36.5480 190.3090 -9.9900 0.0670   -9.9900
20125001 1999.149298 31.6970 64.1560  369  366.1117 18.0962 4.7969 36.5475 191.5180 -9.9900 0.0680   -9.9900
20125001 1999.149298 31.6970 64.1560  371  368.0942 18.0895 4.7962 36.5466 191.9430 -9.9900 0.0620   -9.9900
20125001 1999.149298 31.6970 64.1560  373  370.0768 18.0828 4.7955 36.5457 192.5910 -9.9900 0.0510   -9.9900
20125001 1999.149298 31.6970 64.1560  375  372.0593 18.0761 4.7948 36.5449 192.2450 -9.9900 0.0320   -9.9900
20125001 1999.149298 31.6970 64.1560  377  374.0418 18.0677 4.7938 36.5435 190.1430 -9.9900 0.0410   -9.9900
20125001 1999.149298 31.6970 64.1560  379  376.0243 18.0578 4.7927 36.5422 188.3420 -9.9900 0.0480   -9.9900
20125001 1999.149298 31.6970 64.1560  381  378.0068 18.0491 4.7917 36.5409 187.4980 -9.9900 0.0460   -9.9900
20125001 1999.149298 31.6970 64.1560  383  379.9892 18.0370 4.7904 36.5390 187.5730 -9.9900 0.0470   -9.9900
20125001 1999.149298 31.6970 64.1560  385  381.9717 18.0251 4.7890 36.5372 188.5980 -9.9900 0.0510   -9.9900
20125001 1999.149298 31.6970 64.1560  387  383.9541 18.0208 4.7886 36.5365 189.8250 -9.9900 0.0530   -9.9900
20125001 1999.149298 31.6970 64.1560  389  385.9365 18.0159 4.7880 36.5356 189.7650 -9.9900 0.0530   -9.9900
20125001 1999.149298 31.6970 64.1560  391  387.9189 18.0091 4.7873 36.5346 188.5180 -9.9900 0.0500   -9.9900
20125001 1999.149298 31.6970 64.1560  393  389.9012 18.0021 4.7865 36.5335 188.5140 -9.9900 0.0500   -9.9900
20125001 1999.149298 31.6970 64.1560  395  391.8836 17.9938 4.7856 36.5322 189.0000 -9.9900 0.0510   -9.9900
20125001 1999.149298 31.6970 64.1560  397  393.8659 17.9840 4.7845 36.5308 189.3850 -9.9900 0.0480   -9.9900
20125001 1999.149298 31.6970 64.1560  399  395.8482 17.9711 4.7830 36.5290 187.5630 -9.9900 0.0410   -9.9900
20125001 1999.149298 31.6970 64.1560  401  397.8305 17.9613 4.7819 36.5272 190.6510 -9.9900 0.0400   -9.9900
20125001 1999.149298 31.6970 64.1560  403  399.8127 17.9432 4.7798 36.5244 190.8280 -9.9900 0.0430   -9.9900
20125001 1999.149298 31.6970 64.1560  405  401.7950 17.9298 4.7782 36.5220 185.5510 -9.9900 0.0410   -9.9900
20125001 1999.149298 31.6970 64.1560  407  403.7772 17.9176 4.7768 36.5199 184.9310 -9.9900 0.0480   -9.9900
20125001 1999.149298 31.6970 64.1560  409  405.7594 17.9097 4.7759 36.5188 185.3870 -9.9900 0.0530   -9.9900
20125001 1999.149298 31.6970 64.1560  411  407.7416 17.9038 4.7752 36.5176 185.8740 -9.9900 0.0560   -9.9900
20125001 1999.149298 31.6970 64.1560  413  409.7238 17.9016 4.7750 36.5171 187.4990 -9.9900 0.0520   -9.9900
20125001 1999.149298 31.6970 64.1560  415  411.7059 17.8961 4.7745 36.5165 187.5880 -9.9900 0.0490   -9.9900
20125001 1999.149298 31.6970 64.1560  417  413.6881 17.8895 4.7738 36.5157 187.7820 -9.9900 0.0400   -9.9900
20125001 1999.149298 31.6970 64.1560  419  415.6702 17.8831 4.7731 36.5145 188.1140 -9.9900 0.0450   -9.9900
20125001 1999.149298 31.6970 64.1560  421  417.6523 17.8660 4.7711 36.5116 183.8230 -9.9900 0.0520   -9.9900
20125001 1999.149298 31.6970 64.1560  423  419.6343 17.8620 4.7707 36.5111 182.8570 -9.9900 0.0470   -9.9900
20125001 1999.149298 31.6970 64.1560  425  421.6164 17.8566 4.7701 36.5100 182.3850 -9.9900 0.0430   -9.9900
20125001 1999.149298 31.6970 64.1560  427  423.5984 17.8511 4.7695 36.5089 182.1500 -9.9900 0.0440   -9.9900
20125001 1999.149298 31.6970 64.1560  429  425.5805 17.8450 4.7688 36.5081 182.0220 -9.9900 0.0440   -9.9900
20125001 1999.149298 31.6970 64.1560  431  427.5624 17.8358 4.7678 36.5065 182.0510 -9.9900 0.0510   -9.9900
20125001 1999.149298 31.6970 64.1560  433  429.5444 17.8220 4.7661 36.5039 183.4000 -9.9900 0.0530   -9.9900
20125001 1999.149298 31.6970 64.1560  435  431.5264 17.8064 4.7643 36.5012 183.5760 -9.9900 0.0460   -9.9900
20125001 1999.149298 31.6970 64.1560  437  433.5083 17.7864 4.7619 36.4978 184.2420 -9.9900 0.0420   -9.9900
20125001 1999.149298 31.6970 64.1560  439  435.4902 17.7748 4.7605 36.4955 182.3000 -9.9900 0.0550   -9.9900
20125001 1999.149298 31.6970 64.1560  441  437.4722 17.7638 4.7592 36.4934 179.6910 -9.9900 0.0440   -9.9900
20125001 1999.149298 31.6970 64.1560  443  439.4540 17.7613 4.7590 36.4928 179.7120 -9.9900 0.0480   -9.9900
20125001 1999.149298 31.6970 64.1560  445  441.4359 17.7490 4.7575 36.4906 181.0960 -9.9900 0.0560   -9.9900
20125001 1999.149298 31.6970 64.1560  447  443.4177 17.7277 4.7550 36.4869 181.3130 -9.9900 0.0600   -9.9900
20125001 1999.149298 31.6970 64.1560  449  445.3996 17.7178 4.7538 36.4851 180.7630 -9.9900 0.0590   -9.9900
20125001 1999.149298 31.6970 64.1560  451  447.3814 17.6993 4.7516 36.4819 181.9550 -9.9900 0.0490   -9.9900
20125001 1999.149298 31.6970 64.1560  453  449.3632 17.6866 4.7501 36.4795 181.3450 -9.9900 0.0440   -9.9900
20125001 1999.149298 31.6970 64.1560  455  451.3449 17.6665 4.7477 36.4760 178.2580 -9.9900 0.0470   -9.9900
20125001 1999.149298 31.6970 64.1560  457  453.3267 17.6418 4.7448 36.4718 175.9660 -9.9900 0.0570   -9.9900
20125001 1999.149298 31.6970 64.1560  459  455.3084 17.6257 4.7428 36.4689 179.1060 -9.9900 0.0520   -9.9900
20125001 1999.149298 31.6970 64.1560  461  457.2901 17.6102 4.7410 36.4660 177.9790 -9.9900 0.0540   -9.9900
20125001 1999.149298 31.6970 64.1560  463  459.2718 17.6041 4.7403 36.4650 177.8290 -9.9900 0.0510   -9.9900
20125001 1999.149298 31.6970 64.1560  465  461.2535 17.5982 4.7397 36.4639 177.8740 -9.9900 0.0490   -9.9900
20125001 1999.149298 31.6970 64.1560  467  463.2352 17.5852 4.7381 36.4614 178.6550 -9.9900 0.0480   -9.9900
20125001 1999.149298 31.6970 64.1560  469  465.2168 17.5749 4.7369 36.4594 179.4100 -9.9900 0.0510   -9.9900
20125001 1999.149298 31.6970 64.1560  471  467.1984 17.5562 4.7347 36.4561 180.5680 -9.9900 0.0530   -9.9900
20125001 1999.149298 31.6970 64.1560  473  469.1800 17.5284 4.7313 36.4512 181.5320 -9.9900 0.0510   -9.9900
20125001 1999.149298 31.6970 64.1560  475  471.1616 17.5083 4.7289 36.4477 181.7060 -9.9900 0.0490   -9.9900
20125001 1999.149298 31.6970 64.1560  477  473.1431 17.4817 4.7257 36.4431 181.2380 -9.9900 0.0480   -9.9900
20125001 1999.149298 31.6970 64.1560  479  475.1247 17.4485 4.7217 36.4372 179.2610 -9.9900 0.0500   -9.9900
20125001 1999.149298 31.6970 64.1560  481  477.1062 17.4333 4.7199 36.4344 177.6970 -9.9900 0.0520   -9.9900
20125001 1999.149298 31.6970 64.1560  483  479.0877 17.4131 4.7175 36.4310 176.4580 -9.9900 0.0510   -9.9900
20125001 1999.149298 31.6970 64.1560  485  481.0692 17.4051 4.7166 36.4293 178.0820 -9.9900 0.0530   -9.9900
20125001 1999.149298 31.6970 64.1560  487  483.0507 17.4012 4.7162 36.4286 180.0910 -9.9900 0.0520   -9.9900
20125001 1999.149298 31.6970 64.1560  489  485.0321 17.3938 4.7153 36.4272 178.5410 -9.9900 0.0500   -9.9900
20125001 1999.149298 31.6970 64.1560  491  487.0135 17.3595 4.7111 36.4206 178.5980 -9.9900 0.0530   -9.9900
20125001 1999.149298 31.6970 64.1560  493  488.9949 17.3200 4.7063 36.4135 181.4050 -9.9900 0.0390   -9.9900
20125001 1999.149298 31.6970 64.1560  495  490.9763 17.2982 4.7037 36.4098 180.5220 -9.9900 0.0550   -9.9900
20125001 1999.149298 31.6970 64.1560  497  492.9577 17.2767 4.7012 36.4059 180.4600 -9.9900 0.0410   -9.9900
20125001 1999.149298 31.6970 64.1560  499  494.9391 17.2600 4.6991 36.4026 181.2340 -9.9900 0.0590   -9.9900
20125001 1999.149298 31.6970 64.1560  501  496.9204 17.2519 4.6982 36.4011 180.5030 -9.9900 0.0530   -9.9900
20125001 1999.149298 31.6970 64.1560  503  498.9017 17.2290 4.6955 36.3973 179.5390 -9.9900 0.0440   -9.9900
20125001 1999.149298 31.6970 64.1560  505  500.8830 17.2105 4.6933 36.3942 179.6070 -9.9900 0.0430   -9.9900
20125001 1999.149298 31.6970 64.1560  507  502.8643 17.1866 4.6905 36.3904 177.1060 -9.9900 0.0520   -9.9900
20125002 1999.149365 31.7070 64.1560    9    8.9373 20.6009 5.0585 36.6666 219.1530 -9.9900 0.2440   -9.9900
20125002 1999.149365 31.7070 64.1560   11   10.9233 20.6024 5.0587 36.6665 219.0340 -9.9900 0.2410   -9.9900
20125002 1999.149365 31.7070 64.1560   13   12.9093 20.6032 5.0588 36.6663 218.9730 -9.9900 0.2430   -9.9900
20125002 1999.149365 31.7070 64.1560   15   14.8953 20.6037 5.0590 36.6661 218.8940 -9.9900 0.2500   -9.9900
20125002 1999.149365 31.7070 64.1560   17   16.8813 20.6042 5.0591 36.6658 218.9830 -9.9900 0.2540   -9.9900
20125002 1999.149365 31.7070 64.1560   19   18.8672 20.6040 5.0591 36.6659 219.0020 -9.9900 0.2510   -9.9900
20125002 1999.149365 31.7070 64.1560   21   20.8532 20.6035 5.0592 36.6661 219.0600 -9.9900 0.2450   -9.9900
20125002 1999.149365 31.7070 64.1560   23   22.8391 20.6022 5.0592 36.6668 218.9510 -9.9900 0.2420   -9.9900
20125002 1999.149365 31.7070 64.1560   25   24.8249 20.6024 5.0593 36.6664 218.9760 -9.9900 0.2390   -9.9900
20125002 1999.149365 31.7070 64.1560   27   26.8108 20.6043 5.0594 36.6647 219.7890 -9.9900 0.2430   -9.9900
20125002 1999.149365 31.7070 64.1560   29   28.7967 20.6055 5.0597 36.6653 220.4560 -9.9900 0.2390   -9.9900
20125002 1999.149365 31.7070 64.1560   31   30.7825 20.6062 5.0598 36.6652 219.5780 -9.9900 0.2370   -9.9900
20125002 1999.149365 31.7070 64.1560   33   32.7683 20.5980 5.0586 36.6613 219.2390 -9.9900 0.2500   -9.9900
20125002 1999.149365 31.7070 64.1560   35   34.7541 20.5854 5.0568 36.6571 218.5040 -9.9900 0.2320   -9.9900
20125002 1999.149365 31.7070 64.1560   37   36.7398 20.5886 5.0574 36.6582 218.5950 -9.9900 0.2370   -9.9900
20125002 1999.149365 31.7070 64.1560   39   38.7256 20.5948 5.0584 36.6604 218.6670 -9.9900 0.2460   -9.9900
20125002 1999.149365 31.7070 64.1560   41   40.7113 20.5963 5.0587 36.6609 218.8530 -9.9900 0.2370   -9.9900
20125002 1999.149365 31.7070 64.1560   43   42.6970 20.5971 5.0589 36.6611 218.9670 -9.9900 0.2300   -9.9900
20125002 1999.149365 31.7070 64.1560   45   44.6827 20.5948 5.0586 36.6600 218.9870 -9.9900 0.2360   -9.9900
20125002 1999.149365 31.7070 64.1560   47   46.6684 20.5948 5.0587 36.6601 219.1120 -9.9900 0.2390   -9.9900
20125002 1999.149365 31.7070 64.1560   49   48.6541 20.5974 5.0592 36.6610 219.1540 -9.9900 0.2450   -9.9900
20125002 1999.149365 31.7070 64.1560   51   50.6397 20.5918 5.0584 36.6588 218.8260 -9.9900 0.2250   -9.9900
20125002 1999.149365 31.7070 64.1560   53   52.6253 20.5773 5.0564 36.6541 218.0540 -9.9900 0.2250   -9.9900
20125002 1999.149365 31.7070 64.1560   55   54.6109 20.5754 5.0562 36.6535 218.0780 -9.9900 0.2250   -9.9900
20125002 1999.149365 31.7070 64.1560   57   56.5965 20.5796 5.0569 36.6548 218.1990 -9.9900 0.2190   -9.9900
20125002 1999.149365 31.7070 64.1560   59   58.5820 20.5947 5.0593 36.6603 218.7880 -9.9900 0.2150   -9.9900
20125002 1999.149365 31.7070 64.1560   61   60.5676 20.6019 5.0604 36.6626 219.2530 -9.9900 0.2140   -9.9900
20125002 1999.149365 31.7070 64.1560   63   62.5531 20.6015 5.0604 36.6621 219.3300 -9.9900 0.2300   -9.9900
20125002 1999.149365 31.7070 64.1560   65   64.5386 20.5812 5.0574 36.6548 218.2960 -9.9900 0.2320   -9.9900
20125002 1999.149365 31.7070 64.1560   67   66.5241 20.5757 5.0567 36.6528 217.9590 -9.9900 0.2240   -9.9900
20125002 1999.149365 31.7070 64.1560   69   68.5095 20.5820 5.0577 36.6546 218.1850 -9.9900 0.2260   -9.9900
20125002 1999.149365 31.7070 64.1560   71   70.4950 20.5845 5.0581 36.6554 218.2710 -9.9900 0.2240   -9.9900
20125002 1999.149365 31.7070 64.1560   73   72.4804 20.5874 5.0586 36.6562 218.4900 -9.9900 0.2190   -9.9900
20125002 1999.149365 31.7070 64.1560   75   74.4658 20.5875 5.0587 36.6562 218.6960 -9.9900 0.2090   -9.9900
20125002 1999.149365 31.7070 64.1560   77   76.4512 20.5868 5.0587 36.6559 218.8860 -9.9900 0.2180   -9.9900
20125002 1999.149365 31.7070 64.1560   79   78.4366 20.5859 5.0587 36.6558 219.0500 -9.9900 0.2250   -9.9900
20125002 1999.149365 31.7070 64.1560   81   80.4219 20.5866 5.0589 36.6558 219.2150 -9.9900 0.2260   -9.9900
20125002 1999.149365 31.7070 64.1560   83   82.4072 20.5882 5.0591 36.6559 219.1220 -9.9900 0.2300   -9.9900
20125002 1999.149365 31.7070 64.1560   85   84.3925 20.5794 5.0580 36.6532 218.3900 -9.9900 0.2280   -9.9900
20125002 1999.149365 31.7070 64.1560   87   86.3778 20.5730 5.0571 36.6514 218.1830 -9.9900 0.2260   -9.9900
20125002 1999.149365 31.7070 64.1560   89   88.3631 20.5715 5.0570 36.6510 218.2870 -9.9900 0.2290   -9.9900
20125002 1999.149365 31.7070 64.1560   91   90.3483 20.5704 5.0570 36.6507 218.2560 -9.9900 0.2180   -9.9900
20125002 1999.149365 31.7070 64.1560   93   92.3336 20.5694 5.0569 36.6504 217.9210 -9.9900 0.2200   -9.9900
20125002 1999.149365 31.7070 64.1560   95   94.3188 20.5692 5.0570 36.6502 218.0720 -9.9900 0.2300   -9.9900
20125002 1999.149365 31.7070 64.1560   97   96.3040 20.5685 5.0569 36.6499 218.2310 -9.9900 0.2150   -9.9900
20125002 1999.149365 31.7070 64.1560   99   98.2891 20.5656 5.0566 36.6492 218.1050 -9.9900 0.2110   -9.9900
20125002 1999.149365 31.7070 64.1560  101  100.2743 20.5607 5.0561 36.6481 217.9290 -9.9900 0.2190   -9.9900
20125002 1999.149365 31.7070 64.1560  103  102.2594 20.5575 5.0557 36.6474 217.6530 -9.9900 0.2250   -9.9900
20125002 1999.149365 31.7070 64.1560  105  104.2445 20.5569 5.0557 36.6472 217.2730 -9.9900 0.2390   -9.9900
20125002 1999.149365 31.7070 64.1560  107  106.2296 20.5569 5.0558 36.6474 217.2000 -9.9900 0.2450   -9.9900
20125002 1999.149365 31.7070 64.1560  109  108.2147 20.5559 5.0558 36.6472 217.4360 -9.9900 0.2300   -9.9900
20125002 1999.149365 31.7070 64.1560  111  110.1998 20.5541 5.0557 36.6469 218.0270 -9.9900 0.2260   -9.9900
20125002 1999.149365 31.7070 64.1560  113  112.1848 20.5544 5.0558 36.6469 218.0190 -9.9900 0.2110   -9.9900
20125002 1999.149365 31.7070 64.1560  115  114.1698 20.5543 5.0558 36.6466 217.7420 -9.9900 0.2120   -9.9900
20125002 1999.149365 31.7070 64.1560  117  116.1548 20.5543 5.0559 36.6465 217.8650 -9.9900 0.2200   -9.9900
20125002 1999.149365 31.7070 64.1560  119  118.1398 20.5535 5.0559 36.6462 217.7170 -9.9900 0.2090   -9.9900
20125002 1999.149365 31.7070 64.1560  121  120.1248 20.5522 5.0558 36.6461 217.7510 -9.9900 0.2060   -9.9900
20125002 1999.149365 31.7070 64.1560  123  122.1097 20.5515 5.0558 36.6456 217.9080 -9.9900 0.2060   -9.9900
20125002 1999.149365 31.7070 64.1560  125  124.0946 20.5519 5.0559 36.6456 217.8920 -9.9900 0.2000   -9.9900
20125002 1999.149365 31.7070 64.1560  127  126.0795 20.5520 5.0560 36.6458 217.3360 -9.9900 0.1870   -9.9900
20125002 1999.149365 31.7070 64.1560  129  128.0644 20.5510 5.0560 36.6454 217.8280 -9.9900 0.2050   -9.9900
20125002 1999.149365 31.7070 64.1560  131  130.0493 20.5470 5.0555 36.6447 217.6220 -9.9900 0.1980   -9.9900
20125002 1999.149365 31.7070 64.1560  133  132.0341 20.5441 5.0552 36.6441 217.5660 -9.9900 0.1920   -9.9900
20125002 1999.149365 31.7070 64.1560  135  134.0190 20.5394 5.0547 36.6431 217.5040 -9.9900 0.1930   -9.9900
20125002 1999.149365 31.7070 64.1560  137  136.0038 20.5330 5.0540 36.6419 217.1300 -9.9900 0.1860   -9.9900
20125002 1999.149365 31.7070 64.1560  139  137.9886 20.5308 5.0538 36.6417 217.0210 -9.9900 0.1720   -9.9900
20125002 1999.149365 31.7070 64.1560  141  139.9733 20.5315 5.0541 36.6425 217.2270 -9.9900 0.1720   -9.9900
20125002 1999.149365 31.7070 64.1560  143  141.9581 20.5305 5.0542 36.6434 217.1190 -9.9900 0.1820   -9.9900
20125002 1999.149365 31.7070 64.1560  145  143.9428 20.5237 5.0535 36.6433 217.0150 -9.9900 0.1830   -9.9900
20125002 1999.149365 31.7070 64.1560  147  145.9275 20.5064 5.0517 36.6428 216.7640 -9.9900 0.1840   -9.9900
20125002 1999.149365 31.7070 64.1560  149  147.9122 20.4806 5.0489 36.6412 216.2220 -9.9900 0.1690   -9.9900
20125002 1999.149365 31.7070 64.1560  151  149.8969 20.4470 5.0450 36.6382 214.8790 -9.9900 0.1660   -9.9900
20125002 1999.149365 31.7070 64.1560  153  151.8815 20.4028 5.0403 36.6368 213.3340 -9.9900 0.1590   -9.9900
20125002 1999.149365 31.7070 64.1560  155  153.8662 20.3777 5.0377 36.6366 212.8100 -9.9900 0.1530   -9.9900
20125002 1999.149365 31.7070 64.1560  157  155.8508 20.3524 5.0352 36.6372 212.9070 -9.9900 0.1460   -9.9900
20125002 1999.149365 31.7070 64.1560  159  157.8354 20.3444 5.0345 36.6381 213.1050 -9.9900 0.1440   -9.9900
20125002 1999.149365 31.7070 64.1560  161  159.8200 20.3130 5.0314 36.6393 212.3170 -9.9900 0.1440   -9.9900
20125002 1999.149365 31.7070 64.1560  163  161.8045 20.2440 5.0244 36.6406 210.4480 -9.9900 0.1380   -9.9900
20125002 1999.149365 31.7070 64.1560  165  163.7891 20.1303 5.0125 36.6410 208.9980 -9.9900 0.1190   -9.9900
20125002 1999.149365 31.7070 64.1560  167  165.7736 20.0866 5.0079 36.6406 209.3110 -9.9900 0.1110   -9.9900
20125002 1999.149365 31.7070 64.1560  169  167.7581 19.9820 4.9967 36.6384 208.1400 -9.9900 0.1070   -9.9900
20125002 1999.149365 31.7070 64.1560  171  169.7426 19.8139 4.9783 36.6330 203.9700 -9.9900 0.1050   -9.9900
20125002 1999.149365 31.7070 64.1560  173  171.7270 19.7381 4.9702 36.6308 204.6000 -9.9900 0.0990   -9.9900
20125002 1999.149365 31.7070 64.1560  175  173.7115 19.6599 4.9618 36.6294 204.2580 -9.9900 0.1050   -9.9900
20125002 1999.149365 31.7070 64.1560  177  175.6959 19.5637 4.9519 36.6305 203.0100 -9.9900 0.0920   -9.9900
20125002 1999.149365 31.7070 64.1560  179  177.6803 19.5572 4.9516 36.6328 203.0090 -9.9900 0.0980   -9.9900
20125002 1999.149365 31.7070 64.1560  181  179.6647 19.5571 4.9521 36.6360 204.4360 -9.9900 0.0890   -9.9900
20125002 1999.149365 31.7070 64.1560  183  181.6490 19.5627 4.9536 36.6428 205.5400 -9.9900 0.0830   -9.9900
20125002 1999.149365 31.7070 64.1560  185  183.6334 19.5445 4.9525 36.6491 205.1630 -9.9900 0.0890   -9.9900
20125002 1999.149365 31.7070 64.1560  187  185.6177 19.4997 4.9483 36.6526 203.1550 -9.9900 0.0800   -9.9900
20125002 1999.149365 31.7070 64.1560  189  187.6020 19.4262 4.9400 36.6471 201.7030 -9.9900 0.0710   -9.9900
20125002 1999.149365 31.7070 64.1560  191  189.5863 19.3447 4.9301 36.6354 200.2540 -9.9900 0.0710   -9.9900
20125002 1999.149365 31.7070 64.1560  193  191.5706 19.3077 4.9256 36.6296 199.5760 -9.9900 0.0720   -9.9900
20125002 1999.149365 31.7070 64.1560  195  193.5548 19.2730 4.9213 36.6240 199.7830 -9.9900 0.0730   -9.9900
20125002 1999.149365 31.7070 64.1560  197  195.5391 19.2339 4.9166 36.6182 199.7560 -9.9900 0.0760   -9.9900
20125002 1999.149365 31.7070 64.1560  199  197.5233 19.2038 4.9132 36.6150 200.1060 -9.9900 0.0740   -9.9900
20125002 1999.149365 31.7070 64.1560  201  199.5075 19.1594 4.9080 36.6103 200.3370 -9.9900 0.0740   -9.9900
20125002 1999.149365 31.7070 64.1560  203  201.4916 19.1203 4.9037 36.6079 200.9380 -9.9900 0.0760   -9.9900
20125002 1999.149365 31.7070 64.1560  205  203.4758 19.0954 4.9011 36.6067 202.4620 -9.9900 0.0730   -9.9900
20125002 1999.149365 31.7070 64.1560  207  205.4599 19.0676 4.8983 36.6071 204.7010 -9.9900 0.0680   -9.9900
20125002 1999.149365 31.7070 64.1560  209  207.4440 19.0350 4.8950 36.6073 203.5470 -9.9900 0.0620   -9.9900
20125002 1999.149365 31.7070 64.1560  211  209.4281 18.9959 4.8908 36.6059 201.9870 -9.9900 0.0660   -9.9900
20125002 1999.149365 31.7070 64.1560  213  211.4122 18.9575 4.8867 36.6045 201.3990 -9.9900 0.0600   -9.9900
20125002 1999.149365 31.7070 64.1560  215  213.3963 18.9052 4.8809 36.6013 199.5190 -9.9900 0.0630   -9.9900
20125002 1999.149365 31.7070 64.1560  217  215.3803 18.8949 4.8799 36.6007 200.2120 -9.9900 0.0590   -9.9900
20125002 1999.149365 31.7070 64.1560  219  217.3643 18.8919 4.8798 36.6021 200.8480 -9.9900 0.0520   -9.9900
20125002 1999.149365 31.7070 64.1560  221  219.3483 18.8881 4.8797 36.6041 202.0300 -9.9900 0.0550   -9.9900
20125002 1999.149365 31.7070 64.1560  223  221.3323 18.8845 4.8797 36.6064 203.2450 -9.9900 0.0580   -9.9900
20125002 1999.149365 31.7070 64.1560  225  223.3163 18.8815 4.8796 36.6075 205.0300 -9.9900 0.0640   -9.9900
20125002 1999.149365 31.7070 64.1560  227  225.3002 18.8742 4.8789 36.6074 206.2800 -9.9900 0.0660   -9.9900
20125002 1999.149365 31.7070 64.1560  229  227.2842 18.8469 4.8758 36.6042 205.5730 -9.9900 0.0670   -9.9900
20125002 1999.149365 31.7070 64.1560  231  229.2681 18.8257 4.8733 36.6015 205.8940 -9.9900 0.0700   -9.9900
20125002 1999.149365 31.7070 64.1560  233  231.2519 18.8006 4.8704 36.5979 207.5740 -9.9900 0.0710   -9.9900
20125002 1999.149365 31.7070 64.1560  235  233.2358 18.7214 4.8608 36.5866 203.9040 -9.9900 0.0670   -9.9900
20125002 1999.149365 31.7070 64.1560  237  235.2197 18.6897 4.8571 36.5824 201.1010 -9.9900 0.0690   -9.9900
20125002 1999.149365 31.7070 64.1560  239  237.2035 18.6695 4.8548 36.5799 199.5250 -9.9900 0.0760   -9.9900
20125002 1999.149365 31.7070 64.1560  241  239.1873 18.6648 4.8543 36.5797 200.9760 -9.9900 0.0690   -9.9900
20125002 1999.149365 31.7070 64.1560  243  241.1711 18.6585 4.8538 36.5796 203.2870 -9.9900 0.0600   -9.9900
20125002 1999.149365 31.7070 64.1560  245  243.1549 18.6554 4.8535 36.5795 202.7650 -9.9900 0.0580   -9.9900
20125002 1999.149365 31.7070 64.1560  247  245.1386 18.6449 4.8524 36.5788 201.4060 -9.9900 0.0510   -9.9900
20125002 1999.149365 31.7070 64.1560  249  247.1223 18.6304 4.8508 36.5773 200.6680 -9.9900 0.0490   -9.9900
20125002 1999.149365 31.7070 64.1560  251  249.1061 18.5972 4.8470 36.5739 199.1300 -9.9900 0.0510   -9.9900
20125002 1999.149365 31.7070 64.1560  253  251.0898 18.5808 4.8452 36.5723 196.7510 -9.9900 0.0620   -9.9900
20125002 1999.149365 31.7070 64.1560  255  253.0734 18.5767 4.8449 36.5721 196.9180 -9.9900 0.0650   -9.9900
20125002 1999.149365 31.7070 64.1560  257  255.0571 18.5693 4.8442 36.5720 200.1070 -9.9900 0.0540   -9.9900
20125002 1999.149365 31.7070 64.1560  259  257.0407 18.5651 4.8439 36.5724 197.4220 -9.9900 0.0700   -9.9900
20125002 1999.149365 31.7070 64.1560  261  259.0243 18.5559 4.8431 36.5732 197.4470 -9.9900 0.0570   -9.9900
20125002 1999.149365 31.7070 64.1560  263  261.0079 18.5346 4.8406 36.5700 197.2170 -9.9900 0.0680   -9.9900
20125002 1999.149365 31.7070 64.1560  265  262.9915 18.5091 4.8376 36.5669 197.8170 -9.9900 0.0620   -9.9900
20125002 1999.149365 31.7070 64.1560  267  264.9751 18.4975 4.8363 36.5649 198.6340 -9.9900 0.0630   -9.9900
20125002 1999.149365 31.7070 64.1560  269  266.9586 18.4912 4.8356 36.5639 198.4220 -9.9900 0.0540   -9.9900
20125002 1999.149365 31.7070 64.1560  271  268.9421 18.4875 4.8353 36.5639 196.1540 -9.9900 0.0600   -9.9900
20125002 1999.149365 31.7070 64.1560  273  270.9257 18.4740 4.8339 36.5636 198.0740 -9.9900 0.0620   -9.9900
20125002 1999.149365 31.7070 64.1560  275  272.9091 18.4566 4.8321 36.5630 198.3600 -9.9900 0.0660   -9.9900
20125002 1999.149365 31.7070 64.1560  277  274.8926 18.4502 4.8315 36.5627 196.0650 -9.9900 0.0580   -9.9900
20125002 1999.149365 31.7070 64.1560  279  276.8760 18.4461 4.8312 36.5632 196.8910 -9.9900 0.0560   -9.9900
20125002 1999.149365 31.7070 64.1560  281  278.8595 18.4385 4.8305 36.5631 197.1630 -9.9900 0.0580   -9.9900
20125002 1999.149365 31.7070 64.1560  283  280.8429 18.4246 4.8290 36.5620 196.8670 -9.9900 0.0550   -9.9900
20125002 1999.149365 31.7070 64.1560  285  282.8263 18.4081 4.8272 36.5601 196.4790 -9.9900 0.0510   -9.9900
20125002 1999.149365 31.7070 64.1560  287  284.8096 18.3937 4.8257 36.5596 196.0870 -9.9900 0.0540   -9.9900
20125002 1999.149365 31.7070 64.1560  289  286.7930 18.3809 4.8244 36.5594 195.7730 -9.9900 0.0490   -9.9900
20125002 1999.149365 31.7070 64.1560  291  288.7763 18.3785 4.8243 36.5599 197.4290 -9.9900 0.0540   -9.9900
20125002 1999.149365 31.7070 64.1560  293  290.7596 18.3741 4.8239 36.5598 199.0120 -9.9900 0.0570   -9.9900
20125002 1999.149365 31.7070 64.1560  295  292.7429 18.3649 4.8229 36.5587 198.0460 -9.9900 0.0530   -9.9900
20125002 1999.149365 31.7070 64.1560  297  294.7262 18.3546 4.8218 36.5576 196.9920 -9.9900 0.0530   -9.9900
20125002 1999.149365 31.7070 64.1560  299  296.7095 18.3398 4.8202 36.5562 196.3220 -9.9900 0.0550   -9.9900
20125002 1999.149365 31.7070 64.1560  301  298.6927 18.3339 4.8198 36.5574 196.9620 -9.9900 0.0560   -9.9900
20125002 1999.149365 31.7070 64.1560  303  300.6759 18.3340 4.8202 36.5597 197.9830 -9.9900 0.0540   -9.9900
20125002 1999.149365 31.7070 64.1560  305  302.6591 18.3285 4.8200 36.5621 198.8010 -9.9900 0.0490   -9.9900
20125002 1999.149365 31.7070 64.1560  307  304.6423 18.3105 4.8179 36.5594 198.4300 -9.9900 0.0570   -9.9900
20125002 1999.149365 31.7070 64.1560  309  306.6255 18.2895 4.8153 36.5556 198.6470 -9.9900 0.0660   -9.9900
20125002 1999.149365 31.7070 64.1560  311  308.6086 18.2747 4.8136 36.5536 199.4940 -9.9900 0.0600   -9.9900
20125002 1999.149365 31.7070 64.1560  313  310.5917 18.2817 4.8150 36.5581 198.8540 -9.9900 0.0560   -9.9900
20125002 1999.149365 31.7070 64.1560  315  312.5748 18.2888 4.8164 36.5628 197.4360 -9.9900 0.0570   -9.9900
20125002 1999.149365 31.7070 64.1560  317  314.5579 18.2780 4.8153 36.5627 197.5010 -9.9900 0.0600   -9.9900
20125002 1999.149365 31.7070 64.1560  319  316.5410 18.2705 4.8146 36.5629 196.9960 -9.9900 0.0510   -9.9900
20125002 1999.149365 31.7070 64.1560  321  318.5240 18.2610 4.8137 36.5623 196.3930 -9.9900 0.0530   -9.9900
20125002 1999.149365 31.7070 64.1560  323  320.5070 18.2546 4.8131 36.5621 194.7420 -9.9900 0.0570   -9.9900
20125002 1999.149365 31.7070 64.1560  325  322.4900 18.2474 4.8124 36.5618 193.6030 -9.9900 0.0710   -9.9900
20125002 1999.149365 31.7070 64.1560  327  324.4730 18.2362 4.8112 36.5608 194.2080 -9.9900 0.0590   -9.9900
20125002 1999.149365 31.7070 64.1560  329  326.4560 18.2331 4.8111 36.5621 195.2780 -9.9900 0.0530   -9.9900
20125002 1999.149365 31.7070 64.1560  331  328.4389 18.2321 4.8112 36.5633 196.4710 -9.9900 0.0580   -9.9900
20125002 1999.149365 31.7070 64.1560  333  330.4219 18.2261 4.8106 36.5630 198.3540 -9.9900 0.0620   -9.9900
20125002 1999.149365 31.7070 64.1560  335  332.4048 18.2193 4.8100 36.5625 199.0140 -9.9900 0.0630   -9.9900
20125002 1999.149365 31.7070 64.1560  337  334.3877 18.2084 4.8088 36.5616 198.8890 -9.9900 0.0630   -9.9900
20125002 1999.149365 31.7070 64.1560  339  336.3706 18.1969 4.8075 36.5603 198.0870 -9.9900 0.0590   -9.9900
20125002 1999.149365 31.7070 64.1560  341  338.3534 18.1884 4.8066 36.5593 197.3230 -9.9900 0.0520   -9.9900
20125002 1999.149365 31.7070 64.1560  343  340.3362 18.1819 4.8060 36.5589 197.6920 -9.9900 0.0610   -9.9900
20125002 1999.149365 31.7070 64.1560  345  342.3191 18.1761 4.8054 36.5584 196.9820 -9.9900 0.0620   -9.9900
20125002 1999.149365 31.7070 64.1560  347  344.3019 18.1689 4.8047 36.5575 194.3220 -9.9900 0.0460   -9.9900
20125002 1999.149365 31.7070 64.1560  349  346.2846 18.1582 4.8035 36.5560 194.6410 -9.9900 0.0490   -9.9900
20125002 1999.149365 31.7070 64.1560  351  348.2674 18.1534 4.8030 36.5554 195.2160 -9.9900 0.0590   -9.9900
20125002 1999.149365 31.7070 64.1560  353  350.2501 18.1463 4.8022 36.5545 194.1470 -9.9900 0.0660   -9.9900
20125002 1999.149365 31.7070 64.1560  355  352.2328 18.1418 4.8018 36.5538 191.1840 -9.9900 0.0530   -9.9900
20125002 1999.149365 31.7070 64.1560  357  354.2155 18.1408 4.8017 36.5537 191.8440 -9.9900 0.0350   -9.9900
20125002 1999.149365 31.7070 64.1560  359  356.1982 18.1376 4.8014 36.5530 191.5050 -9.9900 0.0410   -9.9900
20125002 1999.149365 31.7070 64.1560  361  358.1809 18.1331 4.8009 36.5523 193.3220 -9.9900 0.0500   -9.9900
20125002 1999.149365 31.7070 64.1560  363  360.1635 18.1294 4.8006 36.5523 194.4090 -9.9900 0.0570   -9.9900
20125002 1999.149365 31.7070 64.1560  365  362.1462 18.1190 4.7994 36.5504 191.9890 -9.9900 0.0450   -9.9900
20125002 1999.149365 31.7070 64.1560  367  364.1288 18.1097 4.7983 36.5487 189.1020 -9.9900 0.0650   -9.9900
20125002 1999.149365 31.7070 64.1560  369  366.1114 18.0987 4.7971 36.5471 188.8880 -9.9900 0.0610   -9.9900
20125002 1999.149365 31.7070 64.1560  371  368.0939 18.0905 4.7962 36.5463 190.3440 -9.9900 0.0610   -9.9900
20125002 1999.149365 31.7070 64.1560  373  370.0765 18.0842 4.7956 36.5458 191.7720 -9.9900 0.0580   -9.9900
20125002 1999.149365 31.7070 64.1560  375  372.0590 18.0758 4.7947 36.5445 191.8300 -9.9900 0.0580   -9.9900
20125002 1999.149365 31.7070 64.1560  377  374.0415 18.0614 4.7930 36.5424 191.5540 -9.9900 0.0500   -9.9900
20125002 1999.149365 31.7070 64.1560  379  376.0240 18.0541 4.7922 36.5414 189.6480 -9.9900 0.0530   -9.9900
20125002 1999.149365 31.7070 64.1560  381  378.0065 18.0444 4.7912 36.5400 188.8670 -9.9900 0.0540   -9.9900
20125002 1999.149365 31.7070 64.1560  383  379.9889 18.0369 4.7903 36.5390 189.5230 -9.9900 0.0530   -9.9900
20125002 1999.149365 31.7070 64.1560  385  381.9714 18.0290 4.7895 36.5378 189.3410 -9.9900 0.0530   -9.9900
20125002 1999.149365 31.7070 64.1560  387  383.9538 18.0223 4.7888 36.5371 188.5080 -9.9900 0.0530   -9.9900
20125002 1999.149365 31.7070 64.1560  389  385.9362 18.0153 4.7880 36.5363 188.6870 -9.9900 0.0520   -9.9900
20125002 1999.149365 31.7070 64.1560  391  387.9186 18.0090 4.7874 36.5352 187.8200 -9.9900 0.0550   -9.9900
20125002 1999.149365 31.7070 64.1560  393  389.9009 18.0051 4.7870 36.5346 186.8150 -9.9900 0.0630   -9.9900
20125002 1999.149365 31.7070 64.1560  395  391.8833 17.9976 4.7861 36.5333 185.4840 -9.9900 0.0670   -9.9900
20125002 1999.149365 31.7070 64.1560  397  393.8656 17.9858 4.7848 36.5316 185.5050 -9.9900 0.0620   -9.9900
20125002 1999.149365 31.7070 64.1560  399  395.8479 17.9707 4.7830 36.5293 187.0620 -9.9900 0.0600   -9.9900
20125002 1999.149365 31.7070 64.1560  401  397.8302 17.9647 4.7824 36.5282 187.8990 -9.9900 0.0550   -9.9900
20125002 1999.149365 31.7070 64.1560  403  399.8124 17.9618 4.7821 36.5277 187.9280 -9.9900 0.0550   -9.9900
20125002 1999.149365 31.7070 64.1560  405  401.7947 17.9550 4.7814 36.5268 184.3400 -9.9900 0.0530   -9.9900
20125002 1999.149365 31.7070 64.1560  407  403.7769 17.9478 4.7806 36.5255 182.7740 -9.9900 0.0580   -9.9900
20125002 1999.149365 31.7070 64.1560  409  405.7591 17.9434 4.7801 36.5245 182.7760 -9.9900 0.0510   -9.9900
20125002 1999.149365 31.7070 64.1560  411  407.7413 17.9256 4.7780 36.5218 183.0950 -9.9900 0.0480   -9.9900
20125002 1999.149365 31.7070 64.1560  413  409.7234 17.9148 4.7767 36.5199 183.6280 -9.9900 0.0450   -9.9900
20125002 1999.149365 31.7070 64.1560  415  411.7056 17.9104 4.7763 36.5193 181.5600 -9.9900 0.0410   -9.9900
20125002 1999.149365 31.7070 64.1560  417  413.6877 17.8997 4.7751 36.5178 179.6070 -9.9900 0.0380   -9.9900
20125002 1999.149365 31.7070 64.1560  419  415.6698 17.8889 4.7739 36.5159 178.4240 -9.9900 0.0550   -9.9900
20125002 1999.149365 31.7070 64.1560  421  417.6519 17.8826 4.7732 36.5148 179.7290 -9.9900 0.0650   -9.9900
20125002 1999.149365 31.7070 64.1560  423  419.6340 17.8607 4.7706 36.5113 179.9090 -9.9900 0.0560   -9.9900
20125002 1999.149365 31.7070 64.1560  425  421.6160 17.8462 4.7688 36.5085 178.4770 -9.9900 0.0540   -9.9900
20125002 1999.149365 31.7070 64.1560  427  423.5981 17.8374 4.7678 36.5070 178.5630 -9.9900 0.0480   -9.9900
20125002 1999.149365 31.7070 64.1560  429  425.5801 17.8239 4.7662 36.5047 178.8340 -9.9900 0.0420   -9.9900
20125002 1999.149365 31.7070 64.1560  431  427.5621 17.8150 4.7652 36.5030 178.8300 -9.9900 0.0440   -9.9900
20125002 1999.149365 31.7070 64.1560  433  429.5441 17.8051 4.7640 36.5009 177.8480 -9.9900 0.0440   -9.9900
20125002 1999.149365 31.7070 64.1560  435  431.5260 17.7918 4.7625 36.4988 178.9270 -9.9900 0.0430   -9.9900
20125002 1999.149365 31.7070 64.1560  437  433.5080 17.7812 4.7613 36.4969 177.2830 -9.9900 0.0450   -9.9900
20125002 1999.149365 31.7070 64.1560  439  435.4899 17.7662 4.7595 36.4941 178.0160 -9.9900 0.0540   -9.9900
20125002 1999.149365 31.7070 64.1560  441  437.4718 17.7556 4.7582 36.4921 179.5290 -9.9900 0.0510   -9.9900
20125002 1999.149365 31.7070 64.1560  443  439.4537 17.7420 4.7566 36.4895 180.1290 -9.9900 0.0520   -9.9900
20125002 1999.149365 31.7070 64.1560  445  441.4355 17.7223 4.7542 36.4861 180.2850 -9.9900 0.0560   -9.9900
20125002 1999.149365 31.7070 64.1560  447  443.4174 17.7133 4.7532 36.4846 180.4110 -9.9900 0.0560   -9.9900
20125002 1999.149365 31.7070 64.1560  449  445.3992 17.7031 4.7521 36.4829 180.5200 -9.9900 0.0570   -9.9900
20125002 1999.149365 31.7070 64.1560  451  447.3810 17.6859 4.7500 36.4800 180.6490 -9.9900 0.0550   -9.9900
20125002 1999.149365 31.7070 64.1560  453  449.3628 17.6828 4.7497 36.4793 180.0700 -9.9900 0.0490   -9.9900
20125002 1999.149365 31.7070 64.1560  455  451.3446 17.6777 4.7492 36.4786 178.2060 -9.9900 0.0550   -9.9900
20125002 1999.149365 31.7070 64.1560  457  453.3263 17.6723 4.7486 36.4775 176.8310 -9.9900 0.0600   -9.9900
20125002 1999.149365 31.7070 64.1560  459  455.3080 17.6614 4.7473 36.4754 178.0760 -9.9900 0.0600   -9.9900
20125002 1999.149365 31.7070 64.1560  461  457.2898 17.6471 4.7456 36.4725 177.8870 -9.9900 0.0620   -9.9900
20125002 1999.149365 31.7070 64.1560  463  459.2714 17.6372 4.7444 36.4705 177.5800 -9.9900 0.0540   -9.9900
20125002 1999.149365 31.7070 64.1560  465  461.2531 17.6217 4.7425 36.4672 176.4220 -9.9900 0.0460   -9.9900
20125002 1999.149365 31.7070 64.1560  467  463.2348 17.5985 4.7396 36.4625 175.6030 -9.9900 0.0400   -9.9900
20125002 1999.149365 31.7070 64.1560  469  465.2164 17.5694 4.7360 36.4566 176.8490 -9.9900 0.0510   -9.9900
20125002 1999.149365 31.7070 64.1560  471  467.1980 17.5510 4.7338 36.4532 177.2390 -9.9900 0.0530   -9.9900
20125002 1999.149365 31.7070 64.1560  473  469.1796 17.5152 4.7295 36.4468 177.3750 -9.9900 0.0550   -9.9900
20125002 1999.149365 31.7070 64.1560  475  471.1612 17.4946 4.7270 36.4433 176.5890 -9.9900 0.0570   -9.9900
20125002 1999.149365 31.7070 64.1560  477  473.1428 17.4579 4.7226 36.4371 177.5820 -9.9900 0.0560   -9.9900
20125002 1999.149365 31.7070 64.1560  479  475.1243 17.4300 4.7193 36.4325 179.8430 -9.9900 0.0510   -9.9900
20125002 1999.149365 31.7070 64.1560  481  477.1058 17.4154 4.7175 36.4298 181.2380 -9.9900 0.0550   -9.9900
20125002 1999.149365 31.7070 64.1560  483  479.0873 17.3967 4.7153 36.4267 181.8330 -9.9900 0.0600   -9.9900
20125002 1999.149365 31.7070 64.1560  485  481.0688 17.3808 4.7135 36.4245 182.5830 -9.9900 0.0640   -9.9900
20125002 1999.149365 31.7070 64.1560  487  483.0503 17.3611 4.7112 36.4210 182.1210 -9.9900 0.0540   -9.9900
20125002 1999.149365 31.7070 64.1560  489  485.0317 17.3413 4.7088 36.4174 180.8300 -9.9900 0.0510   -9.9900
20125002 1999.149365 31.7070 64.1560  491  487.0131 17.3275 4.7072 36.4149 179.1990 -9.9900 0.0540   -9.9900
20125002 1999.149365 31.7070 64.1560  493  488.9945 17.3023 4.7042 36.4112 179.5040 -9.9900 0.0360   -9.9900
20125002 1999.149365 31.7070 64.1560  495  490.9759 17.2880 4.7025 36.4085 178.4800 -9.9900 0.0440   -9.9900
20125002 1999.149365 31.7070 64.1560  497  492.9573 17.2575 4.6989 36.4032 179.5850 -9.9900 0.0490   -9.9900
20125002 1999.149365 31.7070 64.1560  499  494.9386 17.2443 4.6973 36.4008 183.6280 -9.9900 0.0390   -9.9900
20125002 1999.149365 31.7070 64.1560  501  496.9200 17.2067 4.6927 36.3938 180.6470 -9.9900 0.0520   -9.9900
20125002 1999.149365 31.7070 64.1560  503  498.9013 17.1613 4.6873 36.3863 178.2070 -9.9900 0.0670   -9.9900
20125002 1999.149365 31.7070 64.1560  505  500.8826 17.1426 4.6851 36.3836 172.7120 -9.9900 0.0500   -9.9900
20125003 1999.150483 31.7300 64.1580    9    8.9373 20.5968 5.0565 36.6546 234.6940 -9.9900 -9.9900   -9.9900
20125003 1999.150483 31.7300 64.1580   11   10.9233 20.6011 5.0571 36.6550 234.9540 -9.9900 -9.9900   -9.9900
20125003 1999.150483 31.7300 64.1580   13   12.9093 20.6042 5.0576 36.6554 234.9440 -9.9900 -9.9900   -9.9900
20125003 1999.150483 31.7300 64.1580   15   14.8953 20.6105 5.0585 36.6563 234.7930 -9.9900 -9.9900   -9.9900
20125003 1999.150483 31.7300 64.1580   17   16.8813 20.6133 5.0589 36.6567 234.6150 -9.9900 -9.9900   -9.9900
20125003 1999.150483 31.7300 64.1580   19   18.8672 20.6139 5.0591 36.6569 234.7880 -9.9900 -9.9900   -9.9900
20125003 1999.150483 31.7300 64.1580   21   20.8531 20.6152 5.0594 36.6574 234.2230 -9.9900 -9.9900   -9.9900
20125003 1999.150483 31.7300 64.1580   23   22.8390 20.6160 5.0596 36.6576 234.2170 -9.9900 -9.9900   -9.9900
20125003 1999.150483 31.7300 64.1580   25   24.8249 20.6160 5.0597 36.6575 234.1850 -9.9900 -9.9900   -9.9900
20125003 1999.150483 31.7300 64.1580   27   26.8108 20.6149 5.0596 36.6569 233.8510 -9.9900 -9.9900   -9.9900
20125003 1999.150483 31.7300 64.1580   29   28.7966 20.6132 5.0594 36.6562 233.9190 -9.9900 -9.9900   -9.9900
20125003 1999.150483 31.7300 64.1580   31   30.7824 20.6177 5.0601 36.6573 233.3570 -9.9900 -9.9900   -9.9900
20125003 1999.150483 31.7300 64.1580   33   32.7682 20.6211 5.0608 36.6591 233.7730 -9.9900 -9.9900   -9.9900
20125003 1999.150483 31.7300 64.1580   35   34.7540 20.6203 5.0608 36.6592 233.4710 -9.9900 -9.9900   -9.9900
20125003 1999.150483 31.7300 64.1580   37   36.7398 20.6199 5.0608 36.6590 233.0220 -9.9900 -9.9900   -9.9900
20125003 1999.150483 31.7300 64.1580   39   38.7255 20.6200 5.0609 36.6591 233.4560 -9.9900 -9.9900   -9.9900
20125003 1999.150483 31.7300 64.1580   41   40.7113 20.6193 5.0610 36.6593 234.2370 -9.9900 -9.9900   -9.9900
20125003 1999.150483 31.7300 64.1580   43   42.6970 20.6147 5.0607 36.6604 233.0360 -9.9900 -9.9900   -9.9900
20125003 1999.150483 31.7300 64.1580   45   44.6826 20.6146 5.0609 36.6611 232.4960 -9.9900 -9.9900   -9.9900
20125003 1999.150483 31.7300 64.1580   47   46.6683 20.5896 5.0580 36.6583 231.6520 -9.9900 -9.9900   -9.9900
20125003 1999.150483 31.7300 64.1580   49   48.6540 20.5789 5.0567 36.6565 230.6350 -9.9900 -9.9900   -9.9900
20125003 1999.150483 31.7300 64.1580   51   50.6396 20.5768 5.0566 36.6569 230.1760 -9.9900 -9.9900   -9.9900
20125003 1999.150483 31.7300 64.1580   53   52.6252 20.5752 5.0565 36.6567 229.9040 -9.9900 -9.9900   -9.9900
20125003 1999.150483 31.7300 64.1580   55   54.6108 20.5731 5.0563 36.6564 229.5850 -9.9900 -9.9900   -9.9900
20125003 1999.150483 31.7300 64.1580   57   56.5964 20.5564 5.0543 36.6539 229.0330 -9.9900 -9.9900   -9.9900
20125003 1999.150483 31.7300 64.1580   59   58.5819 20.5440 5.0529 36.6519 228.6310 -9.9900 -9.9900   -9.9900
20125003 1999.150483 31.7300 64.1580   61   60.5675 20.5278 5.0509 36.6489 227.5960 -9.9900 -9.9900   -9.9900
20125003 1999.150483 31.7300 64.1580   63   62.5530 20.5178 5.0497 36.6471 226.9540 -9.9900 -9.9900   -9.9900
20125003 1999.150483 31.7300 64.1580   65   64.5385 20.5072 5.0484 36.6451 226.1900 -9.9900 -9.9900   -9.9900
20125003 1999.150483 31.7300 64.1580   67   66.5239 20.5068 5.0485 36.6452 226.1540 -9.9900 -9.9900   -9.9900
20125003 1999.150483 31.7300 64.1580   69   68.5094 20.4904 5.0465 36.6426 225.7340 -9.9900 -9.9900   -9.9900
20125003 1999.150483 31.7300 64.1580   71   70.4948 20.4701 5.0440 36.6391 225.0620 -9.9900 -9.9900   -9.9900
20125003 1999.150483 31.7300 64.1580   73   72.4803 20.4514 5.0417 36.6358 223.5000 -9.9900 -9.9900   -9.9900
20125003 1999.150483 31.7300 64.1580   75   74.4657 20.4372 5.0400 36.6332 222.2780 -9.9900 -9.9900   -9.9900
20125003 1999.150483 31.7300 64.1580   77   76.4510 20.4298 5.0391 36.6320 221.7040 -9.9900 -9.9900   -9.9900
20125003 1999.150483 31.7300 64.1580   79   78.4364 20.4187 5.0378 36.6303 221.1540 -9.9900 -9.9900   -9.9900
20125003 1999.150483 31.7300 64.1580   81   80.4217 20.4062 5.0363 36.6281 220.4110 -9.9900 -9.9900   -9.9900
20125003 1999.150483 31.7300 64.1580   83   82.4071 20.3934 5.0348 36.6261 220.3720 -9.9900 -9.9900   -9.9900
20125003 1999.150483 31.7300 64.1580   85   84.3924 20.3866 5.0341 36.6249 220.1170 -9.9900 -9.9900   -9.9900
20125003 1999.150483 31.7300 64.1580   87   86.3777 20.3771 5.0330 36.6234 219.7730 -9.9900 -9.9900   -9.9900
20125003 1999.150483 31.7300 64.1580   89   88.3629 20.3694 5.0321 36.6223 219.1300 -9.9900 -9.9900   -9.9900
20125003 1999.150483 31.7300 64.1580   91   90.3482 20.3655 5.0317 36.6216 218.8850 -9.9900 -9.9900   -9.9900
20125003 1999.150483 31.7300 64.1580   93   92.3334 20.3615 5.0313 36.6210 218.6950 -9.9900 -9.9900   -9.9900
20125003 1999.150483 31.7300 64.1580   95   94.3186 20.3569 5.0308 36.6203 218.2680 -9.9900 -9.9900   -9.9900
20125003 1999.150483 31.7300 64.1580   97   96.3038 20.3542 5.0306 36.6202 217.9620 -9.9900 -9.9900   -9.9900
20125003 1999.150483 31.7300 64.1580   99   98.2890 20.3533 5.0306 36.6204 218.0630 -9.9900 -9.9900   -9.9900
20125003 1999.150483 31.7300 64.1580  101  100.2741 20.3482 5.0302 36.6206 218.1080 -9.9900 -9.9900   -9.9900
20125003 1999.150483 31.7300 64.1580  103  102.2592 20.3439 5.0298 36.6206 218.1410 -9.9900 -9.9900   -9.9900
20125003 1999.150483 31.7300 64.1580  105  104.2443 20.3397 5.0295 36.6211 217.7790 -9.9900 -9.9900   -9.9900
20125003 1999.150483 31.7300 64.1580  107  106.2294 20.3391 5.0297 36.6222 216.9930 -9.9900 -9.9900   -9.9900
20125003 1999.150483 31.7300 64.1580  109  108.2145 20.3395 5.0298 36.6224 216.9240 -9.9900 -9.9900   -9.9900
20125003 1999.150483 31.7300 64.1580  111  110.1996 20.3394 5.0300 36.6233 217.0430 -9.9900 -9.9900   -9.9900
20125003 1999.150483 31.7300 64.1580  113  112.1846 20.3395 5.0302 36.6241 217.2680 -9.9900 -9.9900   -9.9900
20125003 1999.150483 31.7300 64.1580  115  114.1696 20.3366 5.0303 36.6262 216.9860 -9.9900 -9.9900   -9.9900
20125003 1999.150483 31.7300 64.1580  117  116.1546 20.3320 5.0299 36.6266 216.8550 -9.9900 -9.9900   -9.9900
20125003 1999.150483 31.7300 64.1580  119  118.1396 20.3292 5.0298 36.6270 217.1600 -9.9900 -9.9900   -9.9900
20125003 1999.150483 31.7300 64.1580  121  120.1245 20.3289 5.0298 36.6271 217.3210 -9.9900 -9.9900   -9.9900
20125003 1999.150483 31.7300 64.1580  123  122.1095 20.3275 5.0298 36.6274 217.4560 -9.9900 -9.9900   -9.9900
20125003 1999.150483 31.7300 64.1580  125  124.0944 20.3195 5.0289 36.6265 216.8800 -9.9900 -9.9900   -9.9900
20125003 1999.150483 31.7300 64.1580  127  126.0793 20.3160 5.0285 36.6254 216.7870 -9.9900 -9.9900   -9.9900
20125003 1999.150483 31.7300 64.1580  129  128.0642 20.3144 5.0284 36.6250 217.2910 -9.9900 -9.9900   -9.9900
20125003 1999.150483 31.7300 64.1580  131  130.0490 20.3122 5.0282 36.6247 216.7500 -9.9900 -9.9900   -9.9900
20125003 1999.150483 31.7300 64.1580  133  132.0339 20.3113 5.0282 36.6249 216.4950 -9.9900 -9.9900   -9.9900
20125003 1999.150483 31.7300 64.1580  135  134.0187 20.3108 5.0283 36.6251 216.9070 -9.9900 -9.9900   -9.9900
20125003 1999.150483 31.7300 64.1580  137  136.0035 20.3110 5.0284 36.6252 217.5310 -9.9900 -9.9900   -9.9900
20125003 1999.150483 31.7300 64.1580  139  137.9883 20.3110 5.0285 36.6252 217.1620 -9.9900 -9.9900   -9.9900
20125003 1999.150483 31.7300 64.1580  141  139.9731 20.3110 5.0286 36.6253 216.9490 -9.9900 -9.9900   -9.9900
20125003 1999.150483 31.7300 64.1580  143  141.9578 20.3110 5.0287 36.6254 217.0730 -9.9900 -9.9900   -9.9900
20125003 1999.150483 31.7300 64.1580  145  143.9425 20.3116 5.0289 36.6258 216.9980 -9.9900 -9.9900   -9.9900
20125003 1999.150483 31.7300 64.1580  147  145.9272 20.3117 5.0290 36.6260 217.0130 -9.9900 -9.9900   -9.9900
20125003 1999.150483 31.7300 64.1580  149  147.9119 20.3110 5.0291 36.6262 217.1090 -9.9900 -9.9900   -9.9900
20125003 1999.150483 31.7300 64.1580  151  149.8966 20.3099 5.0290 36.6261 217.0820 -9.9900 -9.9900   -9.9900
20125003 1999.150483 31.7300 64.1580  153  151.8812 20.3091 5.0290 36.6260 217.2550 -9.9900 -9.9900   -9.9900
20125003 1999.150483 31.7300 64.1580  155  153.8659 20.3084 5.0291 36.6261 216.9360 -9.9900 -9.9900   -9.9900
20125003 1999.150483 31.7300 64.1580  157  155.8505 20.3070 5.0290 36.6262 216.6090 -9.9900 -9.9900   -9.9900
20125003 1999.150483 31.7300 64.1580  159  157.8351 20.3055 5.0290 36.6263 216.2910 -9.9900 -9.9900   -9.9900
20125003 1999.150483 31.7300 64.1580  161  159.8197 20.3038 5.0289 36.6263 216.0090 -9.9900 -9.9900   -9.9900
20125003 1999.150483 31.7300 64.1580  163  161.8042 20.3012 5.0287 36.6264 215.7640 -9.9900 -9.9900   -9.9900
20125003 1999.150483 31.7300 64.1580  165  163.7887 20.2987 5.0285 36.6264 215.8080 -9.9900 -9.9900   -9.9900
20125003 1999.150483 31.7300 64.1580  167  165.7733 20.2941 5.0281 36.6262 216.4920 -9.9900 -9.9900   -9.9900
20125003 1999.150483 31.7300 64.1580  169  167.7578 20.2831 5.0270 36.6257 216.3290 -9.9900 -9.9900   -9.9900
20125003 1999.150483 31.7300 64.1580  171  169.7422 20.2205 5.0204 36.6253 215.4020 -9.9900 -9.9900   -9.9900
20125003 1999.150483 31.7300 64.1580  173  171.7267 20.1373 5.0122 36.6295 214.0370 -9.9900 -9.9900   -9.9900
20125003 1999.150483 31.7300 64.1580  175  173.7111 20.0567 5.0057 36.6452 217.0730 -9.9900 -9.9900   -9.9900
20125003 1999.150483 31.7300 64.1580  177  175.6955 19.8834 4.9885 36.6541 217.2080 -9.9900 -9.9900   -9.9900
20125003 1999.150483 31.7300 64.1580  179  177.6799 19.7811 4.9770 36.6477 217.0880 -9.9900 -9.9900   -9.9900
20125003 1999.150483 31.7300 64.1580  181  179.6643 19.7290 4.9712 36.6444 221.0090 -9.9900 -9.9900   -9.9900
20125003 1999.150483 31.7300 64.1580  183  181.6487 19.6107 4.9580 36.6374 218.5620 -9.9900 -9.9900   -9.9900
20125003 1999.150483 31.7300 64.1580  185  183.6330 19.5440 4.9507 36.6345 216.4580 -9.9900 -9.9900   -9.9900
20125003 1999.150483 31.7300 64.1580  187  185.6174 19.5146 4.9475 36.6332 212.9320 -9.9900 -9.9900   -9.9900
20125003 1999.150483 31.7300 64.1580  189  187.6017 19.4846 4.9443 36.6316 211.9190 -9.9900 -9.9900   -9.9900
20125003 1999.150483 31.7300 64.1580  191  189.5859 19.4589 4.9415 36.6305 212.3350 -9.9900 -9.9900   -9.9900
20125003 1999.150483 31.7300 64.1580  193  191.5702 19.4429 4.9399 36.6300 212.2810 -9.9900 -9.9900   -9.9900
20125003 1999.150483 31.7300 64.1580  195  193.5545 19.4267 4.9383 36.6305 211.9670 -9.9900 -9.9900   -9.9900
20125003 1999.150483 31.7300 64.1580  197  195.5387 19.3897 4.9347 36.6318 210.7460 -9.9900 -9.9900   -9.9900
20125003 1999.150483 31.7300 64.1580  199  197.5229 19.3518 4.9306 36.6304 209.8030 -9.9900 -9.9900   -9.9900
20125003 1999.150483 31.7300 64.1580  201  199.5071 19.2968 4.9245 36.6275 208.9030 -9.9900 -9.9900   -9.9900
20125003 1999.150483 31.7300 64.1580  203  201.4913 19.2497 4.9197 36.6276 208.0590 -9.9900 -9.9900   -9.9900
20125003 1999.150483 31.7300 64.1580  205  203.4754 19.1988 4.9145 36.6285 206.7950 -9.9900 -9.9900   -9.9900
20125003 1999.150483 31.7300 64.1580  207  205.4595 19.1216 4.9055 36.6202 205.6940 -9.9900 -9.9900   -9.9900
20125003 1999.150483 31.7300 64.1580  209  207.4436 19.0649 4.8989 36.6135 203.6970 -9.9900 -9.9900   -9.9900
20125003 1999.150483 31.7300 64.1580  211  209.4277 19.0438 4.8967 36.6132 204.4250 -9.9900 -9.9900   -9.9900
20125003 1999.150483 31.7300 64.1580  213  211.4118 18.9952 4.8914 36.6111 202.9160 -9.9900 -9.9900   -9.9900
20125003 1999.150483 31.7300 64.1580  215  213.3959 18.9594 4.8873 36.6068 201.9820 -9.9900 -9.9900   -9.9900
20125003 1999.150483 31.7300 64.1580  217  215.3799 18.9064 4.8808 36.5981 201.3210 -9.9900 -9.9900   -9.9900
20125003 1999.150483 31.7300 64.1580  219  217.3639 18.8538 4.8744 36.5902 200.0390 -9.9900 -9.9900   -9.9900
20125003 1999.150483 31.7300 64.1580  221  219.3479 18.8275 4.8712 36.5861 199.1160 -9.9900 -9.9900   -9.9900
20125003 1999.150483 31.7300 64.1580  223  221.3319 18.7940 4.8673 36.5818 198.2570 -9.9900 -9.9900   -9.9900
20125003 1999.150483 31.7300 64.1580  225  223.3159 18.7681 4.8644 36.5792 197.4440 -9.9900 -9.9900   -9.9900
20125003 1999.150483 31.7300 64.1580  227  225.2998 18.7379 4.8610 36.5770 196.4770 -9.9900 -9.9900   -9.9900
20125003 1999.150483 31.7300 64.1580  229  227.2837 18.7215 4.8599 36.5813 195.8350 -9.9900 -9.9900   -9.9900
20125003 1999.150483 31.7300 64.1580  231  229.2676 18.7361 4.8620 36.5848 197.0890 -9.9900 -9.9900   -9.9900
20125003 1999.150483 31.7300 64.1580  233  231.2515 18.7408 4.8634 36.5921 199.2160 -9.9900 -9.9900   -9.9900
20125003 1999.150483 31.7300 64.1580  235  233.2354 18.7252 4.8620 36.5935 199.2970 -9.9900 -9.9900   -9.9900
20125003 1999.150483 31.7300 64.1580  237  235.2192 18.7098 4.8608 36.5963 199.6940 -9.9900 -9.9900   -9.9900
20125003 1999.150483 31.7300 64.1580  239  237.2030 18.7027 4.8602 36.5966 201.3720 -9.9900 -9.9900   -9.9900
20125003 1999.150483 31.7300 64.1580  241  239.1868 18.6997 4.8600 36.5969 202.3740 -9.9900 -9.9900   -9.9900
20125003 1999.150483 31.7300 64.1580  243  241.1706 18.6929 4.8594 36.5970 203.9370 -9.9900 -9.9900   -9.9900
20125003 1999.150483 31.7300 64.1580  245  243.1544 18.6764 4.8576 36.5957 205.2840 -9.9900 -9.9900   -9.9900
20125003 1999.150483 31.7300 64.1580  247  245.1381 18.6537 4.8551 36.5938 204.7370 -9.9900 -9.9900   -9.9900
20125003 1999.150483 31.7300 64.1580  249  247.1219 18.6441 4.8543 36.5947 204.0830 -9.9900 -9.9900   -9.9900
20125003 1999.150483 31.7300 64.1580  251  249.1056 18.6468 4.8551 36.5983 205.9080 -9.9900 -9.9900   -9.9900
20125003 1999.150483 31.7300 64.1580  253  251.0893 18.6399 4.8546 36.5991 207.4200 -9.9900 -9.9900   -9.9900
20125003 1999.150483 31.7300 64.1580  255  253.0730 18.6277 4.8531 36.5966 207.4710 -9.9900 -9.9900   -9.9900
20125003 1999.150483 31.7300 64.1580  257  255.0566 18.6222 4.8527 36.5974 207.2410 -9.9900 -9.9900   -9.9900
20125003 1999.150483 31.7300 64.1580  259  257.0402 18.6157 4.8521 36.5975 208.1470 -9.9900 -9.9900   -9.9900
20125003 1999.150483 31.7300 64.1580  261  259.0239 18.6033 4.8507 36.5960 208.8510 -9.9900 -9.9900   -9.9900
20125003 1999.150483 31.7300 64.1580  263  261.0074 18.5896 4.8492 36.5942 206.4880 -9.9900 -9.9900   -9.9900
20125003 1999.150483 31.7300 64.1580  265  262.9910 18.5683 4.8466 36.5910 203.8480 -9.9900 -9.9900   -9.9900
20125003 1999.150483 31.7300 64.1580  267  264.9746 18.5414 4.8435 36.5875 205.5740 -9.9900 -9.9900   -9.9900
20125003 1999.150483 31.7300 64.1580  269  266.9581 18.5256 4.8417 36.5857 203.3330 -9.9900 -9.9900   -9.9900
20125003 1999.150483 31.7300 64.1580  271  268.9416 18.5055 4.8393 36.5824 202.5290 -9.9900 -9.9900   -9.9900
20125003 1999.150483 31.7300 64.1580  273  270.9251 18.4885 4.8373 36.5792 200.9330 -9.9900 -9.9900   -9.9900
20125003 1999.150483 31.7300 64.1580  275  272.9086 18.4809 4.8366 36.5793 200.9320 -9.9900 -9.9900   -9.9900
20125003 1999.150483 31.7300 64.1580  277  274.8921 18.4797 4.8366 36.5802 200.0410 -9.9900 -9.9900   -9.9900
20125003 1999.150483 31.7300 64.1580  279  276.8755 18.4697 4.8356 36.5792 199.7110 -9.9900 -9.9900   -9.9900
20125003 1999.150483 31.7300 64.1580  281  278.8589 18.4607 4.8347 36.5786 200.0250 -9.9900 -9.9900   -9.9900
20125003 1999.150483 31.7300 64.1580  283  280.8424 18.4529 4.8339 36.5784 201.1760 -9.9900 -9.9900   -9.9900
20125003 1999.150483 31.7300 64.1580  285  282.8257 18.4462 4.8334 36.5793 203.3080 -9.9900 -9.9900   -9.9900
20125003 1999.150483 31.7300 64.1580  287  284.8091 18.4393 4.8329 36.5806 204.6300 -9.9900 -9.9900   -9.9900
20125003 1999.150483 31.7300 64.1580  289  286.7925 18.4267 4.8316 36.5800 204.4200 -9.9900 -9.9900   -9.9900
20125003 1999.150483 31.7300 64.1580  291  288.7758 18.4175 4.8307 36.5794 203.7340 -9.9900 -9.9900   -9.9900
20125003 1999.150483 31.7300 64.1580  293  290.7591 18.4114 4.8301 36.5793 202.6630 -9.9900 -9.9900   -9.9900
20125003 1999.150483 31.7300 64.1580  295  292.7424 18.4061 4.8296 36.5791 202.4270 -9.9900 -9.9900   -9.9900
20125003 1999.150483 31.7300 64.1580  297  294.7256 18.3932 4.8281 36.5772 203.3900 -9.9900 -9.9900   -9.9900
20125003 1999.150483 31.7300 64.1580  299  296.7089 18.3853 4.8273 36.5761 203.7600 -9.9900 -9.9900   -9.9900
20125003 1999.150483 31.7300 64.1580  301  298.6921 18.3685 4.8254 36.5741 204.4450 -9.9900 -9.9900   -9.9900
20125003 1999.150483 31.7300 64.1580  303  300.6753 18.3518 4.8235 36.5718 204.3530 -9.9900 -9.9900   -9.9900
20125003 1999.150483 31.7300 64.1580  305  302.6585 18.3350 4.8214 36.5686 202.8410 -9.9900 -9.9900   -9.9900
20125003 1999.150483 31.7300 64.1580  307  304.6417 18.3269 4.8205 36.5676 201.8050 -9.9900 -9.9900   -9.9900
20125003 1999.150483 31.7300 64.1580  309  306.6249 18.3218 4.8202 36.5685 201.0090 -9.9900 -9.9900   -9.9900
20125003 1999.150483 31.7300 64.1580  311  308.6080 18.3244 4.8208 36.5707 201.2750 -9.9900 -9.9900   -9.9900
20125003 1999.150483 31.7300 64.1580  313  310.5911 18.3106 4.8193 36.5694 200.8500 -9.9900 -9.9900   -9.9900
20125003 1999.150483 31.7300 64.1580  315  312.5742 18.3020 4.8185 36.5689 200.6300 -9.9900 -9.9900   -9.9900
20125003 1999.150483 31.7300 64.1580  317  314.5573 18.2932 4.8176 36.5687 200.7220 -9.9900 -9.9900   -9.9900
20125003 1999.150483 31.7300 64.1580  319  316.5404 18.2731 4.8151 36.5649 199.1560 -9.9900 -9.9900   -9.9900
20125003 1999.150483 31.7300 64.1580  321  318.5234 18.2476 4.8119 36.5594 197.6950 -9.9900 -9.9900   -9.9900
20125003 1999.150483 31.7300 64.1580  323  320.5064 18.2302 4.8097 36.5551 198.3000 -9.9900 -9.9900   -9.9900
20125003 1999.150483 31.7300 64.1580  325  322.4894 18.2184 4.8083 36.5525 197.0120 -9.9900 -9.9900   -9.9900
20125003 1999.150483 31.7300 64.1580  327  324.4724 18.2101 4.8074 36.5515 196.0960 -9.9900 -9.9900   -9.9900
20125003 1999.150483 31.7300 64.1580  329  326.4554 18.2133 4.8082 36.5553 197.0270 -9.9900 -9.9900   -9.9900
20125003 1999.150483 31.7300 64.1580  331  328.4383 18.2036 4.8072 36.5544 197.4510 -9.9900 -9.9900   -9.9900
20125003 1999.150483 31.7300 64.1580  333  330.4212 18.1908 4.8057 36.5524 195.7060 -9.9900 -9.9900   -9.9900
20125003 1999.150483 31.7300 64.1580  335  332.4042 18.1815 4.8048 36.5517 194.6470 -9.9900 -9.9900   -9.9900
20125003 1999.150483 31.7300 64.1580  337  334.3870 18.1734 4.8040 36.5514 193.8940 -9.9900 -9.9900   -9.9900
20125003 1999.150483 31.7300 64.1580  339  336.3699 18.1620 4.8029 36.5518 192.9820 -9.9900 -9.9900   -9.9900
20125003 1999.150483 31.7300 64.1580  341  338.3528 18.1596 4.8027 36.5517 193.5970 -9.9900 -9.9900   -9.9900
20125003 1999.150483 31.7300 64.1580  343  340.3356 18.1480 4.8014 36.5498 194.5530 -9.9900 -9.9900   -9.9900
20125003 1999.150483 31.7300 64.1580  345  342.3184 18.1273 4.7989 36.5459 193.4360 -9.9900 -9.9900   -9.9900
20125003 1999.150483 31.7300 64.1580  347  344.3012 18.1118 4.7971 36.5434 191.6690 -9.9900 -9.9900   -9.9900
20125003 1999.150483 31.7300 64.1580  349  346.2840 18.1033 4.7962 36.5432 191.2870 -9.9900 -9.9900   -9.9900
20125003 1999.150483 31.7300 64.1580  351  348.2667 18.0971 4.7956 36.5422 192.5320 -9.9900 -9.9900   -9.9900
20125003 1999.150483 31.7300 64.1580  353  350.2495 18.0878 4.7945 36.5404 192.2470 -9.9900 -9.9900   -9.9900
20125003 1999.150483 31.7300 64.1580  355  352.2322 18.0661 4.7918 36.5359 188.4790 -9.9900 -9.9900   -9.9900
20125003 1999.150483 31.7300 64.1580  357  354.2149 18.0511 4.7899 36.5324 187.8720 -9.9900 -9.9900   -9.9900
20125003 1999.150483 31.7300 64.1580  359  356.1976 18.0346 4.7879 36.5291 189.6010 -9.9900 -9.9900   -9.9900
20125003 1999.150483 31.7300 64.1580  361  358.1802 18.0319 4.7877 36.5289 189.6180 -9.9900 -9.9900   -9.9900
20125003 1999.150483 31.7300 64.1580  363  360.1629 18.0285 4.7874 36.5286 186.6620 -9.9900 -9.9900   -9.9900
20125003 1999.150483 31.7300 64.1580  365  362.1455 18.0244 4.7870 36.5283 182.9660 -9.9900 -9.9900   -9.9900
20125003 1999.150483 31.7300 64.1580  367  364.1281 18.0263 4.7875 36.5300 184.1780 -9.9900 -9.9900   -9.9900
20125003 1999.150483 31.7300 64.1580  369  366.1107 18.0219 4.7871 36.5302 187.3070 -9.9900 -9.9900   -9.9900
20125003 1999.150483 31.7300 64.1580  371  368.0932 18.0133 4.7862 36.5288 187.2690 -9.9900 -9.9900   -9.9900
20125003 1999.150483 31.7300 64.1580  373  370.0758 18.0060 4.7854 36.5277 185.5910 -9.9900 -9.9900   -9.9900
20125003 1999.150483 31.7300 64.1580  375  372.0583 17.9987 4.7846 36.5265 185.1020 -9.9900 -9.9900   -9.9900
20125003 1999.150483 31.7300 64.1580  377  374.0408 17.9945 4.7841 36.5257 186.2930 -9.9900 -9.9900   -9.9900
20125003 1999.150483 31.7300 64.1580  379  376.0233 17.9753 4.7819 36.5227 184.7460 -9.9900 -9.9900   -9.9900
20125003 1999.150483 31.7300 64.1580  381  378.0058 17.9547 4.7794 36.5195 184.3340 -9.9900 -9.9900   -9.9900
20125003 1999.150483 31.7300 64.1580  383  379.9882 17.9445 4.7782 36.5177 184.1510 -9.9900 -9.9900   -9.9900
20125003 1999.150483 31.7300 64.1580  385  381.9706 17.9286 4.7764 36.5151 183.2920 -9.9900 -9.9900   -9.9900
20125003 1999.150483 31.7300 64.1580  387  383.9531 17.9305 4.7767 36.5152 181.9240 -9.9900 -9.9900   -9.9900
20125003 1999.150483 31.7300 64.1580  389  385.9354 17.9229 4.7758 36.5141 178.5870 -9.9900 -9.9900   -9.9900
20125003 1999.150483 31.7300 64.1580  391  387.9178 17.9123 4.7747 36.5126 177.6780 -9.9900 -9.9900   -9.9900
20125003 1999.150483 31.7300 64.1580  393  389.9002 17.9036 4.7737 36.5114 177.4020 -9.9900 -9.9900   -9.9900
20125003 1999.150483 31.7300 64.1580  395  391.8825 17.8949 4.7727 36.5101 177.3320 -9.9900 -9.9900   -9.9900
20125003 1999.150483 31.7300 64.1580  397  393.8648 17.8899 4.7722 36.5091 177.1720 -9.9900 -9.9900   -9.9900
20125003 1999.150483 31.7300 64.1580  399  395.8471 17.8864 4.7718 36.5085 175.8460 -9.9900 -9.9900   -9.9900
20125003 1999.150483 31.7300 64.1580  401  397.8294 17.8788 4.7710 36.5071 177.2280 -9.9900 -9.9900   -9.9900
20125003 1999.150483 31.7300 64.1580  403  399.8117 17.8794 4.7712 36.5073 176.6980 -9.9900 -9.9900   -9.9900
20125003 1999.150483 31.7300 64.1580  405  401.7939 17.8766 4.7709 36.5068 179.6960 -9.9900 -9.9900   -9.9900
20125003 1999.150483 31.7300 64.1580  407  403.7761 17.8652 4.7696 36.5052 178.5950 -9.9900 -9.9900   -9.9900
20125003 1999.150483 31.7300 64.1580  409  405.7583 17.8600 4.7690 36.5042 176.7960 -9.9900 -9.9900   -9.9900
20125003 1999.150483 31.7300 64.1580  411  407.7405 17.8523 4.7682 36.5031 175.6440 -9.9900 -9.9900   -9.9900
20125003 1999.150483 31.7300 64.1580  413  409.7227 17.8477 4.7677 36.5021 175.4630 -9.9900 -9.9900   -9.9900
20125003 1999.150483 31.7300 64.1580  415  411.7048 17.8414 4.7670 36.5013 173.1350 -9.9900 -9.9900   -9.9900
20125003 1999.150483 31.7300 64.1580  417  413.6869 17.8187 4.7644 36.4980 174.7090 -9.9900 -9.9900   -9.9900
20125003 1999.150483 31.7300 64.1580  419  415.6690 17.8064 4.7629 36.4958 174.9890 -9.9900 -9.9900   -9.9900
20125003 1999.150483 31.7300 64.1580  421  417.6511 17.8010 4.7624 36.4949 174.7000 -9.9900 -9.9900   -9.9900
20125003 1999.150483 31.7300 64.1580  423  419.6332 17.7975 4.7620 36.4945 175.2680 -9.9900 -9.9900   -9.9900
20125003 1999.150483 31.7300 64.1580  425  421.6152 17.7909 4.7613 36.4933 175.9450 -9.9900 -9.9900   -9.9900
20125003 1999.150483 31.7300 64.1580  427  423.5973 17.7756 4.7595 36.4907 175.4560 -9.9900 -9.9900   -9.9900
20125003 1999.150483 31.7300 64.1580  429  425.5793 17.7681 4.7586 36.4892 174.6340 -9.9900 -9.9900   -9.9900
20125003 1999.150483 31.7300 64.1580  431  427.5613 17.7555 4.7572 36.4870 172.9630 -9.9900 -9.9900   -9.9900
20125003 1999.150483 31.7300 64.1580  433  429.5433 17.7330 4.7545 36.4830 171.8940 -9.9900 -9.9900   -9.9900
20125003 1999.150483 31.7300 64.1580  435  431.5252 17.7098 4.7517 36.4788 171.0690 -9.9900 -9.9900   -9.9900
20125003 1999.150483 31.7300 64.1580  437  433.5071 17.6912 4.7494 36.4754 172.1080 -9.9900 -9.9900   -9.9900
20125003 1999.150483 31.7300 64.1580  439  435.4891 17.6767 4.7477 36.4728 174.5510 -9.9900 -9.9900   -9.9900
20125003 1999.150483 31.7300 64.1580  441  437.4710 17.6599 4.7457 36.4698 176.1680 -9.9900 -9.9900   -9.9900
20125003 1999.150483 31.7300 64.1580  443  439.4528 17.6483 4.7443 36.4676 175.5240 -9.9900 -9.9900   -9.9900
20125003 1999.150483 31.7300 64.1580  445  441.4347 17.6332 4.7426 36.4650 176.3940 -9.9900 -9.9900   -9.9900
20125003 1999.150483 31.7300 64.1580  447  443.4165 17.6136 4.7402 36.4615 177.3400 -9.9900 -9.9900   -9.9900
20125003 1999.150483 31.7300 64.1580  449  445.3984 17.5988 4.7385 36.4589 177.7630 -9.9900 -9.9900   -9.9900
20125003 1999.150483 31.7300 64.1580  451  447.3802 17.5853 4.7369 36.4566 178.2830 -9.9900 -9.9900   -9.9900
20125003 1999.150483 31.7300 64.1580  453  449.3619 17.5779 4.7361 36.4553 179.2380 -9.9900 -9.9900   -9.9900
20125003 1999.150483 31.7300 64.1580  455  451.3437 17.5622 4.7342 36.4529 179.2300 -9.9900 -9.9900   -9.9900
20125003 1999.150483 31.7300 64.1580  457  453.3255 17.5423 4.7319 36.4497 178.5000 -9.9900 -9.9900   -9.9900
20125003 1999.150483 31.7300 64.1580  459  455.3072 17.5195 4.7292 36.4462 177.2420 -9.9900 -9.9900   -9.9900
20125003 1999.150483 31.7300 64.1580  461  457.2889 17.4893 4.7256 36.4413 176.5970 -9.9900 -9.9900   -9.9900
20125003 1999.150483 31.7300 64.1580  463  459.2706 17.4888 4.7256 36.4412 176.9740 -9.9900 -9.9900   -9.9900
20125003 1999.150483 31.7300 64.1580  465  461.2522 17.4849 4.7252 36.4405 177.3370 -9.9900 -9.9900   -9.9900
20125003 1999.150483 31.7300 64.1580  467  463.2339 17.4753 4.7241 36.4387 177.6770 -9.9900 -9.9900   -9.9900
20125003 1999.150483 31.7300 64.1580  469  465.2155 17.4616 4.7225 36.4361 178.7940 -9.9900 -9.9900   -9.9900
20125003 1999.150483 31.7300 64.1580  471  467.1971 17.4447 4.7205 36.4329 180.2550 -9.9900 -9.9900   -9.9900
20125003 1999.150483 31.7300 64.1580  473  469.1787 17.4248 4.7181 36.4291 182.1140 -9.9900 -9.9900   -9.9900
20125003 1999.150483 31.7300 64.1580  475  471.1603 17.3915 4.7140 36.4232 183.0680 -9.9900 -9.9900   -9.9900
20125003 1999.150483 31.7300 64.1580  477  473.1419 17.3729 4.7118 36.4194 183.6780 -9.9900 -9.9900   -9.9900
20125003 1999.150483 31.7300 64.1580  479  475.1234 17.3529 4.7093 36.4155 184.3430 -9.9900 -9.9900   -9.9900
20125003 1999.150483 31.7300 64.1580  481  477.1049 17.3185 4.7051 36.4092 185.2710 -9.9900 -9.9900   -9.9900
20125003 1999.150483 31.7300 64.1580  483  479.0864 17.3026 4.7033 36.4063 188.1810 -9.9900 -9.9900   -9.9900
20125003 1999.150483 31.7300 64.1580  485  481.0679 17.2781 4.7003 36.4019 188.6220 -9.9900 -9.9900   -9.9900
20125003 1999.150483 31.7300 64.1580  487  483.0493 17.2541 4.6975 36.3980 185.7910 -9.9900 -9.9900   -9.9900
20125003 1999.150483 31.7300 64.1580  489  485.0308 17.2210 4.6934 36.3915 185.3920 -9.9900 -9.9900   -9.9900
20125003 1999.150483 31.7300 64.1580  491  487.0122 17.2001 4.6909 36.3877 188.6550 -9.9900 -9.9900   -9.9900
20125003 1999.150483 31.7300 64.1580  493  488.9936 17.1789 4.6884 36.3839 190.5010 -9.9900 -9.9900   -9.9900
20125003 1999.150483 31.7300 64.1580  495  490.9750 17.1682 4.6871 36.3819 189.8990 -9.9900 -9.9900   -9.9900
20125003 1999.150483 31.7300 64.1580  497  492.9564 17.1430 4.6841 36.3779 191.9750 -9.9900 -9.9900   -9.9900
20125003 1999.150483 31.7300 64.1580  499  494.9377 17.1040 4.6795 36.3714 190.2030 -9.9900 -9.9900   -9.9900
20125003 1999.150483 31.7300 64.1580  501  496.9190 17.0867 4.6774 36.3684 188.3520 -9.9900 -9.9900   -9.9900
20125003 1999.150483 31.7300 64.1580  503  498.9003 17.0716 4.6757 36.3659 188.0640 -9.9900 -9.9900   -9.9900
20125003 1999.150483 31.7300 64.1580  505  500.8816 17.0418 4.6721 36.3607 188.4650 -9.9900 -9.9900   -9.9900
