20101001 1997.141113 31.6680 64.2400    8    7.9443 20.8444 5.1043 36.8290 221.2110 0.4360 0.0730   -9.9900
20101001 1997.141113 31.6680 64.2400   10    9.9304 20.8369 5.1036 36.8291 221.1390 0.4370 0.0740   -9.9900
20101001 1997.141113 31.6680 64.2400   12   11.9164 20.8290 5.1029 36.8293 221.1000 0.4370 0.0760   -9.9900
20101001 1997.141113 31.6680 64.2400   14   13.9024 20.8243 5.1025 36.8294 221.1490 0.4370 0.0760   -9.9900
20101001 1997.141113 31.6680 64.2400   16   15.8884 20.8189 5.1020 36.8294 221.2140 0.4370 0.0800   -9.9900
20101001 1997.141113 31.6680 64.2400   18   17.8743 20.8101 5.1011 36.8294 221.1680 0.4370 0.0880   -9.9900
20101001 1997.141113 31.6680 64.2400   20   19.8603 20.7940 5.0994 36.8285 221.2050 0.4370 0.0880   -9.9900
20101001 1997.141113 31.6680 64.2400   22   21.8462 20.7538 5.0946 36.8239 221.2410 0.4370 0.0830   -9.9900
20101001 1997.141113 31.6680 64.2400   24   23.8321 20.7136 5.0900 36.8205 221.1660 0.4370 0.0920   -9.9900
20101001 1997.141113 31.6680 64.2400   26   25.8180 20.6871 5.0871 36.8193 221.3070 0.4380 0.0890   -9.9900
20101001 1997.141113 31.6680 64.2400   28   27.8038 20.6578 5.0838 36.8169 221.2810 0.4370 0.0870   -9.9900
20101001 1997.141113 31.6680 64.2400   30   29.7897 20.6339 5.0812 36.8161 221.0100 0.4370 0.0890   -9.9900
20101001 1997.141113 31.6680 64.2400   32   31.7755 20.6275 5.0808 36.8170 220.8390 0.4370 0.1000   -9.9900
20101001 1997.141113 31.6680 64.2400   34   33.7613 20.6159 5.0795 36.8164 220.7570 0.4360 0.1020   -9.9900
20101001 1997.141113 31.6680 64.2400   36   35.7471 20.5903 5.0764 36.8122 220.8900 0.4370 0.1110   -9.9900
20101001 1997.141113 31.6680 64.2400   38   37.7328 20.5434 5.0704 36.8035 221.3410 0.4370 0.1260   -9.9900
20101001 1997.141113 31.6680 64.2400   40   39.7186 20.4832 5.0626 36.7913 221.3800 0.4370 0.1180   -9.9900
20101001 1997.141113 31.6680 64.2400   42   41.7043 20.4405 5.0572 36.7838 221.5090 0.4380 0.1230   -9.9900
20101001 1997.141113 31.6680 64.2400   44   43.6900 20.4235 5.0553 36.7819 221.4930 0.4380 0.1370   -9.9900
20101001 1997.141113 31.6680 64.2400   46   45.6757 20.4192 5.0550 36.7824 221.4750 0.4380 0.1460   -9.9900
20101001 1997.141113 31.6680 64.2400   48   47.6614 20.4179 5.0551 36.7834 221.4340 0.4390 0.1590   -9.9900
20101001 1997.141113 31.6680 64.2400   50   49.6470 20.4180 5.0552 36.7837 221.6610 0.4390 0.1650   -9.9900
20101001 1997.141113 31.6680 64.2400   52   51.6327 20.4155 5.0550 36.7833 221.6040 0.4380 0.1610   -9.9900
20101001 1997.141113 31.6680 64.2400   54   53.6183 20.4124 5.0547 36.7826 221.5510 0.4370 0.1630   -9.9900
20101001 1997.141113 31.6680 64.2400   56   55.6039 20.3999 5.0532 36.7809 221.6340 0.4360 0.1660   -9.9900
20101001 1997.141113 31.6680 64.2400   58   57.5894 20.3875 5.0518 36.7791 221.8300 0.4350 0.1740   -9.9900
20101001 1997.141113 31.6680 64.2400   60   59.5750 20.3793 5.0508 36.7779 221.5880 0.4340 0.1900   -9.9900
20101001 1997.141113 31.6680 64.2400   62   61.5605 20.3730 5.0502 36.7772 221.4640 0.4340 0.2060   -9.9900
20101001 1997.141113 31.6680 64.2400   64   63.5461 20.3677 5.0496 36.7761 221.7070 0.4330 0.2080   -9.9900
20101001 1997.141113 31.6680 64.2400   66   65.5315 20.3602 5.0487 36.7749 221.7220 0.4330 0.2180   -9.9900
20101001 1997.141113 31.6680 64.2400   68   67.5170 20.3561 5.0483 36.7742 221.7130 0.4330 0.2290   -9.9900
20101001 1997.141113 31.6680 64.2400   70   69.5025 20.3516 5.0478 36.7734 221.7710 0.4330 0.2450   -9.9900
20101001 1997.141113 31.6680 64.2400   72   71.4879 20.3460 5.0472 36.7728 221.7120 0.4330 0.2550   -9.9900
20101001 1997.141113 31.6680 64.2400   74   73.4733 20.3430 5.0469 36.7724 221.6600 0.4330 0.2600   -9.9900
20101001 1997.141113 31.6680 64.2400   76   75.4587 20.3385 5.0465 36.7718 221.4550 0.4330 0.2720   -9.9900
20101001 1997.141113 31.6680 64.2400   78   77.4441 20.3334 5.0460 36.7713 221.2680 0.4330 0.2810   -9.9900
20101001 1997.141113 31.6680 64.2400   80   79.4295 20.3258 5.0451 36.7703 220.9970 0.4340 0.2970   -9.9900
20101001 1997.141113 31.6680 64.2400   82   81.4148 20.3092 5.0431 36.7674 220.9480 0.4470 0.3240   -9.9900
20101001 1997.141113 31.6680 64.2400   84   83.4001 20.2879 5.0406 36.7649 220.7260 0.4460 0.3740   -9.9900
20101001 1997.141113 31.6680 64.2400   86   85.3855 20.2701 5.0387 36.7636 220.2800 0.4380 0.4350   -9.9900
20101001 1997.141113 31.6680 64.2400   88   87.3707 20.2525 5.0369 36.7635 220.0190 0.4420 0.4930   -9.9900
20101001 1997.141113 31.6680 64.2400   90   89.3560 20.2298 5.0344 36.7622 219.9510 0.4420 0.5080   -9.9900
20101001 1997.141113 31.6680 64.2400   92   91.3412 20.2147 5.0327 36.7604 219.6870 0.4410 0.5010   -9.9900
20101001 1997.141113 31.6680 64.2400   94   93.3265 20.1819 5.0289 36.7573 219.2950 0.4390 0.5160   -9.9900
20101001 1997.141113 31.6680 64.2400   96   95.3117 20.1595 5.0265 36.7561 218.8650 0.4390 0.5390   -9.9900
20101001 1997.141113 31.6680 64.2400   98   97.2969 20.1403 5.0246 36.7567 218.5490 0.4340 0.4840   -9.9900
20101001 1997.141113 31.6680 64.2400  100   99.2820 20.1259 5.0234 36.7587 218.0260 0.4280 0.4140   -9.9900
20101001 1997.141113 31.6680 64.2400  102  101.2672 20.1169 5.0225 36.7586 218.0210 0.4250 0.3760   -9.9900
20101001 1997.141113 31.6680 64.2400  104  103.2523 20.1157 5.0225 36.7589 217.4650 0.4250 0.3580   -9.9900
20101001 1997.141113 31.6680 64.2400  106  105.2374 20.1041 5.0213 36.7583 217.4480 0.4220 0.3340   -9.9900
20101001 1997.141113 31.6680 64.2400  108  107.2225 20.0826 5.0187 36.7553 217.2610 0.4200 0.3020   -9.9900
20101001 1997.141113 31.6680 64.2400  110  109.2076 20.0534 5.0152 36.7508 217.0910 0.4170 0.2650   -9.9900
20101001 1997.141113 31.6680 64.2400  112  111.1927 20.0204 5.0111 36.7450 216.9540 0.4150 0.2350   -9.9900
20101001 1997.141113 31.6680 64.2400  114  113.1777 20.0008 5.0087 36.7415 216.8880 0.4140 0.2240   -9.9900
20101001 1997.141113 31.6680 64.2400  116  115.1627 19.9649 5.0042 36.7355 216.7830 0.4120 0.1980   -9.9900
20101001 1997.141113 31.6680 64.2400  118  117.1477 19.9321 5.0001 36.7295 216.3960 0.4120 0.1900   -9.9900
20101001 1997.141113 31.6680 64.2400  120  119.1327 19.8972 4.9958 36.7236 215.8560 0.4110 0.1920   -9.9900
20101001 1997.141113 31.6680 64.2400  122  121.1176 19.8506 4.9903 36.7177 215.8360 0.4080 0.1670   -9.9900
20101001 1997.141113 31.6680 64.2400  124  123.1026 19.8266 4.9875 36.7154 215.0760 0.4080 0.1450   -9.9900
20101001 1997.141113 31.6680 64.2400  126  125.0875 19.7994 4.9844 36.7126 214.3000 0.4070 0.1290   -9.9900
20101001 1997.141113 31.6680 64.2400  128  127.0724 19.7805 4.9822 36.7103 213.8590 0.4070 0.1210   -9.9900
20101001 1997.141113 31.6680 64.2400  130  129.0573 19.7376 4.9771 36.7051 212.6860 0.4070 0.1150   -9.9900
20101001 1997.141113 31.6680 64.2400  132  131.0421 19.6931 4.9719 36.6995 211.8450 0.4070 0.1120   -9.9900
20101001 1997.141113 31.6680 64.2400  134  133.0270 19.6488 4.9666 36.6942 210.4790 0.4070 0.1100   -9.9900
20101001 1997.141113 31.6680 64.2400  136  135.0118 19.6013 4.9611 36.6890 208.9360 0.4060 0.1090   -9.9900
20101001 1997.141113 31.6680 64.2400  138  136.9966 19.5678 4.9573 36.6858 207.4110 0.4060 0.1140   -9.9900
20101001 1997.141113 31.6680 64.2400  140  138.9814 19.5273 4.9526 36.6819 205.8690 0.4060 0.1200   -9.9900
20101001 1997.141113 31.6680 64.2400  142  140.9662 19.4332 4.9416 36.6724 204.1220 0.4050 0.1270   -9.9900
20101001 1997.141113 31.6680 64.2400  144  142.9509 19.3708 4.9343 36.6655 204.1870 0.4050 0.1240   -9.9900
20101001 1997.141113 31.6680 64.2400  146  144.9356 19.3154 4.9280 36.6604 203.3080 0.4050 0.1100   -9.9900
20101001 1997.141113 31.6680 64.2400  148  146.9203 19.2279 4.9176 36.6504 201.8700 0.4050 0.1070   -9.9900
20101001 1997.141113 31.6680 64.2400  150  148.9050 19.1472 4.9083 36.6424 201.2860 0.4060 0.1210   -9.9900
20101001 1997.141113 31.6680 64.2400  152  150.8897 19.0921 4.9021 36.6381 200.3910 0.4060 0.1140   -9.9900
20101001 1997.141113 31.6680 64.2400  154  152.8743 19.0662 4.8992 36.6359 199.5590 0.4050 0.1260   -9.9900
20101001 1997.141113 31.6680 64.2400  156  154.8590 19.0258 4.8944 36.6309 199.4130 0.4060 0.1270   -9.9900
20101001 1997.141113 31.6680 64.2400  158  156.8436 18.9907 4.8902 36.6258 199.2130 0.4060 0.1150   -9.9900
20101001 1997.141113 31.6680 64.2400  160  158.8282 18.9318 4.8835 36.6201 198.9420 0.4060 0.1190   -9.9900
20101001 1997.141113 31.6680 64.2400  162  160.8128 18.8844 4.8780 36.6153 198.6350 0.4070 0.1330   -9.9900
20101001 1997.141113 31.6680 64.2400  164  162.7973 18.8476 4.8738 36.6113 198.4740 0.4080 0.1470   -9.9900
20101001 1997.141113 31.6680 64.2400  166  164.7818 18.8136 4.8699 36.6077 198.4440 0.4080 0.1530   -9.9900
20101001 1997.141113 31.6680 64.2400  168  166.7664 18.7864 4.8668 36.6050 198.3670 0.4210 0.1450   -9.9900
20101001 1997.141113 31.6680 64.2400  170  168.7509 18.7552 4.8633 36.6021 198.2770 0.4240 0.1330   -9.9900
20101001 1997.141113 31.6680 64.2400  172  170.7353 18.7312 4.8606 36.5999 198.2420 0.4120 0.1250   -9.9900
20101001 1997.141113 31.6680 64.2400  174  172.7198 18.7124 4.8585 36.5983 198.2920 0.4080 0.1180   -9.9900
20101001 1997.141113 31.6680 64.2400  176  174.7042 18.6945 4.8565 36.5967 198.4090 0.4060 0.1120   -9.9900
20101001 1997.141113 31.6680 64.2400  178  176.6887 18.6787 4.8548 36.5951 198.4790 0.4060 0.1060   -9.9900
20101001 1997.141113 31.6680 64.2400  180  178.6731 18.6424 4.8507 36.5918 198.6460 0.4050 0.0900   -9.9900
20101001 1997.141113 31.6680 64.2400  182  180.6574 18.6186 4.8480 36.5893 198.7440 0.4040 0.0820   -9.9900
20101001 1997.141113 31.6680 64.2400  184  182.6418 18.5853 4.8443 36.5866 198.8650 0.4040 0.0870   -9.9900
20101001 1997.141113 31.6680 64.2400  186  184.6261 18.5591 4.8414 36.5849 199.0500 0.4030 0.0780   -9.9900
20101001 1997.141113 31.6680 64.2400  188  186.6105 18.5346 4.8387 36.5829 199.2830 0.4020 0.0690   -9.9900
20101001 1997.141113 31.6680 64.2400  190  188.5948 18.5168 4.8368 36.5813 199.5040 0.4010 0.0640   -9.9900
20101001 1997.141113 31.6680 64.2400  192  190.5791 18.5040 4.8354 36.5802 199.6880 0.4010 0.0610   -9.9900
20101001 1997.141113 31.6680 64.2400  194  192.5633 18.4827 4.8330 36.5782 199.9790 0.4000 0.0560   -9.9900
20101001 1997.141113 31.6680 64.2400  196  194.5476 18.4687 4.8315 36.5769 200.2050 0.3990 0.0520   -9.9900
20101001 1997.141113 31.6680 64.2400  198  196.5318 18.4473 4.8291 36.5749 200.5220 0.3990 0.0460   -9.9900
20101001 1997.141113 31.6680 64.2400  200  198.5160 18.4372 4.8280 36.5741 200.6750 0.3990 0.0450   -9.9900
20101001 1997.141113 31.6680 64.2400  202  200.5002 18.4299 4.8273 36.5734 200.8170 0.3990 0.0500   -9.9900
20101001 1997.141113 31.6680 64.2400  204  202.4844 18.4250 4.8268 36.5728 200.8610 0.3990 0.0540   -9.9900
20101001 1997.141113 31.6680 64.2400  206  204.4685 18.4121 4.8254 36.5715 200.9790 0.3990 0.0590   -9.9900
20101001 1997.141113 31.6680 64.2400  208  206.4526 18.4061 4.8248 36.5711 200.9400 0.3990 0.0520   -9.9900
20101001 1997.141113 31.6680 64.2400  210  208.4368 18.4025 4.8245 36.5707 200.8780 0.3990 0.0510   -9.9900
20101001 1997.141113 31.6680 64.2400  212  210.4209 18.3988 4.8241 36.5703 201.1440 0.3990 0.0580   -9.9900
20101001 1997.141113 31.6680 64.2400  214  212.4049 18.3967 4.8240 36.5700 201.0080 0.3990 0.0470   -9.9900
20101001 1997.141113 31.6680 64.2400  216  214.3890 18.3914 4.8234 36.5696 201.0160 0.3990 0.0480   -9.9900
20101001 1997.141113 31.6680 64.2400  218  216.3730 18.3857 4.8229 36.5689 201.1250 0.3990 0.0360   -9.9900
20101001 1997.141113 31.6680 64.2400  220  218.3570 18.3770 4.8219 36.5681 201.3430 0.3990 0.0310   -9.9900
20101001 1997.141113 31.6680 64.2400  222  220.3410 18.3635 4.8204 36.5661 201.4890 0.3990 0.0380   -9.9900
20101001 1997.141113 31.6680 64.2400  224  222.3250 18.3450 4.8183 36.5640 201.7170 0.3980 0.0420   -9.9900
20101001 1997.141113 31.6680 64.2400  226  224.3090 18.3365 4.8174 36.5633 201.8350 0.3980 0.0390   -9.9900
20101001 1997.141113 31.6680 64.2400  228  226.2929 18.3194 4.8156 36.5622 202.0240 0.3980 0.0490   -9.9900
20101001 1997.141113 31.6680 64.2400  230  228.2768 18.3142 4.8151 36.5618 202.0060 0.3980 0.0530   -9.9900
20101001 1997.141113 31.6680 64.2400  232  230.2607 18.3093 4.8146 36.5614 202.0510 0.3980 0.0550   -9.9900
20101001 1997.141113 31.6680 64.2400  234  232.2446 18.3061 4.8144 36.5612 202.1540 0.3980 0.0380   -9.9900
20101001 1997.141113 31.6680 64.2400  236  234.2285 18.3061 4.8145 36.5613 202.1170 0.3980 0.0440   -9.9900
20101001 1997.141113 31.6680 64.2400  238  236.2123 18.3034 4.8142 36.5611 202.2720 0.3980 0.0500   -9.9900
20101001 1997.141113 31.6680 64.2400  240  238.1962 18.2915 4.8130 36.5601 202.4630 0.3980 0.0530   -9.9900
20101001 1997.141113 31.6680 64.2400  242  240.1800 18.2810 4.8119 36.5593 202.6640 0.3970 0.0480   -9.9900
20101001 1997.141113 31.6680 64.2400  244  242.1638 18.2778 4.8116 36.5593 202.7160 0.3970 0.0490   -9.9900
20101001 1997.141113 31.6680 64.2400  246  244.1475 18.2762 4.8116 36.5594 202.7510 0.3980 0.0530   -9.9900
20101001 1997.141113 31.6680 64.2400  248  246.1313 18.2698 4.8109 36.5587 203.0620 0.3980 0.0510   -9.9900
20101001 1997.141113 31.6680 64.2400  250  248.1150 18.2604 4.8099 36.5578 203.1470 0.3970 0.0440   -9.9900
20101001 1997.141113 31.6680 64.2400  252  250.0987 18.2512 4.8089 36.5568 203.2790 0.3970 0.0400   -9.9900
20101001 1997.141113 31.6680 64.2400  254  252.0824 18.2353 4.8072 36.5552 203.4110 0.3970 0.0430   -9.9900
20101001 1997.141113 31.6680 64.2400  256  254.0661 18.2227 4.8058 36.5540 203.3880 0.3970 0.0460   -9.9900
20101001 1997.141113 31.6680 64.2400  258  256.0497 18.2126 4.8047 36.5531 203.4220 0.3970 0.0500   -9.9900
20101001 1997.141113 31.6680 64.2400  260  258.0334 18.2055 4.8040 36.5523 203.6820 0.3970 0.0460   -9.9900
20101001 1997.141113 31.6680 64.2400  262  260.0170 18.1983 4.8032 36.5516 203.8810 0.3970 0.0480   -9.9900
20101001 1997.141113 31.6680 64.2400  264  262.0006 18.1898 4.8024 36.5508 204.0580 0.3970 0.0500   -9.9900
20101001 1997.141113 31.6680 64.2400  266  263.9842 18.1784 4.8011 36.5498 204.2240 0.3960 0.0450   -9.9900
20101001 1997.141113 31.6680 64.2400  268  265.9677 18.1711 4.8004 36.5490 204.0760 0.3960 0.0410   -9.9900
20101001 1997.141113 31.6680 64.2400  270  267.9513 18.1605 4.7992 36.5478 204.1630 0.3960 0.0340   -9.9900
20101001 1997.141113 31.6680 64.2400  272  269.9348 18.1511 4.7982 36.5466 204.1170 0.3960 0.0390   -9.9900
20101001 1997.141113 31.6680 64.2400  274  271.9183 18.1436 4.7974 36.5458 204.1200 0.3960 0.0480   -9.9900
20101001 1997.141113 31.6680 64.2400  276  273.9018 18.1334 4.7963 36.5446 204.4450 0.3960 0.0450   -9.9900
20101001 1997.141113 31.6680 64.2400  278  275.8852 18.1198 4.7948 36.5433 204.7810 0.3960 0.0430   -9.9900
20101001 1997.141113 31.6680 64.2400  280  277.8687 18.1119 4.7940 36.5426 204.7060 0.3960 0.0460   -9.9900
20101001 1997.141113 31.6680 64.2400  282  279.8521 18.1071 4.7935 36.5420 204.7470 0.3960 0.0430   -9.9900
20101001 1997.141113 31.6680 64.2400  284  281.8355 18.0966 4.7924 36.5408 204.9110 0.3960 0.0330   -9.9900
20101001 1997.141113 31.6680 64.2400  286  283.8189 18.0899 4.7916 36.5397 205.0040 0.3950 0.0290   -9.9900
20101001 1997.141113 31.6680 64.2400  288  285.8022 18.0751 4.7900 36.5379 205.0270 0.3960 0.0480   -9.9900
20101001 1997.141113 31.6680 64.2400  290  287.7856 18.0607 4.7884 36.5364 204.7770 0.3950 0.0410   -9.9900
20101001 1997.141113 31.6680 64.2400  292  289.7689 18.0516 4.7874 36.5354 204.9430 0.3950 0.0430   -9.9900
20101001 1997.141113 31.6680 64.2400  294  291.7522 18.0427 4.7864 36.5343 205.0050 0.3950 0.0310   -9.9900
20101001 1997.141113 31.6680 64.2400  296  293.7355 18.0347 4.7856 36.5332 204.9230 0.3950 0.0300   -9.9900
20101001 1997.141113 31.6680 64.2400  298  295.7188 18.0288 4.7850 36.5328 204.8880 0.3950 0.0240   -9.9900
20101001 1997.141113 31.6680 64.2400  300  297.7020 18.0262 4.7848 36.5325 204.8990 0.3950 0.0270   -9.9900
20101001 1997.141113 31.6680 64.2400  302  299.6853 18.0217 4.7843 36.5316 204.9390 0.3950 0.0330   -9.9900
20101001 1997.141113 31.6680 64.2400  304  301.6685 18.0182 4.7839 36.5310 204.9600 0.3950 0.0300   -9.9900
20101001 1997.141113 31.6680 64.2400  306  303.6517 18.0100 4.7830 36.5296 205.0440 0.3940 0.0250   -9.9900
20101001 1997.141113 31.6680 64.2400  308  305.6349 18.0075 4.7828 36.5295 204.9990 0.3940 0.0240   -9.9900
20101001 1997.141113 31.6680 64.2400  310  307.6180 18.0064 4.7828 36.5294 205.0540 0.3940 0.0270   -9.9900
20101001 1997.141113 31.6680 64.2400  312  309.6011 18.0054 4.7828 36.5293 205.0420 0.3940 0.0330   -9.9900
20101001 1997.141113 31.6680 64.2400  314  311.5843 18.0032 4.7826 36.5291 204.9600 0.3940 0.0350   -9.9900
20101001 1997.141113 31.6680 64.2400  316  313.5674 17.9978 4.7821 36.5284 204.9230 0.3940 0.0380   -9.9900
20101001 1997.141113 31.6680 64.2400  318  315.5504 17.9914 4.7814 36.5274 204.8380 0.3940 0.0390   -9.9900
20101001 1997.141113 31.6680 64.2400  320  317.5335 17.9841 4.7806 36.5264 204.7740 0.3940 0.0380   -9.9900
20101001 1997.141113 31.6680 64.2400  322  319.5165 17.9763 4.7797 36.5251 204.7900 0.3940 0.0320   -9.9900
20101001 1997.141113 31.6680 64.2400  324  321.4996 17.9730 4.7794 36.5247 204.7560 0.3940 0.0350   -9.9900
20101001 1997.141113 31.6680 64.2400  326  323.4826 17.9687 4.7790 36.5239 204.6990 0.3950 0.0410   -9.9900
20101001 1997.141113 31.6680 64.2400  328  325.4656 17.9576 4.7776 36.5216 204.5240 0.3940 0.0400   -9.9900
20101001 1997.141113 31.6680 64.2400  330  327.4485 17.9405 4.7756 36.5186 204.3670 0.3940 0.0340   -9.9900
20101001 1997.141113 31.6680 64.2400  332  329.4315 17.9301 4.7743 36.5165 204.1260 0.3930 0.0330   -9.9900
20101001 1997.141113 31.6680 64.2400  334  331.4144 17.9226 4.7734 36.5145 203.7830 0.3930 0.0370   -9.9900
20101001 1997.141113 31.6680 64.2400  336  333.3973 17.9139 4.7723 36.5122 203.3960 0.3930 0.0340   -9.9900
20101001 1997.141113 31.6680 64.2400  338  335.3802 17.9008 4.7707 36.5088 203.0640 0.3930 0.0260   -9.9900
20101001 1997.141113 31.6680 64.2400  340  337.3631 17.8914 4.7696 36.5070 202.9280 0.3920 0.0300   -9.9900
20101001 1997.141113 31.6680 64.2400  342  339.3459 17.8844 4.7688 36.5060 202.7750 0.3930 0.0320   -9.9900
20101001 1997.141113 31.6680 64.2400  344  341.3287 17.8747 4.7677 36.5043 202.5310 0.3920 0.0310   -9.9900
20101001 1997.141113 31.6680 64.2400  346  343.3116 17.8636 4.7664 36.5023 202.3160 0.3920 0.0300   -9.9900
20101001 1997.141113 31.6680 64.2400  348  345.2944 17.8482 4.7646 36.4995 202.1370 0.3920 0.0340   -9.9900
20101001 1997.141113 31.6680 64.2400  350  347.2771 17.8421 4.7639 36.4987 201.7360 0.3920 0.0320   -9.9900
20101001 1997.141113 31.6680 64.2400  352  349.2599 17.8353 4.7631 36.4972 201.3540 0.3920 0.0310   -9.9900
20101001 1997.141113 31.6680 64.2400  354  351.2426 17.8251 4.7619 36.4951 201.1180 0.3920 0.0330   -9.9900
20101001 1997.141113 31.6680 64.2400  356  353.2253 17.8198 4.7613 36.4940 200.8430 0.3910 0.0330   -9.9900
20101001 1997.141113 31.6680 64.2400  358  355.2080 17.8081 4.7600 36.4919 200.9890 0.3910 0.0450   -9.9900
20101001 1997.141113 31.6680 64.2400  360  357.1907 17.7971 4.7588 36.4907 201.1590 0.3910 0.0400   -9.9900
20101001 1997.141113 31.6680 64.2400  362  359.1734 17.7873 4.7577 36.4894 200.1570 0.3910 0.0390   -9.9900
20101001 1997.141113 31.6680 64.2400  364  361.1560 17.7611 4.7543 36.4831 200.2220 0.3920 0.0460   -9.9900
20101001 1997.141113 31.6680 64.2400  366  363.1386 17.7543 4.7537 36.4830 200.4510 0.3910 0.0320   -9.9900
20101001 1997.141113 31.6680 64.2400  368  365.1212 17.7562 4.7541 36.4842 200.7100 0.3910 0.0350   -9.9900
20101001 1997.141113 31.6680 64.2400  370  367.1038 17.7513 4.7536 36.4836 200.8180 0.3920 0.0390   -9.9900
20101001 1997.141113 31.6680 64.2400  372  369.0864 17.7476 4.7533 36.4830 200.5550 0.3920 0.0360   -9.9900
20101001 1997.141113 31.6680 64.2400  374  371.0689 17.7435 4.7528 36.4819 199.4800 0.3920 0.0480   -9.9900
20101001 1997.141113 31.6680 64.2400  376  373.0515 17.7263 4.7506 36.4774 198.9730 0.3920 0.0430   -9.9900
20101001 1997.141113 31.6680 64.2400  378  375.0340 17.6912 4.7461 36.4696 199.1560 0.3910 0.0310   -9.9900
20101001 1997.141113 31.6680 64.2400  380  377.0165 17.6793 4.7448 36.4683 198.5080 0.3910 0.0330   -9.9900
20101001 1997.141113 31.6680 64.2400  382  378.9989 17.6707 4.7438 36.4666 197.8440 0.3910 0.0320   -9.9900
20101001 1997.141113 31.6680 64.2400  384  380.9814 17.6621 4.7428 36.4650 197.5030 0.3910 0.0280   -9.9900
20101001 1997.141113 31.6680 64.2400  386  382.9638 17.6586 4.7425 36.4643 197.3010 0.3910 0.0350   -9.9900
20101001 1997.141113 31.6680 64.2400  388  384.9462 17.6548 4.7421 36.4636 197.3210 0.3910 0.0380   -9.9900
20101001 1997.141113 31.6680 64.2400  390  386.9286 17.6465 4.7412 36.4623 197.3790 0.3910 0.0320   -9.9900
20101001 1997.141113 31.6680 64.2400  392  388.9110 17.6374 4.7402 36.4609 197.1930 0.3910 0.0300   -9.9900
20101001 1997.141113 31.6680 64.2400  394  390.8933 17.6250 4.7387 36.4585 196.3390 0.3910 0.0300   -9.9900
20101001 1997.141113 31.6680 64.2400  396  392.8757 17.6062 4.7364 36.4546 195.3840 0.3910 0.0320   -9.9900
20101001 1997.141113 31.6680 64.2400  398  394.8580 17.5733 4.7322 36.4471 194.3140 0.3910 0.0310   -9.9900
20101001 1997.141113 31.6680 64.2400  400  396.8403 17.5495 4.7292 36.4419 193.4430 0.3900 0.0280   -9.9900
20101001 1997.141113 31.6680 64.2400  402  398.8226 17.5275 4.7266 36.4378 192.8660 0.3900 0.0340   -9.9900
20101001 1997.141113 31.6680 64.2400  404  400.8048 17.5094 4.7244 36.4344 192.7660 0.3900 0.0440   -9.9900
20101001 1997.141113 31.6680 64.2400  406  402.7871 17.4860 4.7216 36.4303 192.2180 0.3900 0.0450   -9.9900
20101001 1997.141113 31.6680 64.2400  408  404.7693 17.4650 4.7191 36.4270 191.2540 0.3900 0.0380   -9.9900
20101001 1997.141113 31.6680 64.2400  410  406.7515 17.4435 4.7165 36.4228 190.7590 0.3900 0.0360   -9.9900
20101001 1997.141113 31.6680 64.2400  412  408.7337 17.4198 4.7136 36.4183 190.5190 0.3900 0.0370   -9.9900
20101001 1997.141113 31.6680 64.2400  414  410.7158 17.3995 4.7112 36.4151 190.3550 0.3900 0.0440   -9.9900
20101001 1997.141113 31.6680 64.2400  416  412.6980 17.3884 4.7100 36.4136 190.0090 0.3900 0.0400   -9.9900
20101001 1997.141113 31.6680 64.2400  418  414.6801 17.3776 4.7088 36.4120 189.6190 0.3900 0.0350   -9.9900
20101001 1997.141113 31.6680 64.2400  420  416.6622 17.3657 4.7074 36.4101 189.2400 0.3900 0.0320   -9.9900
20101001 1997.141113 31.6680 64.2400  422  418.6443 17.3484 4.7053 36.4068 189.0580 0.3900 0.0500   -9.9900
20101001 1997.141113 31.6680 64.2400  424  420.6264 17.3298 4.7031 36.4033 188.5160 0.3900 0.0340   -9.9900
20101001 1997.141113 31.6680 64.2400  426  422.6084 17.3100 4.7008 36.4004 188.2850 0.3900 0.0270   -9.9900
20101001 1997.141113 31.6680 64.2400  428  424.5905 17.3069 4.7006 36.4001 188.0410 0.3910 0.0420   -9.9900
20101001 1997.141113 31.6680 64.2400  430  426.5725 17.2860 4.6981 36.3965 187.4990 0.3900 0.0430   -9.9900
20101001 1997.141113 31.6680 64.2400  432  428.5545 17.2578 4.6946 36.3907 187.4720 0.3900 0.0350   -9.9900
20101001 1997.141113 31.6680 64.2400  434  430.5364 17.2083 4.6885 36.3813 187.2930 0.3900 0.0330   -9.9900
20101001 1997.141113 31.6680 64.2400  436  432.5184 17.1797 4.6850 36.3762 187.2100 0.3900 0.0270   -9.9900
20101001 1997.141113 31.6680 64.2400  438  434.5003 17.1631 4.6831 36.3732 186.8980 0.3900 0.0230   -9.9900
20101001 1997.141113 31.6680 64.2400  440  436.4822 17.1651 4.6835 36.3747 186.7060 0.3900 0.0330   -9.9900
20101001 1997.141113 31.6680 64.2400  442  438.4641 17.1517 4.6820 36.3725 186.4320 0.3900 0.0360   -9.9900
20101001 1997.141113 31.6680 64.2400  444  440.4460 17.1335 4.6798 36.3692 186.1980 0.3900 0.0310   -9.9900
20101001 1997.141113 31.6680 64.2400  446  442.4279 17.1015 4.6758 36.3620 186.1490 0.3910 0.0310   -9.9900
20101001 1997.141113 31.6680 64.2400  448  444.4097 17.0567 4.6703 36.3534 186.2250 0.3910 0.0370   -9.9900
20101001 1997.141113 31.6680 64.2400  450  446.3915 17.0228 4.6663 36.3485 185.9840 0.3900 0.0390   -9.9900
20101001 1997.141113 31.6680 64.2400  452  448.3733 17.0219 4.6664 36.3493 185.6550 0.3900 0.0380   -9.9900
20101001 1997.141113 31.6680 64.2400  454  450.3551 17.0208 4.6664 36.3498 185.3060 0.3900 0.0380   -9.9900
20101001 1997.141113 31.6680 64.2400  456  452.3369 17.0177 4.6661 36.3493 185.0960 0.3910 0.0340   -9.9900
20101001 1997.141113 31.6680 64.2400  458  454.3186 17.0077 4.6650 36.3478 184.8400 0.3910 0.0370   -9.9900
20101001 1997.141113 31.6680 64.2400  460  456.3004 16.9906 4.6631 36.3451 184.3180 0.3910 0.0350   -9.9900
20101001 1997.141113 31.6680 64.2400  462  458.2821 16.9544 4.6586 36.3379 184.3030 0.3910 0.0390   -9.9900
20101001 1997.141113 31.6680 64.2400  464  460.2638 16.9074 4.6529 36.3294 184.1980 0.3910 0.0360   -9.9900
20101001 1997.141113 31.6680 64.2400  466  462.2454 16.8926 4.6512 36.3271 183.9260 0.3910 0.0320   -9.9900
20101001 1997.141113 31.6680 64.2400  468  464.2271 16.8859 4.6504 36.3258 183.6930 0.3910 0.0330   -9.9900
20101001 1997.141113 31.6680 64.2400  470  466.2087 16.8690 4.6484 36.3223 183.5600 0.3910 0.0330   -9.9900
20101001 1997.141113 31.6680 64.2400  472  468.1903 16.8389 4.6447 36.3160 183.6110 0.3910 0.0330   -9.9900
20101001 1997.141113 31.6680 64.2400  474  470.1719 16.8188 4.6423 36.3124 183.4340 0.3910 0.0370   -9.9900
20101001 1997.141113 31.6680 64.2400  476  472.1535 16.7948 4.6393 36.3074 183.2110 0.3910 0.0370   -9.9900
20101001 1997.141113 31.6680 64.2400  478  474.1351 16.7465 4.6333 36.2975 183.2190 0.3910 0.0340   -9.9900
20101001 1997.141113 31.6680 64.2400  480  476.1166 16.7007 4.6278 36.2891 183.3600 0.3910 0.0350   -9.9900
20101001 1997.141113 31.6680 64.2400  482  478.0981 16.6805 4.6254 36.2859 183.0650 0.3910 0.0420   -9.9900
20101001 1997.141113 31.6680 64.2400  484  480.0796 16.6219 4.6182 36.2747 183.0430 0.3920 0.0360   -9.9900
20101001 1997.141113 31.6680 64.2400  486  482.0611 16.5851 4.6139 36.2694 182.6090 0.3920 0.0320   -9.9900
20101001 1997.141113 31.6680 64.2400  488  484.0425 16.5444 4.6092 36.2636 182.3320 0.3920 0.0310   -9.9900
20101001 1997.141113 31.6680 64.2400  490  486.0240 16.5122 4.6056 36.2598 181.7720 0.3920 0.0340   -9.9900
20101001 1997.141113 31.6680 64.2400  492  488.0054 16.4844 4.6024 36.2559 181.3090 0.3920 0.0330   -9.9900
20101001 1997.141113 31.6680 64.2400  494  489.9868 16.4532 4.5987 36.2513 180.9350 0.3920 0.0330   -9.9900
20101001 1997.141113 31.6680 64.2400  496  491.9682 16.4146 4.5942 36.2455 180.5120 0.3920 0.0320   -9.9900
20101001 1997.141113 31.6680 64.2400  498  493.9496 16.3828 4.5905 36.2407 180.3250 0.3920 0.0340   -9.9900
20101001 1997.141113 31.6680 64.2400  500  495.9309 16.3351 4.5846 36.2308 180.2190 0.3920 0.0350   -9.9900
20101001 1997.141113 31.6680 64.2400  502  497.9122 16.2868 4.5787 36.2211 180.1830 0.3920 0.0340   -9.9900
20101001 1997.141113 31.6680 64.2400  504  499.8935 16.2435 4.5734 36.2127 180.2200 0.3920 0.0340   -9.9900
20101001 1997.141113 31.6680 64.2400  506  501.8748 16.2121 4.5697 36.2072 180.3890 0.3920 0.0290   -9.9900
20101002 1997.142049 31.6690 64.3310    6    5.9583 21.1064 5.1329 36.8346 227.2350 0.4310 0.0980   -9.9900
20101002 1997.142049 31.6690 64.3310    8    7.9443 21.0997 5.1322 36.8346 227.1310 0.4310 0.1000   -9.9900
20101002 1997.142049 31.6690 64.3310   10    9.9304 21.0549 5.1272 36.8320 226.8830 0.4320 0.1010   -9.9900
20101002 1997.142049 31.6690 64.3310   12   11.9164 20.9699 5.1178 36.8289 226.5760 0.4330 0.1010   -9.9900
20101002 1997.142049 31.6690 64.3310   14   13.9024 20.8675 5.1067 36.8261 226.4670 0.4350 0.0980   -9.9900
20101002 1997.142049 31.6690 64.3310   16   15.8884 20.7414 5.0929 36.8229 226.5310 0.4350 0.1060   -9.9900
20101002 1997.142049 31.6690 64.3310   18   17.8743 20.6967 5.0882 36.8229 226.5120 0.4340 0.1090   -9.9900
20101002 1997.142049 31.6690 64.3310   20   19.8603 20.6754 5.0860 36.8225 226.4420 0.4340 0.1040   -9.9900
20101002 1997.142049 31.6690 64.3310   22   21.8462 20.6449 5.0826 36.8209 226.2770 0.4340 0.1090   -9.9900
20101002 1997.142049 31.6690 64.3310   24   23.8321 20.6344 5.0816 36.8208 225.9240 0.4350 0.1140   -9.9900
20101002 1997.142049 31.6690 64.3310   26   25.8180 20.6102 5.0785 36.8155 225.8080 0.4350 0.1240   -9.9900
20101002 1997.142049 31.6690 64.3310   28   27.8038 20.5868 5.0756 36.8118 226.1500 0.4350 0.1380   -9.9900
20101002 1997.142049 31.6690 64.3310   30   29.7897 20.5804 5.0750 36.8115 225.9800 0.4350 0.1330   -9.9900
20101002 1997.142049 31.6690 64.3310   32   31.7755 20.5506 5.0712 36.8059 225.7430 0.4350 0.1250   -9.9900
20101002 1997.142049 31.6690 64.3310   34   33.7613 20.5108 5.0662 36.7990 226.0220 0.4360 0.1380   -9.9900
20101002 1997.142049 31.6690 64.3310   36   35.7471 20.4772 5.0618 36.7917 226.1770 0.4360 0.1390   -9.9900
20101002 1997.142049 31.6690 64.3310   38   37.7328 20.4736 5.0615 36.7915 226.1540 0.4360 0.1400   -9.9900
20101002 1997.142049 31.6690 64.3310   40   39.7186 20.4705 5.0613 36.7920 225.9990 0.4360 0.1410   -9.9900
20101002 1997.142049 31.6690 64.3310   42   41.7043 20.4643 5.0607 36.7915 225.5830 0.4360 0.1510   -9.9900
20101002 1997.142049 31.6690 64.3310   44   43.6900 20.4498 5.0589 36.7885 225.7170 0.4360 0.1510   -9.9900
20101002 1997.142049 31.6690 64.3310   46   45.6757 20.4072 5.0535 36.7808 225.7380 0.4350 0.1650   -9.9900
20101002 1997.142049 31.6690 64.3310   48   47.6614 20.3953 5.0521 36.7786 225.7670 0.4340 0.1700   -9.9900
20101002 1997.142049 31.6690 64.3310   50   49.6470 20.3825 5.0505 36.7763 225.8970 0.4340 0.1840   -9.9900
20101002 1997.142049 31.6690 64.3310   52   51.6327 20.3874 5.0512 36.7770 226.0660 0.4330 0.1860   -9.9900
20101002 1997.142049 31.6690 64.3310   54   53.6183 20.3805 5.0505 36.7762 226.0430 0.4330 0.1930   -9.9900
20101002 1997.142049 31.6690 64.3310   56   55.6039 20.3791 5.0505 36.7765 226.0930 0.4330 0.1990   -9.9900
20101002 1997.142049 31.6690 64.3310   58   57.5894 20.3705 5.0495 36.7756 226.0650 0.4330 0.2030   -9.9900
20101002 1997.142049 31.6690 64.3310   60   59.5750 20.3688 5.0494 36.7754 226.0440 0.4330 0.2030   -9.9900
20101002 1997.142049 31.6690 64.3310   62   61.5605 20.3671 5.0493 36.7751 226.0020 0.4320 0.2060   -9.9900
20101002 1997.142049 31.6690 64.3310   64   63.5460 20.3640 5.0490 36.7746 225.9550 0.4320 0.2070   -9.9900
20101002 1997.142049 31.6690 64.3310   66   65.5315 20.3614 5.0487 36.7739 225.8980 0.4320 0.2160   -9.9900
20101002 1997.142049 31.6690 64.3310   68   67.5170 20.3579 5.0484 36.7734 225.8630 0.4310 0.2210   -9.9900
20101002 1997.142049 31.6690 64.3310   70   69.5025 20.3551 5.0481 36.7730 225.8040 0.4300 0.2340   -9.9900
20101002 1997.142049 31.6690 64.3310   72   71.4879 20.3401 5.0463 36.7703 225.4780 0.4300 0.2390   -9.9900
20101002 1997.142049 31.6690 64.3310   74   73.4733 20.3035 5.0419 36.7653 224.9730 0.4320 0.2700   -9.9900
20101002 1997.142049 31.6690 64.3310   76   75.4587 20.2622 5.0372 36.7620 224.4570 0.4370 0.3670   -9.9900
20101002 1997.142049 31.6690 64.3310   78   77.4441 20.2411 5.0349 36.7606 224.0580 0.4390 0.4330   -9.9900
20101002 1997.142049 31.6690 64.3310   80   79.4295 20.2087 5.0313 36.7585 223.6290 0.4400 0.4920   -9.9900
20101002 1997.142049 31.6690 64.3310   82   81.4148 20.1869 5.0290 36.7579 223.0250 0.4400 0.5260   -9.9900
20101002 1997.142049 31.6690 64.3310   84   83.4001 20.1582 5.0259 36.7571 222.5880 0.4360 0.5000   -9.9900
20101002 1997.142049 31.6690 64.3310   86   85.3854 20.1437 5.0244 36.7564 222.1810 0.4320 0.4620   -9.9900
20101002 1997.142049 31.6690 64.3310   88   87.3707 20.1326 5.0232 36.7556 221.8050 0.4270 0.4070   -9.9900
20101002 1997.142049 31.6690 64.3310   90   89.3560 20.1254 5.0225 36.7553 221.5320 0.4230 0.3490   -9.9900
20101002 1997.142049 31.6690 64.3310   92   91.3412 20.1243 5.0224 36.7551 221.4020 0.4230 0.3390   -9.9900
20101002 1997.142049 31.6690 64.3310   94   93.3265 20.1201 5.0220 36.7545 221.1300 0.4210 0.3340   -9.9900
20101002 1997.142049 31.6690 64.3310   96   95.3117 20.1151 5.0215 36.7540 221.0080 0.4200 0.3080   -9.9900
20101002 1997.142049 31.6690 64.3310   98   97.2969 20.0971 5.0195 36.7529 220.8420 0.4150 0.2530   -9.9900
20101002 1997.142049 31.6690 64.3310  100   99.2820 20.0877 5.0186 36.7527 220.6650 0.4130 0.2210   -9.9900
20101002 1997.142049 31.6690 64.3310  102  101.2672 20.0864 5.0186 36.7532 220.4310 0.4120 0.2020   -9.9900
20101002 1997.142049 31.6690 64.3310  104  103.2523 20.0831 5.0183 36.7530 220.5230 0.4120 0.2020   -9.9900
20101002 1997.142049 31.6690 64.3310  106  105.2374 20.0758 5.0175 36.7520 220.1970 0.4110 0.1860   -9.9900
20101002 1997.142049 31.6690 64.3310  108  107.2225 20.0686 5.0167 36.7510 219.9480 0.4110 0.1770   -9.9900
20101002 1997.142049 31.6690 64.3310  110  109.2076 20.0578 5.0155 36.7492 219.8170 0.4110 0.1740   -9.9900
20101002 1997.142049 31.6690 64.3310  112  111.1926 20.0409 5.0134 36.7463 219.7280 0.4110 0.1690   -9.9900
20101002 1997.142049 31.6690 64.3310  114  113.1777 20.0056 5.0090 36.7397 219.6550 0.4110 0.1680   -9.9900
20101002 1997.142049 31.6690 64.3310  116  115.1627 19.9302 4.9995 36.7271 219.5290 0.4100 0.1640   -9.9900
20101002 1997.142049 31.6690 64.3310  118  117.1477 19.8648 4.9920 36.7209 219.0910 0.4070 0.1310   -9.9900
20101002 1997.142049 31.6690 64.3310  120  119.1327 19.8485 4.9903 36.7205 218.6780 0.4060 0.0940   -9.9900
20101002 1997.142049 31.6690 64.3310  122  121.1176 19.8353 4.9888 36.7191 218.6080 0.4060 0.0880   -9.9900
20101002 1997.142049 31.6690 64.3310  124  123.1026 19.8284 4.9881 36.7185 218.5230 0.4050 0.0830   -9.9900
20101002 1997.142049 31.6690 64.3310  126  125.0875 19.8248 4.9877 36.7179 218.3470 0.4050 0.0820   -9.9900
20101002 1997.142049 31.6690 64.3310  128  127.0724 19.7840 4.9829 36.7125 217.7200 0.4050 0.0870   -9.9900
20101002 1997.142049 31.6690 64.3310  130  129.0573 19.7572 4.9797 36.7091 217.2550 0.4050 0.0900   -9.9900
20101002 1997.142049 31.6690 64.3310  132  131.0421 19.7335 4.9769 36.7062 216.7670 0.4050 0.0900   -9.9900
20101002 1997.142049 31.6690 64.3310  134  133.0270 19.7205 4.9755 36.7047 216.2060 0.4050 0.0930   -9.9900
20101002 1997.142049 31.6690 64.3310  136  135.0118 19.7168 4.9751 36.7043 215.6540 0.4050 0.0950   -9.9900
20101002 1997.142049 31.6690 64.3310  138  136.9966 19.6841 4.9711 36.6985 215.4240 0.4050 0.0880   -9.9900
20101002 1997.142049 31.6690 64.3310  140  138.9814 19.6703 4.9695 36.6966 215.1320 0.4050 0.0780   -9.9900
20101002 1997.142049 31.6690 64.3310  142  140.9661 19.6383 4.9658 36.6932 214.7860 0.4040 0.0810   -9.9900
20101002 1997.142049 31.6690 64.3310  144  142.9509 19.6043 4.9619 36.6899 214.0110 0.4040 0.0810   -9.9900
20101002 1997.142049 31.6690 64.3310  146  144.9356 19.5588 4.9566 36.6850 213.2700 0.4040 0.0750   -9.9900
20101002 1997.142049 31.6690 64.3310  148  146.9203 19.5266 4.9528 36.6812 212.5580 0.4040 0.0850   -9.9900
20101002 1997.142049 31.6690 64.3310  150  148.9050 19.4839 4.9477 36.6755 210.4670 0.4040 0.0880   -9.9900
20101002 1997.142049 31.6690 64.3310  152  150.8897 19.4143 4.9396 36.6680 210.7110 0.4030 0.0830   -9.9900
20101002 1997.142049 31.6690 64.3310  154  152.8743 19.3984 4.9377 36.6659 208.7620 0.4040 0.0820   -9.9900
20101002 1997.142049 31.6690 64.3310  156  154.8590 19.2988 4.9264 36.6581 207.7780 0.4030 0.0840   -9.9900
20101002 1997.142049 31.6690 64.3310  158  156.8436 19.2857 4.9248 36.6558 206.5360 0.4030 0.0920   -9.9900
20101002 1997.142049 31.6690 64.3310  160  158.8282 19.2271 4.9179 36.6491 205.1840 0.4040 0.0950   -9.9900
20101002 1997.142049 31.6690 64.3310  162  160.8127 19.1672 4.9112 36.6448 204.1610 0.4040 0.0970   -9.9900
20101002 1997.142049 31.6690 64.3310  164  162.7973 19.1356 4.9077 36.6421 203.3910 0.4040 0.1060   -9.9900
20101002 1997.142049 31.6690 64.3310  166  164.7818 19.1278 4.9068 36.6412 202.9180 0.4050 0.1060   -9.9900
20101002 1997.142049 31.6690 64.3310  168  166.7663 19.0481 4.8973 36.6311 202.6960 0.4050 0.1010   -9.9900
20101002 1997.142049 31.6690 64.3310  170  168.7508 19.0179 4.8939 36.6281 201.6170 0.4040 0.1080   -9.9900
20101002 1997.142049 31.6690 64.3310  172  170.7353 18.9122 4.8818 36.6188 201.2940 0.4020 0.1020   -9.9900
20101002 1997.142049 31.6690 64.3310  174  172.7198 18.8527 4.8750 36.6137 200.9320 0.4000 0.0940   -9.9900
20101002 1997.142049 31.6690 64.3310  176  174.7042 18.8186 4.8712 36.6106 200.7630 0.3990 0.0890   -9.9900
20101002 1997.142049 31.6690 64.3310  178  176.6886 18.7904 4.8680 36.6081 200.6040 0.3990 0.0870   -9.9900
20101002 1997.142049 31.6690 64.3310  180  178.6730 18.7660 4.8653 36.6057 200.5530 0.3980 0.0850   -9.9900
20101002 1997.142049 31.6690 64.3310  182  180.6574 18.7210 4.8601 36.6013 200.6590 0.3980 0.0770   -9.9900
20101002 1997.142049 31.6690 64.3310  184  182.6418 18.6908 4.8566 36.5977 200.7190 0.3980 0.0750   -9.9900
20101002 1997.142049 31.6690 64.3310  186  184.6261 18.6441 4.8511 36.5919 200.7610 0.3980 0.0720   -9.9900
20101002 1997.142049 31.6690 64.3310  188  186.6104 18.5894 4.8448 36.5855 200.9420 0.3970 0.0670   -9.9900
20101002 1997.142049 31.6690 64.3310  190  188.5948 18.5436 4.8395 36.5809 201.3120 0.3970 0.0640   -9.9900
20101002 1997.142049 31.6690 64.3310  192  190.5790 18.5012 4.8345 36.5753 201.5830 0.3970 0.0610   -9.9900
20101002 1997.142049 31.6690 64.3310  194  192.5633 18.4587 4.8297 36.5714 201.7800 0.3960 0.0600   -9.9900
20101002 1997.142049 31.6690 64.3310  196  194.5476 18.4616 4.8300 36.5708 201.8230 0.3960 0.0560   -9.9900
20101002 1997.142049 31.6690 64.3310  198  196.5318 18.4250 4.8259 36.5679 202.2280 0.3960 0.0590   -9.9900
20101002 1997.142049 31.6690 64.3310  200  198.5160 18.3927 4.8224 36.5659 202.5910 0.3950 0.0600   -9.9900
20101002 1997.142049 31.6690 64.3310  202  200.5002 18.3742 4.8204 36.5645 202.8490 0.3950 0.0560   -9.9900
20101002 1997.142049 31.6690 64.3310  204  202.4843 18.3594 4.8188 36.5632 203.0130 0.3950 0.0490   -9.9900
20101002 1997.142049 31.6690 64.3310  206  204.4685 18.3520 4.8180 36.5625 203.2890 0.3950 0.0490   -9.9900
20101002 1997.142049 31.6690 64.3310  208  206.4526 18.3456 4.8174 36.5620 203.5550 0.3950 0.0500   -9.9900
20101002 1997.142049 31.6690 64.3310  210  208.4367 18.3369 4.8165 36.5611 203.8920 0.3940 0.0420   -9.9900
20101002 1997.142049 31.6690 64.3310  212  210.4208 18.3214 4.8148 36.5596 204.1090 0.3950 0.0450   -9.9900
20101002 1997.142049 31.6690 64.3310  214  212.4049 18.3197 4.8146 36.5592 204.2550 0.3940 0.0490   -9.9900
20101002 1997.142049 31.6690 64.3310  216  214.3890 18.3111 4.8137 36.5582 204.2410 0.3940 0.0320   -9.9900
20101002 1997.142049 31.6690 64.3310  218  216.3730 18.3050 4.8132 36.5580 204.3580 0.3940 0.0440   -9.9900
20101002 1997.142049 31.6690 64.3310  220  218.3570 18.2991 4.8125 36.5570 204.6280 0.3940 0.0330   -9.9900
20101002 1997.142049 31.6690 64.3310  222  220.3410 18.2830 4.8107 36.5549 204.7590 0.3940 0.0400   -9.9900
20101002 1997.142049 31.6690 64.3310  224  222.3250 18.2712 4.8094 36.5539 204.9250 0.3940 0.0500   -9.9900
20101002 1997.142049 31.6690 64.3310  226  224.3090 18.2608 4.8083 36.5527 205.1690 0.3940 0.0470   -9.9900
20101002 1997.142049 31.6690 64.3310  228  226.2929 18.2543 4.8077 36.5524 205.2900 0.3940 0.0300   -9.9900
20101002 1997.142049 31.6690 64.3310  230  228.2768 18.2479 4.8070 36.5519 205.3360 0.3940 0.0320   -9.9900
20101002 1997.142049 31.6690 64.3310  232  230.2607 18.2466 4.8070 36.5518 205.4560 0.3940 0.0370   -9.9900
20101002 1997.142049 31.6690 64.3310  234  232.2446 18.2459 4.8070 36.5517 205.7160 0.3940 0.0350   -9.9900
20101002 1997.142049 31.6690 64.3310  236  234.2285 18.2448 4.8069 36.5513 205.8910 0.3940 0.0310   -9.9900
20101002 1997.142049 31.6690 64.3310  238  236.2123 18.2421 4.8066 36.5506 205.8980 0.3940 0.0380   -9.9900
20101002 1997.142049 31.6690 64.3310  240  238.1961 18.2403 4.8065 36.5502 205.9060 0.3940 0.0390   -9.9900
20101002 1997.142049 31.6690 64.3310  242  240.1799 18.2390 4.8064 36.5500 205.9360 0.3940 0.0400   -9.9900
20101002 1997.142049 31.6690 64.3310  244  242.1637 18.2275 4.8052 36.5488 206.1180 0.3940 0.0440   -9.9900
20101002 1997.142049 31.6690 64.3310  246  244.1475 18.2216 4.8046 36.5482 206.2810 0.3940 0.0430   -9.9900
20101002 1997.142049 31.6690 64.3310  248  246.1313 18.2168 4.8041 36.5478 206.4240 0.3940 0.0430   -9.9900
20101002 1997.142049 31.6690 64.3310  250  248.1150 18.2144 4.8039 36.5476 206.3650 0.3940 0.0440   -9.9900
20101002 1997.142049 31.6690 64.3310  252  250.0987 18.2114 4.8037 36.5474 206.0960 0.3940 0.0420   -9.9900
20101002 1997.142049 31.6690 64.3310  254  252.0824 18.2095 4.8035 36.5470 206.0370 0.3940 0.0450   -9.9900
20101002 1997.142049 31.6690 64.3310  256  254.0661 18.2007 4.8026 36.5459 206.3230 0.3940 0.0390   -9.9900
20101002 1997.142049 31.6690 64.3310  258  256.0497 18.1884 4.8012 36.5444 206.4500 0.3940 0.0360   -9.9900
20101002 1997.142049 31.6690 64.3310  260  258.0333 18.1828 4.8006 36.5438 206.3820 0.3930 0.0430   -9.9900
20101002 1997.142049 31.6690 64.3310  262  260.0170 18.1803 4.8004 36.5435 206.3800 0.3930 0.0470   -9.9900
20101002 1997.142049 31.6690 64.3310  264  262.0006 18.1796 4.8004 36.5434 206.4330 0.3930 0.0440   -9.9900
20101002 1997.142049 31.6690 64.3310  266  263.9841 18.1790 4.8004 36.5433 206.5070 0.3930 0.0430   -9.9900
20101002 1997.142049 31.6690 64.3310  268  265.9677 18.1777 4.8004 36.5431 206.5010 0.3930 0.0440   -9.9900
20101002 1997.142049 31.6690 64.3310  270  267.9512 18.1734 4.8000 36.5426 206.4900 0.3930 0.0510   -9.9900
20101002 1997.142049 31.6690 64.3310  272  269.9347 18.1687 4.7995 36.5422 206.5370 0.3930 0.0460   -9.9900
20101002 1997.142049 31.6690 64.3310  274  271.9183 18.1662 4.7993 36.5421 206.7860 0.3940 0.0430   -9.9900
20101002 1997.142049 31.6690 64.3310  276  273.9017 18.1637 4.7991 36.5421 207.0430 0.3940 0.0400   -9.9900
20101002 1997.142049 31.6690 64.3310  278  275.8852 18.1619 4.7990 36.5420 207.1340 0.3940 0.0420   -9.9900
20101002 1997.142049 31.6690 64.3310  280  277.8686 18.1589 4.7988 36.5418 207.0880 0.3940 0.0390   -9.9900
20101002 1997.142049 31.6690 64.3310  282  279.8521 18.1492 4.7978 36.5409 207.0480 0.3940 0.0330   -9.9900
20101002 1997.142049 31.6690 64.3310  284  281.8355 18.1365 4.7964 36.5398 207.2170 0.3940 0.0220   -9.9900
20101002 1997.142049 31.6690 64.3310  286  283.8189 18.1310 4.7959 36.5394 207.3890 0.3940 0.0420   -9.9900
20101002 1997.142049 31.6690 64.3310  288  285.8022 18.1270 4.7955 36.5390 207.4250 0.3930 0.0350   -9.9900
20101002 1997.142049 31.6690 64.3310  290  287.7856 18.1226 4.7951 36.5386 207.5960 0.3940 0.0410   -9.9900
20101002 1997.142049 31.6690 64.3310  292  289.7689 18.1145 4.7942 36.5377 207.6790 0.3940 0.0430   -9.9900
20101002 1997.142049 31.6690 64.3310  294  291.7522 18.1006 4.7927 36.5362 207.5120 0.3940 0.0310   -9.9900
20101002 1997.142049 31.6690 64.3310  296  293.7355 18.0921 4.7918 36.5353 207.7270 0.3940 0.0360   -9.9900
20101002 1997.142049 31.6690 64.3310  298  295.7188 18.0799 4.7904 36.5339 208.0500 0.3940 0.0370   -9.9900
20101002 1997.142049 31.6690 64.3310  300  297.7020 18.0727 4.7897 36.5330 208.1520 0.3940 0.0340   -9.9900
20101002 1997.142049 31.6690 64.3310  302  299.6852 18.0667 4.7890 36.5322 208.0110 0.3940 0.0320   -9.9900
20101002 1997.142049 31.6690 64.3310  304  301.6685 18.0630 4.7887 36.5317 207.9880 0.3940 0.0340   -9.9900
20101002 1997.142049 31.6690 64.3310  306  303.6517 18.0629 4.7888 36.5316 207.9570 0.3940 0.0370   -9.9900
20101002 1997.142049 31.6690 64.3310  308  305.6348 18.0601 4.7885 36.5309 207.7810 0.3940 0.0450   -9.9900
20101002 1997.142049 31.6690 64.3310  310  307.6180 18.0487 4.7871 36.5289 207.6300 0.3930 0.0440   -9.9900
20101002 1997.142049 31.6690 64.3310  312  309.6011 18.0396 4.7861 36.5274 207.4090 0.3930 0.0480   -9.9900
20101002 1997.142049 31.6690 64.3310  314  311.5842 18.0371 4.7859 36.5271 207.4260 0.3930 0.0510   -9.9900
20101002 1997.142049 31.6690 64.3310  316  313.5673 18.0331 4.7855 36.5266 207.5510 0.3930 0.0410   -9.9900
20101002 1997.142049 31.6690 64.3310  318  315.5504 18.0305 4.7853 36.5263 207.6250 0.3930 0.0310   -9.9900
20101002 1997.142049 31.6690 64.3310  320  317.5335 18.0285 4.7852 36.5262 207.6610 0.3930 0.0310   -9.9900
20101002 1997.142049 31.6690 64.3310  322  319.5165 18.0273 4.7851 36.5261 207.6700 0.3930 0.0330   -9.9900
20101002 1997.142049 31.6690 64.3310  324  321.4995 18.0200 4.7843 36.5250 207.6580 0.3930 0.0340   -9.9900
20101002 1997.142049 31.6690 64.3310  326  323.4825 18.0091 4.7831 36.5230 207.7130 0.3930 0.0280   -9.9900
20101002 1997.142049 31.6690 64.3310  328  325.4655 17.9968 4.7817 36.5216 207.6290 0.3930 0.0360   -9.9900
20101002 1997.142049 31.6690 64.3310  330  327.4485 17.9904 4.7811 36.5214 207.7650 0.3930 0.0410   -9.9900
20101002 1997.142049 31.6690 64.3310  332  329.4314 17.9853 4.7806 36.5213 208.0140 0.3930 0.0410   -9.9900
20101002 1997.142049 31.6690 64.3310  334  331.4144 17.9824 4.7804 36.5213 208.2130 0.3930 0.0410   -9.9900
20101002 1997.142049 31.6690 64.3310  336  333.3973 17.9791 4.7802 36.5215 208.4790 0.3930 0.0410   -9.9900
20101002 1997.142049 31.6690 64.3310  338  335.3802 17.9748 4.7798 36.5215 208.5610 0.3930 0.0360   -9.9900
20101002 1997.142049 31.6690 64.3310  340  337.3630 17.9674 4.7791 36.5209 208.5990 0.3940 0.0340   -9.9900
20101002 1997.142049 31.6690 64.3310  342  339.3459 17.9604 4.7783 36.5198 208.5310 0.3940 0.0370   -9.9900
20101002 1997.142049 31.6690 64.3310  344  341.3287 17.9552 4.7778 36.5192 208.5440 0.3940 0.0340   -9.9900
20101002 1997.142049 31.6690 64.3310  346  343.3115 17.9536 4.7777 36.5191 208.5850 0.3940 0.0420   -9.9900
20101002 1997.142049 31.6690 64.3310  348  345.2943 17.9535 4.7778 36.5192 208.7280 0.3940 0.0500   -9.9900
20101002 1997.142049 31.6690 64.3310  350  347.2771 17.9538 4.7779 36.5191 208.5350 0.3940 0.0400   -9.9900
20101002 1997.142049 31.6690 64.3310  352  349.2599 17.9540 4.7780 36.5192 208.4860 0.3940 0.0380   -9.9900
20101002 1997.142049 31.6690 64.3310  354  351.2426 17.9498 4.7776 36.5184 208.1720 0.3940 0.0380   -9.9900
20101002 1997.142049 31.6690 64.3310  356  353.2253 17.9311 4.7753 36.5148 208.1980 0.3940 0.0420   -9.9900
20101002 1997.142049 31.6690 64.3310  358  355.2080 17.9139 4.7734 36.5126 207.9840 0.3940 0.0410   -9.9900
20101002 1997.142049 31.6690 64.3310  360  357.1907 17.9098 4.7729 36.5119 208.0620 0.3940 0.0400   -9.9900
20101002 1997.142049 31.6690 64.3310  362  359.1733 17.9067 4.7727 36.5115 207.9450 0.3940 0.0340   -9.9900
20101002 1997.142049 31.6690 64.3310  364  361.1560 17.9012 4.7721 36.5104 207.7360 0.3940 0.0250   -9.9900
20101002 1997.142049 31.6690 64.3310  366  363.1386 17.8692 4.7681 36.5044 207.5620 0.3940 0.0330   -9.9900
20101002 1997.142049 31.6690 64.3310  368  365.1212 17.8541 4.7664 36.5023 206.9330 0.3940 0.0380   -9.9900
20101002 1997.142049 31.6690 64.3310  370  367.1038 17.8305 4.7633 36.4963 206.7330 0.3940 0.0390   -9.9900
20101002 1997.142049 31.6690 64.3310  372  369.0864 17.8004 4.7597 36.4908 206.5450 0.3940 0.0410   -9.9900
20101002 1997.142049 31.6690 64.3310  374  371.0689 17.7846 4.7578 36.4879 206.0260 0.3940 0.0440   -9.9900
20101002 1997.142049 31.6690 64.3310  376  373.0514 17.7699 4.7560 36.4850 205.5860 0.3940 0.0480   -9.9900
20101002 1997.142049 31.6690 64.3310  378  375.0339 17.7633 4.7553 36.4838 205.3380 0.3940 0.0440   -9.9900
20101002 1997.142049 31.6690 64.3310  380  377.0164 17.7610 4.7551 36.4834 205.0880 0.3940 0.0370   -9.9900
20101002 1997.142049 31.6690 64.3310  382  378.9989 17.7609 4.7552 36.4835 204.8400 0.3940 0.0360   -9.9900
20101002 1997.142049 31.6690 64.3310  384  380.9813 17.7580 4.7549 36.4829 204.5810 0.3940 0.0370   -9.9900
20101002 1997.142049 31.6690 64.3310  386  382.9638 17.7531 4.7543 36.4816 204.2580 0.3940 0.0360   -9.9900
20101002 1997.142049 31.6690 64.3310  388  384.9462 17.7400 4.7527 36.4784 203.5290 0.3940 0.0330   -9.9900
20101002 1997.142049 31.6690 64.3310  390  386.9286 17.7302 4.7515 36.4760 203.0680 0.3940 0.0320   -9.9900
20101002 1997.142049 31.6690 64.3310  392  388.9110 17.7110 4.7490 36.4714 202.3850 0.3940 0.0330   -9.9900
20101002 1997.142049 31.6690 64.3310  394  390.8933 17.6811 4.7453 36.4653 201.4660 0.3930 0.0340   -9.9900
20101002 1997.142049 31.6690 64.3310  396  392.8756 17.6534 4.7419 36.4602 200.7200 0.3930 0.0320   -9.9900
20101002 1997.142049 31.6690 64.3310  398  394.8580 17.6416 4.7406 36.4583 200.3330 0.3930 0.0300   -9.9900
20101002 1997.142049 31.6690 64.3310  400  396.8403 17.6315 4.7394 36.4566 199.8440 0.3930 0.0290   -9.9900
20101002 1997.142049 31.6690 64.3310  402  398.8225 17.6263 4.7389 36.4557 199.5660 0.3930 0.0320   -9.9900
20101002 1997.142049 31.6690 64.3310  404  400.8048 17.6190 4.7380 36.4541 199.3420 0.3930 0.0330   -9.9900
20101002 1997.142049 31.6690 64.3310  406  402.7870 17.6061 4.7364 36.4507 199.2940 0.3930 0.0310   -9.9900
20101003 1997.142102 31.6690 64.3370   12   11.9164 20.8569 5.1057 36.8282 227.0320 0.4310 0.1040   -9.9900
20101003 1997.142102 31.6690 64.3370   14   13.9024 20.7882 5.0982 36.8260 227.0360 0.4310 0.1090   -9.9900
20101003 1997.142102 31.6690 64.3370   16   15.8884 20.7220 5.0908 36.8230 227.0990 0.4310 0.1130   -9.9900
20101003 1997.142102 31.6690 64.3370   18   17.8743 20.6885 5.0873 36.8221 226.9450 0.4310 0.1090   -9.9900
20101003 1997.142102 31.6690 64.3370   20   19.8603 20.6634 5.0845 36.8211 226.7630 0.4310 0.1140   -9.9900
20101003 1997.142102 31.6690 64.3370   22   21.8462 20.6267 5.0804 36.8186 226.6970 0.4310 0.1200   -9.9900
20101003 1997.142102 31.6690 64.3370   24   23.8321 20.5986 5.0770 36.8146 226.5910 0.4310 0.1320   -9.9900
20101003 1997.142102 31.6690 64.3370   26   25.8180 20.5845 5.0753 36.8117 226.8090 0.4310 0.1260   -9.9900
20101003 1997.142102 31.6690 64.3370   28   27.8038 20.5655 5.0730 36.8088 226.6750 0.4320 0.1340   -9.9900
20101003 1997.142102 31.6690 64.3370   30   29.7897 20.5310 5.0686 36.8026 226.6050 0.4330 0.1360   -9.9900
20101003 1997.142102 31.6690 64.3370   32   31.7755 20.4923 5.0637 36.7956 226.6940 0.4330 0.1410   -9.9900
20101003 1997.142102 31.6690 64.3370   34   33.7613 20.4677 5.0607 36.7910 226.6290 0.4330 0.1340   -9.9900
20101003 1997.142102 31.6690 64.3370   36   35.7471 20.4737 5.0617 36.7932 226.6390 0.4340 0.1520   -9.9900
20101003 1997.142102 31.6690 64.3370   38   37.7328 20.4608 5.0601 36.7911 226.4910 0.4340 0.1450   -9.9900
20101003 1997.142102 31.6690 64.3370   40   39.7186 20.4504 5.0589 36.7891 226.2890 0.4340 0.1540   -9.9900
20101003 1997.142102 31.6690 64.3370   42   41.7043 20.4052 5.0528 36.7782 226.5760 0.4320 0.1620   -9.9900
20101003 1997.142102 31.6690 64.3370   44   43.6900 20.3908 5.0513 36.7773 226.2740 0.4320 0.1700   -9.9900
20101003 1997.142102 31.6690 64.3370   46   45.6757 20.3766 5.0496 36.7757 226.2290 0.4310 0.1830   -9.9900
20101003 1997.142102 31.6690 64.3370   48   47.6614 20.3714 5.0492 36.7755 226.2090 0.4310 0.1990   -9.9900
20101003 1997.142102 31.6690 64.3370   50   49.6470 20.3691 5.0490 36.7757 226.1610 0.4310 0.2060   -9.9900
20101003 1997.142102 31.6690 64.3370   52   51.6327 20.3687 5.0491 36.7758 226.2510 0.4310 0.2090   -9.9900
20101003 1997.142102 31.6690 64.3370   54   53.6183 20.3662 5.0489 36.7753 226.2550 0.4310 0.2140   -9.9900
20101003 1997.142102 31.6690 64.3370   56   55.6039 20.3611 5.0483 36.7744 226.1550 0.4310 0.2200   -9.9900
20101003 1997.142102 31.6690 64.3370   58   57.5894 20.3588 5.0481 36.7740 226.1040 0.4310 0.2240   -9.9900
20101003 1997.142102 31.6690 64.3370   60   59.5750 20.3542 5.0476 36.7733 225.9910 0.4300 0.2290   -9.9900
20101003 1997.142102 31.6690 64.3370   62   61.5605 20.3514 5.0473 36.7728 226.0520 0.4290 0.2330   -9.9900
20101003 1997.142102 31.6690 64.3370   64   63.5460 20.3235 5.0440 36.7689 225.5420 0.4300 0.2480   -9.9900
20101003 1997.142102 31.6690 64.3370   66   65.5315 20.2997 5.0412 36.7660 225.2570 0.4320 0.2740   -9.9900
20101003 1997.142102 31.6690 64.3370   68   67.5170 20.2539 5.0358 36.7612 224.6550 0.4380 0.3690   -9.9900
20101003 1997.142102 31.6690 64.3370   70   69.5025 20.2442 5.0348 36.7605 224.1040 0.4380 0.3960   -9.9900
20101003 1997.142102 31.6690 64.3370   72   71.4879 20.1997 5.0298 36.7574 223.2080 0.4390 0.4530   -9.9900
20101003 1997.142102 31.6690 64.3370   74   73.4733 20.1727 5.0270 36.7569 223.2650 0.4390 0.4870   -9.9900
20101003 1997.142102 31.6690 64.3370   76   75.4587 20.1512 5.0247 36.7564 222.9420 0.4360 0.5010   -9.9900
20101003 1997.142102 31.6690 64.3370   78   77.4441 20.1403 5.0235 36.7555 222.5190 0.4320 0.4750   -9.9900
20101003 1997.142102 31.6690 64.3370   80   79.4295 20.1261 5.0220 36.7544 222.0080 0.4260 0.4190   -9.9900
20101003 1997.142102 31.6690 64.3370   82   81.4148 20.1230 5.0218 36.7544 221.7840 0.4230 0.3780   -9.9900
20101003 1997.142102 31.6690 64.3370   84   83.4001 20.1177 5.0212 36.7539 221.6550 0.4220 0.3560   -9.9900
20101003 1997.142102 31.6690 64.3370   86   85.3854 20.1103 5.0204 36.7532 221.4520 0.4200 0.3300   -9.9900
20101003 1997.142102 31.6690 64.3370   88   87.3707 20.0968 5.0190 36.7525 221.0610 0.4160 0.2790   -9.9900
20101003 1997.142102 31.6690 64.3370   90   89.3560 20.0825 5.0176 36.7523 220.8370 0.4120 0.2250   -9.9900
20101003 1997.142102 31.6690 64.3370   92   91.3412 20.0806 5.0175 36.7525 220.4560 0.4120 0.2000   -9.9900
20101003 1997.142102 31.6690 64.3370   94   93.3265 20.0742 5.0168 36.7520 220.3670 0.4110 0.1920   -9.9900
20101003 1997.142102 31.6690 64.3370   96   95.3117 20.0647 5.0158 36.7508 220.0780 0.4090 0.1830   -9.9900
20101003 1997.142102 31.6690 64.3370   98   97.2969 20.0582 5.0151 36.7499 219.7860 0.4100 0.1750   -9.9900
20101003 1997.142102 31.6690 64.3370  100   99.2820 20.0232 5.0107 36.7439 219.5980 0.4090 0.1630   -9.9900
20101003 1997.142102 31.6690 64.3370  102  101.2672 19.9670 5.0036 36.7335 219.3050 0.4090 0.1760   -9.9900
20101003 1997.142102 31.6690 64.3370  104  103.2523 19.8818 4.9935 36.7241 219.2370 0.4080 0.1530   -9.9900
20101003 1997.142102 31.6690 64.3370  106  105.2374 19.8576 4.9907 36.7216 218.8760 0.4060 0.1270   -9.9900
20101003 1997.142102 31.6690 64.3370  108  107.2225 19.8456 4.9894 36.7204 218.5870 0.4060 0.1150   -9.9900
20101003 1997.142102 31.6690 64.3370  110  109.2076 19.8412 4.9890 36.7200 218.4520 0.4050 0.1080   -9.9900
20101003 1997.142102 31.6690 64.3370  112  111.1926 19.8340 4.9883 36.7194 218.1780 0.4050 0.1020   -9.9900
20101003 1997.142102 31.6690 64.3370  114  113.1777 19.8035 4.9846 36.7153 217.7110 0.4050 0.0990   -9.9900
20101003 1997.142102 31.6690 64.3370  116  115.1627 19.7814 4.9820 36.7122 217.3570 0.4040 0.1000   -9.9900
20101003 1997.142102 31.6690 64.3370  118  117.1477 19.7467 4.9778 36.7074 216.8180 0.4040 0.1000   -9.9900
20101003 1997.142102 31.6690 64.3370  120  119.1327 19.7267 4.9756 36.7052 216.5430 0.4040 0.0990   -9.9900
20101003 1997.142102 31.6690 64.3370  122  121.1176 19.7180 4.9746 36.7043 216.2130 0.4040 0.0900   -9.9900
20101003 1997.142102 31.6690 64.3370  124  123.1026 19.7051 4.9732 36.7032 215.7260 0.4040 0.0840   -9.9900
20101003 1997.142102 31.6690 64.3370  126  125.0875 19.7006 4.9727 36.7024 215.4640 0.4040 0.0890   -9.9900
20101003 1997.142102 31.6690 64.3370  128  127.0724 19.7001 4.9727 36.7022 214.9510 0.4040 0.0820   -9.9900
20101003 1997.142102 31.6690 64.3370  130  129.0573 19.6522 4.9669 36.6953 214.4710 0.4040 0.0840   -9.9900
20101003 1997.142102 31.6690 64.3370  132  131.0421 19.6263 4.9639 36.6923 213.9640 0.4030 0.0840   -9.9900
20101003 1997.142102 31.6690 64.3370  134  133.0270 19.5971 4.9606 36.6895 213.3060 0.4030 0.0800   -9.9900
20101003 1997.142102 31.6690 64.3370  136  135.0118 19.5608 4.9564 36.6856 212.5200 0.4030 0.0800   -9.9900
20101003 1997.142102 31.6690 64.3370  138  136.9966 19.5185 4.9514 36.6807 211.8310 0.4030 0.0830   -9.9900
20101003 1997.142102 31.6690 64.3370  140  138.9814 19.4772 4.9466 36.6759 211.2970 0.4030 0.0830   -9.9900
20101003 1997.142102 31.6690 64.3370  142  140.9661 19.4334 4.9415 36.6712 209.8200 0.4040 0.0820   -9.9900
20101003 1997.142102 31.6690 64.3370  144  142.9509 19.3457 4.9312 36.6615 208.5880 0.4040 0.0740   -9.9900
20101003 1997.142102 31.6690 64.3370  146  144.9356 19.2993 4.9259 36.6577 208.1770 0.4030 0.0880   -9.9900
20101003 1997.142102 31.6690 64.3370  148  146.9203 19.3009 4.9262 36.6581 207.0010 0.4030 0.1020   -9.9900
20101003 1997.142102 31.6690 64.3370  150  148.9050 19.2694 4.9227 36.6553 205.2130 0.4030 0.0850   -9.9900
20101003 1997.142102 31.6690 64.3370  152  150.8897 19.2000 4.9146 36.6479 204.5720 0.4030 0.0970   -9.9900
20101003 1997.142102 31.6690 64.3370  154  152.8743 19.1280 4.9061 36.6396 203.5560 0.4030 0.0990   -9.9900
20101003 1997.142102 31.6690 64.3370  156  154.8590 19.1091 4.9040 36.6375 202.7490 0.4030 0.1080   -9.9900
20101003 1997.142102 31.6690 64.3370  158  156.8436 19.0435 4.8965 36.6317 202.2320 0.4030 0.1120   -9.9900
20101003 1997.142102 31.6690 64.3370  160  158.8282 18.9797 4.8891 36.6248 201.8000 0.4020 0.1000   -9.9900
20101003 1997.142102 31.6690 64.3370  162  160.8127 18.8955 4.8792 36.6152 201.2620 0.4000 0.0940   -9.9900
20101003 1997.142102 31.6690 64.3370  164  162.7973 18.8478 4.8739 36.6123 200.7640 0.4000 0.0980   -9.9900
20101003 1997.142102 31.6690 64.3370  166  164.7818 18.8049 4.8690 36.6084 200.4620 0.4000 0.0910   -9.9900
20101003 1997.142102 31.6690 64.3370  168  166.7663 18.7552 4.8634 36.6037 200.4940 0.3990 0.0840   -9.9900
20101003 1997.142102 31.6690 64.3370  170  168.7508 18.6908 4.8560 36.5981 200.5240 0.3990 0.0760   -9.9900
20101003 1997.142102 31.6690 64.3370  172  170.7353 18.6601 4.8523 36.5925 200.3660 0.3980 0.0720   -9.9900
20101003 1997.142102 31.6690 64.3370  174  172.7198 18.5842 4.8435 36.5847 200.4890 0.3980 0.0630   -9.9900
20101003 1997.142102 31.6690 64.3370  176  174.7042 18.5443 4.8391 36.5823 200.6420 0.3980 0.0580   -9.9900
20101003 1997.142102 31.6690 64.3370  178  176.6886 18.5161 4.8358 36.5783 200.6440 0.3980 0.0560   -9.9900
20101003 1997.142102 31.6690 64.3370  180  178.6730 18.4823 4.8319 36.5749 200.7730 0.3970 0.0520   -9.9900
20101003 1997.142102 31.6690 64.3370  182  180.6574 18.4575 4.8291 36.5717 201.0430 0.3970 0.0480   -9.9900
20101003 1997.142102 31.6690 64.3370  184  182.6418 18.4348 4.8265 36.5693 201.4250 0.3970 0.0550   -9.9900
20101003 1997.142102 31.6690 64.3370  186  184.6261 18.4079 4.8235 36.5668 201.6750 0.3970 0.0560   -9.9900
20101003 1997.142102 31.6690 64.3370  188  186.6104 18.3861 4.8211 36.5648 201.8640 0.3960 0.0540   -9.9900
20101003 1997.142102 31.6690 64.3370  190  188.5948 18.3589 4.8181 36.5626 202.0930 0.3960 0.0430   -9.9900
20101003 1997.142102 31.6690 64.3370  192  190.5790 18.3541 4.8176 36.5624 202.1310 0.3960 0.0420   -9.9900
20101003 1997.142102 31.6690 64.3370  194  192.5633 18.3478 4.8170 36.5621 202.2960 0.3960 0.0400   -9.9900
20101003 1997.142102 31.6690 64.3370  196  194.5476 18.3376 4.8159 36.5608 202.5420 0.3960 0.0390   -9.9900
20101003 1997.142102 31.6690 64.3370  198  196.5318 18.3207 4.8140 36.5588 202.8420 0.3960 0.0410   -9.9900
20101003 1997.142102 31.6690 64.3370  200  198.5160 18.3018 4.8118 36.5566 203.1200 0.3960 0.0430   -9.9900
20101003 1997.142102 31.6690 64.3370  202  200.5002 18.2692 4.8082 36.5537 203.6230 0.3950 0.0480   -9.9900
20101003 1997.142102 31.6690 64.3370  204  202.4843 18.2591 4.8072 36.5532 203.8090 0.3950 0.0460   -9.9900
20101003 1997.142102 31.6690 64.3370  206  204.4685 18.2584 4.8072 36.5532 203.8450 0.3940 0.0410   -9.9900
20101003 1997.142102 31.6690 64.3370  208  206.4526 18.2557 4.8070 36.5529 203.8480 0.3940 0.0320   -9.9900
20101003 1997.142102 31.6690 64.3370  210  208.4367 18.2546 4.8069 36.5527 203.9020 0.3950 0.0360   -9.9900
20101003 1997.142102 31.6690 64.3370  212  210.4208 18.2548 4.8070 36.5526 203.9740 0.3950 0.0380   -9.9900
20101003 1997.142102 31.6690 64.3370  214  212.4049 18.2550 4.8071 36.5526 204.0880 0.3940 0.0390   -9.9900
20101003 1997.142102 31.6690 64.3370  216  214.3890 18.2551 4.8072 36.5525 204.1070 0.3950 0.0420   -9.9900
20101003 1997.142102 31.6690 64.3370  218  216.3730 18.2545 4.8072 36.5523 204.2160 0.3940 0.0470   -9.9900
20101003 1997.142102 31.6690 64.3370  220  218.3570 18.2469 4.8064 36.5515 204.3860 0.3950 0.0400   -9.9900
20101003 1997.142102 31.6690 64.3370  222  220.3410 18.2384 4.8055 36.5504 204.6270 0.3950 0.0510   -9.9900
20101003 1997.142102 31.6690 64.3370  224  222.3250 18.2369 4.8054 36.5503 204.7260 0.3940 0.0370   -9.9900
20101003 1997.142102 31.6690 64.3370  226  224.3090 18.2366 4.8055 36.5504 204.7360 0.3940 0.0510   -9.9900
20101003 1997.142102 31.6690 64.3370  228  226.2929 18.2348 4.8053 36.5501 204.7890 0.3940 0.0460   -9.9900
20101003 1997.142102 31.6690 64.3370  230  228.2768 18.2328 4.8052 36.5498 204.9660 0.3940 0.0420   -9.9900
20101003 1997.142102 31.6690 64.3370  232  230.2607 18.2312 4.8051 36.5495 205.0110 0.3940 0.0340   -9.9900
20101003 1997.142102 31.6690 64.3370  234  232.2446 18.2292 4.8050 36.5494 204.9530 0.3940 0.0350   -9.9900
20101003 1997.142102 31.6690 64.3370  236  234.2285 18.2274 4.8048 36.5491 204.9250 0.3940 0.0370   -9.9900
20101003 1997.142102 31.6690 64.3370  238  236.2123 18.2257 4.8047 36.5488 204.9460 0.3940 0.0450   -9.9900
20101003 1997.142102 31.6690 64.3370  240  238.1961 18.2217 4.8043 36.5483 205.1260 0.3940 0.0430   -9.9900
20101003 1997.142102 31.6690 64.3370  242  240.1799 18.2208 4.8043 36.5483 205.2420 0.3940 0.0430   -9.9900
20101003 1997.142102 31.6690 64.3370  244  242.1637 18.2191 4.8042 36.5482 205.4280 0.3940 0.0400   -9.9900
20101003 1997.142102 31.6690 64.3370  246  244.1475 18.2170 4.8041 36.5480 205.5070 0.3940 0.0350   -9.9900
20101003 1997.142102 31.6690 64.3370  248  246.1313 18.2078 4.8030 36.5468 205.6320 0.3940 0.0410   -9.9900
20101003 1997.142102 31.6690 64.3370  250  248.1150 18.1984 4.8020 36.5456 205.5860 0.3940 0.0380   -9.9900
20101003 1997.142102 31.6690 64.3370  252  250.0987 18.1887 4.8010 36.5444 205.6160 0.3940 0.0360   -9.9900
20101003 1997.142102 31.6690 64.3370  254  252.0824 18.1797 4.8000 36.5434 205.6710 0.3940 0.0370   -9.9900
20101003 1997.142102 31.6690 64.3370  256  254.0661 18.1759 4.7996 36.5430 205.6000 0.3940 0.0390   -9.9900
20101003 1997.142102 31.6690 64.3370  258  256.0497 18.1749 4.7996 36.5429 205.6940 0.3940 0.0400   -9.9900
20101003 1997.142102 31.6690 64.3370  260  258.0333 18.1728 4.7994 36.5426 205.8380 0.3940 0.0410   -9.9900
20101003 1997.142102 31.6690 64.3370  262  260.0170 18.1693 4.7991 36.5422 206.0160 0.3940 0.0420   -9.9900
20101003 1997.142102 31.6690 64.3370  264  262.0006 18.1672 4.7990 36.5421 206.1600 0.3940 0.0400   -9.9900
20101003 1997.142102 31.6690 64.3370  266  263.9841 18.1654 4.7989 36.5421 206.2090 0.3940 0.0400   -9.9900
20101003 1997.142102 31.6690 64.3370  268  265.9677 18.1629 4.7987 36.5420 206.1960 0.3940 0.0390   -9.9900
20101003 1997.142102 31.6690 64.3370  270  267.9512 18.1585 4.7983 36.5419 206.2880 0.3940 0.0450   -9.9900
20101003 1997.142102 31.6690 64.3370  272  269.9347 18.1557 4.7981 36.5417 206.3250 0.3940 0.0400   -9.9900
20101003 1997.142102 31.6690 64.3370  274  271.9183 18.1494 4.7975 36.5412 206.5260 0.3940 0.0470   -9.9900
20101003 1997.142102 31.6690 64.3370  276  273.9017 18.1443 4.7970 36.5408 206.5270 0.3940 0.0470   -9.9900
20101003 1997.142102 31.6690 64.3370  278  275.8852 18.1389 4.7964 36.5403 206.3620 0.3940 0.0480   -9.9900
20101003 1997.142102 31.6690 64.3370  280  277.8686 18.1335 4.7959 36.5397 206.5660 0.3940 0.0360   -9.9900
20101003 1997.142102 31.6690 64.3370  282  279.8521 18.1290 4.7955 36.5391 206.6170 0.3940 0.0390   -9.9900
20101003 1997.142102 31.6690 64.3370  284  281.8355 18.1068 4.7929 36.5359 206.6200 0.3940 0.0500   -9.9900
20101003 1997.142102 31.6690 64.3370  286  283.8189 18.0908 4.7912 36.5349 206.7660 0.3940 0.0410   -9.9900
20101003 1997.142102 31.6690 64.3370  288  285.8022 18.0817 4.7902 36.5340 206.9030 0.3940 0.0300   -9.9900
20101003 1997.142102 31.6690 64.3370  290  287.7856 18.0785 4.7899 36.5336 206.9430 0.3940 0.0400   -9.9900
20101003 1997.142102 31.6690 64.3370  292  289.7689 18.0730 4.7893 36.5329 206.8560 0.3940 0.0340   -9.9900
20101003 1997.142102 31.6690 64.3370  294  291.7522 18.0699 4.7890 36.5323 206.8360 0.3940 0.0400   -9.9900
20101003 1997.142102 31.6690 64.3370  296  293.7355 18.0654 4.7886 36.5314 206.7210 0.3940 0.0290   -9.9900
20101003 1997.142102 31.6690 64.3370  298  295.7188 18.0531 4.7871 36.5289 206.8970 0.3940 0.0310   -9.9900
20101003 1997.142102 31.6690 64.3370  300  297.7020 18.0397 4.7856 36.5275 206.8290 0.3940 0.0310   -9.9900
20101003 1997.142102 31.6690 64.3370  302  299.6852 18.0374 4.7854 36.5274 206.8040 0.3940 0.0370   -9.9900
20101003 1997.142102 31.6690 64.3370  304  301.6685 18.0351 4.7853 36.5271 206.9500 0.3940 0.0440   -9.9900
20101003 1997.142102 31.6690 64.3370  306  303.6517 18.0335 4.7852 36.5269 206.8920 0.3940 0.0440   -9.9900
20101003 1997.142102 31.6690 64.3370  308  305.6348 18.0309 4.7849 36.5266 206.7920 0.3940 0.0440   -9.9900
20101003 1997.142102 31.6690 64.3370  310  307.6180 18.0274 4.7846 36.5262 206.9160 0.3940 0.0400   -9.9900
20101003 1997.142102 31.6690 64.3370  312  309.6011 18.0208 4.7840 36.5259 207.0580 0.3940 0.0300   -9.9900
20101003 1997.142102 31.6690 64.3370  314  311.5842 18.0154 4.7834 36.5251 206.9740 0.3940 0.0280   -9.9900
20101003 1997.142102 31.6690 64.3370  316  313.5673 18.0083 4.7826 36.5234 206.7620 0.3940 0.0250   -9.9900
20101003 1997.142102 31.6690 64.3370  318  315.5504 17.9942 4.7809 36.5210 206.9700 0.3940 0.0280   -9.9900
20101003 1997.142102 31.6690 64.3370  320  317.5335 17.9820 4.7797 36.5205 207.0410 0.3940 0.0340   -9.9900
20101003 1997.142102 31.6690 64.3370  322  319.5165 17.9810 4.7797 36.5211 207.1380 0.3940 0.0360   -9.9900
20101003 1997.142102 31.6690 64.3370  324  321.4995 17.9796 4.7798 36.5219 207.4810 0.3940 0.0390   -9.9900
20101003 1997.142102 31.6690 64.3370  326  323.4825 17.9757 4.7795 36.5221 207.6610 0.3940 0.0440   -9.9900
20101003 1997.142102 31.6690 64.3370  328  325.4655 17.9682 4.7787 36.5210 207.6230 0.3940 0.0400   -9.9900
20101003 1997.142102 31.6690 64.3370  330  327.4485 17.9607 4.7779 36.5203 207.5920 0.3940 0.0420   -9.9900
20101003 1997.142102 31.6690 64.3370  332  329.4314 17.9569 4.7775 36.5193 207.5280 0.3940 0.0430   -9.9900
20101003 1997.142102 31.6690 64.3370  334  331.4144 17.9516 4.7769 36.5187 207.5200 0.3940 0.0370   -9.9900
20101003 1997.142102 31.6690 64.3370  336  333.3973 17.9500 4.7769 36.5188 207.5030 0.3940 0.0250   -9.9900
20101003 1997.142102 31.6690 64.3370  338  335.3802 17.9499 4.7769 36.5188 207.5210 0.3940 0.0250   -9.9900
20101003 1997.142102 31.6690 64.3370  340  337.3630 17.9500 4.7770 36.5188 207.6180 0.3940 0.0330   -9.9900
20101003 1997.142102 31.6690 64.3370  342  339.3459 17.9493 4.7770 36.5185 207.5830 0.3940 0.0410   -9.9900
20101003 1997.142102 31.6690 64.3370  344  341.3287 17.9399 4.7759 36.5167 207.4050 0.3940 0.0520   -9.9900
20101003 1997.142102 31.6690 64.3370  346  343.3115 17.9225 4.7739 36.5140 207.5490 0.3940 0.0500   -9.9900
20101003 1997.142102 31.6690 64.3370  348  345.2943 17.9131 4.7728 36.5126 207.5400 0.3940 0.0460   -9.9900
20101003 1997.142102 31.6690 64.3370  350  347.2771 17.9089 4.7724 36.5120 207.4000 0.3940 0.0340   -9.9900
20101003 1997.142102 31.6690 64.3370  352  349.2599 17.8998 4.7714 36.5103 207.1170 0.3940 0.0310   -9.9900
20101003 1997.142102 31.6690 64.3370  354  351.2426 17.8763 4.7686 36.5064 206.8770 0.3940 0.0310   -9.9900
20101003 1997.142102 31.6690 64.3370  356  353.2253 17.8604 4.7667 36.5037 206.4900 0.3940 0.0220   -9.9900
20101003 1997.142102 31.6690 64.3370  358  355.2080 17.8511 4.7656 36.5019 206.0990 0.3940 0.0300   -9.9900
20101003 1997.142102 31.6690 64.3370  360  357.1907 17.8247 4.7622 36.4958 205.7280 0.3940 0.0310   -9.9900
20101003 1997.142102 31.6690 64.3370  362  359.1733 17.8000 4.7593 36.4916 205.2140 0.3940 0.0300   -9.9900
20101003 1997.142102 31.6690 64.3370  364  361.1560 17.7879 4.7578 36.4891 204.5530 0.3940 0.0400   -9.9900
20101003 1997.142102 31.6690 64.3370  366  363.1386 17.7772 4.7565 36.4867 204.4410 0.3940 0.0370   -9.9900
20101003 1997.142102 31.6690 64.3370  368  365.1212 17.7655 4.7551 36.4845 204.2320 0.3940 0.0370   -9.9900
20101003 1997.142102 31.6690 64.3370  370  367.1038 17.7526 4.7535 36.4816 203.8480 0.3940 0.0370   -9.9900
20101003 1997.142102 31.6690 64.3370  372  369.0864 17.7431 4.7524 36.4796 203.5560 0.3940 0.0320   -9.9900
20101003 1997.142102 31.6690 64.3370  374  371.0689 17.7402 4.7521 36.4790 203.2900 0.3940 0.0320   -9.9900
20101003 1997.142102 31.6690 64.3370  376  373.0514 17.7373 4.7518 36.4784 202.8390 0.3940 0.0330   -9.9900
20101003 1997.142102 31.6690 64.3370  378  375.0339 17.7283 4.7507 36.4758 202.1330 0.3940 0.0240   -9.9900
20101003 1997.142102 31.6690 64.3370  380  377.0164 17.7105 4.7484 36.4715 201.6230 0.3940 0.0270   -9.9900
20101003 1997.142102 31.6690 64.3370  382  378.9989 17.6870 4.7456 36.4670 200.9020 0.3940 0.0290   -9.9900
20101003 1997.142102 31.6690 64.3370  384  380.9813 17.6627 4.7426 36.4623 200.5080 0.3940 0.0350   -9.9900
20101003 1997.142102 31.6690 64.3370  386  382.9638 17.6451 4.7405 36.4591 200.1390 0.3940 0.0340   -9.9900
20101003 1997.142102 31.6690 64.3370  388  384.9462 17.6365 4.7395 36.4577 199.8100 0.3940 0.0300   -9.9900
20101003 1997.142102 31.6690 64.3370  390  386.9286 17.6277 4.7385 36.4563 199.3290 0.3930 0.0250   -9.9900
20101003 1997.142102 31.6690 64.3370  392  388.9110 17.6257 4.7384 36.4559 199.0030 0.3940 0.0290   -9.9900
20101003 1997.142102 31.6690 64.3370  394  390.8933 17.6034 4.7356 36.4512 198.3250 0.3940 0.0390   -9.9900
20101003 1997.142102 31.6690 64.3370  396  392.8756 17.5794 4.7327 36.4467 197.8400 0.3940 0.0360   -9.9900
20101003 1997.142102 31.6690 64.3370  398  394.8580 17.5609 4.7305 36.4432 197.3350 0.3940 0.0360   -9.9900
20101003 1997.142102 31.6690 64.3370  400  396.8403 17.5385 4.7277 36.4385 196.7270 0.3940 0.0360   -9.9900
20101003 1997.142102 31.6690 64.3370  402  398.8225 17.5013 4.7232 36.4320 196.8910 0.3940 0.0350   -9.9900
20101003 1997.142102 31.6690 64.3370  404  400.8048 17.4889 4.7218 36.4302 196.0820 0.3940 0.0470   -9.9900
20101003 1997.142102 31.6690 64.3370  406  402.7870 17.4609 4.7181 36.4230 195.2760 0.3940 0.0520   -9.9900
20101003 1997.142102 31.6690 64.3370  408  404.7693 17.4013 4.7111 36.4146 195.1290 0.3940 0.0380   -9.9900
20101003 1997.142102 31.6690 64.3370  410  406.7515 17.3767 4.7082 36.4107 194.5710 0.3940 0.0370   -9.9900
20101003 1997.142102 31.6690 64.3370  412  408.7336 17.3563 4.7057 36.4063 193.8380 0.3940 0.0450   -9.9900
20101003 1997.142102 31.6690 64.3370  414  410.7158 17.3201 4.7014 36.4010 193.5860 0.3940 0.0400   -9.9900
20101003 1997.142102 31.6690 64.3370  416  412.6980 17.3045 4.6996 36.3985 193.3710 0.3940 0.0330   -9.9900
20101003 1997.142102 31.6690 64.3370  418  414.6801 17.2944 4.6985 36.3970 192.8200 0.3940 0.0380   -9.9900
20101003 1997.142102 31.6690 64.3370  420  416.6622 17.2832 4.6972 36.3949 192.5000 0.3940 0.0250   -9.9900
20101003 1997.142102 31.6690 64.3370  422  418.6443 17.2560 4.6938 36.3890 192.3350 0.3940 0.0360   -9.9900
20101003 1997.142102 31.6690 64.3370  424  420.6263 17.2412 4.6920 36.3863 192.2750 0.3940 0.0350   -9.9900
20101003 1997.142102 31.6690 64.3370  426  422.6084 17.2266 4.6902 36.3830 191.8170 0.3940 0.0350   -9.9900
20101003 1997.142102 31.6690 64.3370  428  424.5904 17.2042 4.6874 36.3776 191.1350 0.3940 0.0410   -9.9900
20101003 1997.142102 31.6690 64.3370  430  426.5724 17.1524 4.6811 36.3683 191.2910 0.3940 0.0310   -9.9900
20101003 1997.142102 31.6690 64.3370  432  428.5544 17.1189 4.6771 36.3635 190.7280 0.3940 0.0430   -9.9900
20101003 1997.142102 31.6690 64.3370  434  430.5364 17.0999 4.6749 36.3605 190.3250 0.3940 0.0430   -9.9900
20101003 1997.142102 31.6690 64.3370  436  432.5184 17.0656 4.6707 36.3535 190.1050 0.3940 0.0400   -9.9900
20101003 1997.142102 31.6690 64.3370  438  434.5003 17.0174 4.6649 36.3454 189.6600 0.3940 0.0400   -9.9900
20101003 1997.142102 31.6690 64.3370  440  436.4822 16.9877 4.6614 36.3410 189.1260 0.3940 0.0380   -9.9900
20101003 1997.142102 31.6690 64.3370  442  438.4641 16.9785 4.6604 36.3398 188.5530 0.3950 0.0300   -9.9900
20101003 1997.142102 31.6690 64.3370  444  440.4460 16.9682 4.6592 36.3378 188.4920 0.3940 0.0350   -9.9900
20101003 1997.142102 31.6690 64.3370  446  442.4278 16.9562 4.6579 36.3360 187.8770 0.3940 0.0390   -9.9900
20101003 1997.142102 31.6690 64.3370  448  444.4097 16.9483 4.6570 36.3346 187.0140 0.3940 0.0420   -9.9900
20101003 1997.142102 31.6690 64.3370  450  446.3915 16.8971 4.6506 36.3245 186.8640 0.3940 0.0470   -9.9900
20101003 1997.142102 31.6690 64.3370  452  448.3733 16.8534 4.6454 36.3175 186.5420 0.3940 0.0440   -9.9900
20101003 1997.142102 31.6690 64.3370  454  450.3551 16.8222 4.6418 36.3127 186.2420 0.3940 0.0400   -9.9900
20101003 1997.142102 31.6690 64.3370  456  452.3369 16.7928 4.6384 36.3086 185.9980 0.3940 0.0370   -9.9900
20101003 1997.142102 31.6690 64.3370  458  454.3186 16.7775 4.6366 36.3061 185.8470 0.3940 0.0390   -9.9900
20101003 1997.142102 31.6690 64.3370  460  456.3003 16.7587 4.6345 36.3035 185.6050 0.3940 0.0380   -9.9900
20101003 1997.142102 31.6690 64.3370  462  458.2820 16.7570 4.6344 36.3035 185.3140 0.3940 0.0380   -9.9900
20101003 1997.142102 31.6690 64.3370  464  460.2637 16.7542 4.6342 36.3034 184.8490 0.3940 0.0400   -9.9900
20101003 1997.142102 31.6690 64.3370  466  462.2454 16.7512 4.6339 36.3028 184.6550 0.3940 0.0480   -9.9900
20101003 1997.142102 31.6690 64.3370  468  464.2270 16.7347 4.6318 36.2987 184.4990 0.3950 0.0500   -9.9900
20101003 1997.142102 31.6690 64.3370  470  466.2087 16.6800 4.6253 36.2895 184.1030 0.3950 0.0400   -9.9900
20101003 1997.142102 31.6690 64.3370  472  468.1903 16.6308 4.6192 36.2797 184.0650 0.3940 0.0390   -9.9900
20101003 1997.142102 31.6690 64.3370  474  470.1719 16.5654 4.6110 36.2658 184.3270 0.3950 0.0340   -9.9900
20101003 1997.142102 31.6690 64.3370  476  472.1535 16.5132 4.6045 36.2550 184.5140 0.3950 0.0310   -9.9900
20101003 1997.142102 31.6690 64.3370  478  474.1350 16.4682 4.5991 36.2469 184.6540 0.3950 0.0300   -9.9900
20101003 1997.142102 31.6690 64.3370  480  476.1165 16.4299 4.5945 36.2403 184.7930 0.3960 0.0240   -9.9900
20101003 1997.142102 31.6690 64.3370  482  478.0981 16.4058 4.5916 36.2358 184.2230 0.3960 0.0310   -9.9900
20101003 1997.142102 31.6690 64.3370  484  480.0796 16.3560 4.5857 36.2274 184.3420 0.3960 0.0260   -9.9900
20101003 1997.142102 31.6690 64.3370  486  482.0610 16.3095 4.5803 36.2208 183.8590 0.3960 0.0320   -9.9900
20101003 1997.142102 31.6690 64.3370  488  484.0425 16.2917 4.5782 36.2175 184.0450 0.3960 0.0380   -9.9900
20101003 1997.142102 31.6690 64.3370  490  486.0239 16.2682 4.5753 36.2127 183.8170 0.3960 0.0430   -9.9900
20101003 1997.142102 31.6690 64.3370  492  488.0054 16.2464 4.5728 36.2096 183.6000 0.3960 0.0340   -9.9900
20101003 1997.142102 31.6690 64.3370  494  489.9868 16.2412 4.5724 36.2094 183.0870 0.3960 0.0260   -9.9900
20101003 1997.142102 31.6690 64.3370  496  491.9682 16.2192 4.5698 36.2062 182.7580 0.3960 0.0300   -9.9900
20101003 1997.142102 31.6690 64.3370  498  493.9495 16.1740 4.5645 36.1991 182.6630 0.3960 0.0350   -9.9900
20101003 1997.142102 31.6690 64.3370  500  495.9309 16.1354 4.5600 36.1927 182.6770 0.3960 0.0370   -9.9900
20101003 1997.142102 31.6690 64.3370  502  497.9122 16.0818 4.5535 36.1833 182.6730 0.3960 0.0370   -9.9900
20101003 1997.142102 31.6690 64.3370  504  499.8935 16.0566 4.5504 36.1778 182.5690 0.3960 0.0400   -9.9900
20101003 1997.142102 31.6690 64.3370  506  501.8748 16.0299 4.5472 36.1727 182.7300 0.3960 0.0470   -9.9900
