20124001 1999.072848 31.7020 64.1510    9    8.9373 21.6428 5.1569 36.5666 210.4140 -9.9900 0.1170   -9.9900
20124001 1999.072848 31.7020 64.1510   11   10.9234 21.6450 5.1572 36.5667 209.8420 -9.9900 0.1160   -9.9900
20124001 1999.072848 31.7020 64.1510   13   12.9094 21.6488 5.1577 36.5665 209.3830 -9.9900 0.1210   -9.9900
20124001 1999.072848 31.7020 64.1510   15   14.8953 21.6508 5.1580 36.5664 208.4370 -9.9900 0.1270   -9.9900
20124001 1999.072848 31.7020 64.1510   17   16.8813 21.6514 5.1581 36.5663 207.4910 -9.9900 0.1360   -9.9900
20124001 1999.072848 31.7020 64.1510   19   18.8672 21.6515 5.1582 36.5664 207.3560 -9.9900 0.1380   -9.9900
20124001 1999.072848 31.7020 64.1510   21   20.8532 21.6522 5.1584 36.5665 208.5730 -9.9900 0.1280   -9.9900
20124001 1999.072848 31.7020 64.1510   23   22.8391 21.6516 5.1584 36.5666 207.9660 -9.9900 0.1340   -9.9900
20124001 1999.072848 31.7020 64.1510   25   24.8250 21.6509 5.1584 36.5664 207.9140 -9.9900 0.1310   -9.9900
20124001 1999.072848 31.7020 64.1510   27   26.8108 21.6503 5.1584 36.5663 207.8160 -9.9900 0.1380   -9.9900
20124001 1999.072848 31.7020 64.1510   29   28.7967 21.6522 5.1587 36.5662 208.6460 -9.9900 0.1450   -9.9900
20124001 1999.072848 31.7020 64.1510   31   30.7825 21.6530 5.1589 36.5661 209.4870 -9.9900 0.1460   -9.9900
20124001 1999.072848 31.7020 64.1510   33   32.7683 21.6528 5.1590 36.5666 207.9440 -9.9900 0.1390   -9.9900
20124001 1999.072848 31.7020 64.1510   35   34.7541 21.6534 5.1591 36.5664 207.8870 -9.9900 0.1420   -9.9900
20124001 1999.072848 31.7020 64.1510   37   36.7399 21.6535 5.1593 36.5666 206.4680 -9.9900 0.1610   -9.9900
20124001 1999.072848 31.7020 64.1510   39   38.7256 21.6548 5.1595 36.5663 206.5080 -9.9900 0.1530   -9.9900
20124001 1999.072848 31.7020 64.1510   41   40.7113 21.6538 5.1594 36.5661 207.4010 -9.9900 0.1520   -9.9900
20124001 1999.072848 31.7020 64.1510   43   42.6971 21.6513 5.1592 36.5658 206.5620 -9.9900 0.1460   -9.9900
20124001 1999.072848 31.7020 64.1510   45   44.6828 21.6506 5.1592 36.5658 205.5380 -9.9900 0.1950   -9.9900
20124001 1999.072848 31.7020 64.1510   47   46.6684 21.6464 5.1589 36.5659 207.5370 -9.9900 0.1780   -9.9900
20124001 1999.072848 31.7020 64.1510   49   48.6541 21.6448 5.1588 36.5661 207.1220 -9.9900 0.1580   -9.9900
20124001 1999.072848 31.7020 64.1510   51   50.6397 21.6451 5.1590 36.5664 207.1260 -9.9900 0.1520   -9.9900
20124001 1999.072848 31.7020 64.1510   53   52.6253 21.6451 5.1590 36.5661 206.5910 -9.9900 0.1480   -9.9900
20124001 1999.072848 31.7020 64.1510   55   54.6109 21.6451 5.1591 36.5661 206.0360 -9.9900 0.1480   -9.9900
20124001 1999.072848 31.7020 64.1510   57   56.5965 21.6446 5.1591 36.5661 205.7160 -9.9900 0.1460   -9.9900
20124001 1999.072848 31.7020 64.1510   59   58.5821 21.6446 5.1593 36.5662 206.2250 -9.9900 0.1420   -9.9900
20124001 1999.072848 31.7020 64.1510   61   60.5676 21.6450 5.1594 36.5660 206.4120 -9.9900 0.1420   -9.9900
20124001 1999.072848 31.7020 64.1510   63   62.5531 21.6450 5.1594 36.5660 206.1730 -9.9900 0.1430   -9.9900
20124001 1999.072848 31.7020 64.1510   65   64.5386 21.6440 5.1594 36.5659 205.9430 -9.9900 0.1480   -9.9900
20124001 1999.072848 31.7020 64.1510   67   66.5241 21.6435 5.1595 36.5660 205.8310 -9.9900 0.1510   -9.9900
20124001 1999.072848 31.7020 64.1510   69   68.5096 21.6438 5.1596 36.5660 206.9200 -9.9900 0.1560   -9.9900
20124001 1999.072848 31.7020 64.1510   71   70.4950 21.6446 5.1598 36.5660 207.9980 -9.9900 0.1570   -9.9900
20124001 1999.072848 31.7020 64.1510   73   72.4804 21.6439 5.1598 36.5661 208.0200 -9.9900 0.1530   -9.9900
20124001 1999.072848 31.7020 64.1510   75   74.4658 21.6431 5.1598 36.5663 207.9180 -9.9900 0.1460   -9.9900
20124001 1999.072848 31.7020 64.1510   77   76.4512 21.6425 5.1598 36.5663 207.5740 -9.9900 0.1460   -9.9900
20124001 1999.072848 31.7020 64.1510   79   78.4366 21.6435 5.1600 36.5663 206.8710 -9.9900 0.1500   -9.9900
20124001 1999.072848 31.7020 64.1510   81   80.4219 21.6434 5.1601 36.5662 206.7160 -9.9900 0.1500   -9.9900
20124001 1999.072848 31.7020 64.1510   83   82.4073 21.6428 5.1601 36.5662 206.7520 -9.9900 0.1500   -9.9900
20124001 1999.072848 31.7020 64.1510   85   84.3926 21.6419 5.1601 36.5662 207.0280 -9.9900 0.1500   -9.9900
20124001 1999.072848 31.7020 64.1510   87   86.3779 21.6378 5.1598 36.5666 206.6380 -9.9900 0.1580   -9.9900
20124001 1999.072848 31.7020 64.1510   89   88.3631 21.6367 5.1598 36.5667 208.1340 -9.9900 0.1580   -9.9900
20124001 1999.072848 31.7020 64.1510   91   90.3484 21.6340 5.1597 36.5671 208.7750 -9.9900 0.1630   -9.9900
20124001 1999.072848 31.7020 64.1510   93   92.3336 21.6331 5.1597 36.5672 209.0590 -9.9900 0.1610   -9.9900
20124001 1999.072848 31.7020 64.1510   95   94.3188 21.5884 5.1549 36.5666 202.2750 -9.9900 0.1710   -9.9900
20124001 1999.072848 31.7020 64.1510   97   96.3040 20.8640 5.0834 36.6100 205.6370 -9.9900 0.2160   -9.9900
20124001 1999.072848 31.7020 64.1510   99   98.2892 20.4882 5.0470 36.6380 206.4410 -9.9900 0.2580   -9.9900
20124001 1999.072848 31.7020 64.1510  101  100.2743 20.4041 5.0372 36.6300 206.2200 -9.9900 0.2830   -9.9900
20124001 1999.072848 31.7020 64.1510  103  102.2595 20.2268 5.0169 36.6166 205.8780 -9.9900 0.3000   -9.9900
20124001 1999.072848 31.7020 64.1510  105  104.2446 19.9946 4.9906 36.6010 206.7620 -9.9900 0.2880   -9.9900
20124001 1999.072848 31.7020 64.1510  107  106.2297 19.8541 4.9749 36.5928 208.0190 -9.9900 0.2670   -9.9900
20124001 1999.072848 31.7020 64.1510  109  108.2148 19.7365 4.9613 36.5824 207.8760 -9.9900 0.2670   -9.9900
20124001 1999.072848 31.7020 64.1510  111  110.1998 19.6036 4.9465 36.5751 207.1990 -9.9900 0.2610   -9.9900
20124001 1999.072848 31.7020 64.1510  113  112.1849 19.4996 4.9358 36.5765 205.8970 -9.9900 0.2420   -9.9900
20124001 1999.072848 31.7020 64.1510  115  114.1699 19.4271 4.9288 36.5811 203.8090 -9.9900 0.2190   -9.9900
20124001 1999.072848 31.7020 64.1510  117  116.1549 19.3028 4.9144 36.5691 203.7030 -9.9900 0.1970   -9.9900
20124001 1999.072848 31.7020 64.1510  119  118.1399 19.1392 4.8945 36.5453 205.2610 -9.9900 0.1920   -9.9900
20124001 1999.072848 31.7020 64.1510  121  120.1248 18.9485 4.8715 36.5195 206.0600 -9.9900 0.1740   -9.9900
20124001 1999.072848 31.7020 64.1510  123  122.1098 18.8779 4.8638 36.5158 205.3020 -9.9900 0.1610   -9.9900
20124001 1999.072848 31.7020 64.1510  125  124.0947 18.7880 4.8543 36.5143 204.1500 -9.9900 0.1640   -9.9900
20124001 1999.072848 31.7020 64.1510  127  126.0796 18.7238 4.8478 36.5152 201.8190 -9.9900 0.1590   -9.9900
20124001 1999.072848 31.7020 64.1510  129  128.0645 18.6664 4.8419 36.5156 199.8800 -9.9900 0.1530   -9.9900
20124001 1999.072848 31.7020 64.1510  131  130.0493 18.6700 4.8441 36.5303 198.2890 -9.9900 0.1400   -9.9900
20124001 1999.072848 31.7020 64.1510  133  132.0342 18.7364 4.8548 36.5609 192.7140 -9.9900 0.1370   -9.9900
20124001 1999.072848 31.7020 64.1510  135  134.0190 18.7285 4.8548 36.5673 191.5150 -9.9900 0.1160   -9.9900
20124001 1999.072848 31.7020 64.1510  137  136.0038 18.6538 4.8466 36.5634 190.3630 -9.9900 0.1210   -9.9900
20124001 1999.072848 31.7020 64.1510  139  137.9886 18.5809 4.8389 36.5620 189.7000 -9.9900 0.1150   -9.9900
20124001 1999.072848 31.7020 64.1510  141  139.9734 18.5777 4.8386 36.5620 190.1170 -9.9900 0.1190   -9.9900
20124001 1999.072848 31.7020 64.1510  143  141.9581 18.5655 4.8373 36.5608 190.0260 -9.9900 0.1110   -9.9900
20124001 1999.072848 31.7020 64.1510  145  143.9429 18.5322 4.8336 36.5578 190.1780 -9.9900 0.1030   -9.9900
20124001 1999.072848 31.7020 64.1510  147  145.9276 18.4971 4.8296 36.5543 190.5000 -9.9900 0.1000   -9.9900
20124001 1999.072848 31.7020 64.1510  149  147.9123 18.4743 4.8271 36.5526 190.5600 -9.9900 0.0980   -9.9900
20124001 1999.072848 31.7020 64.1510  151  149.8969 18.4555 4.8251 36.5514 190.7850 -9.9900 0.0960   -9.9900
20124001 1999.072848 31.7020 64.1510  153  151.8816 18.4316 4.8225 36.5498 191.2910 -9.9900 0.0940   -9.9900
20124001 1999.072848 31.7020 64.1510  155  153.8662 18.4176 4.8210 36.5490 191.4130 -9.9900 0.0890   -9.9900
20124001 1999.072848 31.7020 64.1510  157  155.8508 18.4090 4.8201 36.5483 191.4280 -9.9900 0.0860   -9.9900
20124001 1999.072848 31.7020 64.1510  159  157.8354 18.3907 4.8181 36.5467 191.0630 -9.9900 0.0840   -9.9900
20124001 1999.072848 31.7020 64.1510  161  159.8200 18.3814 4.8172 36.5463 191.2680 -9.9900 0.0900   -9.9900
20124001 1999.072848 31.7020 64.1510  163  161.8046 18.3679 4.8158 36.5459 191.9820 -9.9900 0.0960   -9.9900
20124001 1999.072848 31.7020 64.1510  165  163.7891 18.3576 4.8147 36.5450 192.6740 -9.9900 0.0940   -9.9900
20124001 1999.072848 31.7020 64.1510  167  165.7736 18.3497 4.8139 36.5445 192.4450 -9.9900 0.0960   -9.9900
20124001 1999.072848 31.7020 64.1510  169  167.7581 18.3393 4.8129 36.5438 192.5940 -9.9900 0.0980   -9.9900
20124001 1999.072848 31.7020 64.1510  171  169.7426 18.3198 4.8108 36.5424 192.2930 -9.9900 0.0930   -9.9900
20124001 1999.072848 31.7020 64.1510  173  171.7271 18.3040 4.8092 36.5423 193.1330 -9.9900 0.0800   -9.9900
20124001 1999.072848 31.7020 64.1510  175  173.7115 18.2991 4.8087 36.5419 193.6590 -9.9900 0.0770   -9.9900
20124001 1999.072848 31.7020 64.1510  177  175.6960 18.2938 4.8082 36.5411 193.2360 -9.9900 0.0640   -9.9900
20124001 1999.072848 31.7020 64.1510  179  177.6804 18.2795 4.8068 36.5411 193.6080 -9.9900 0.0770   -9.9900
20124001 1999.072848 31.7020 64.1510  181  179.6647 18.2550 4.8041 36.5391 192.7670 -9.9900 0.0720   -9.9900
20124001 1999.072848 31.7020 64.1510  183  181.6491 18.2343 4.8019 36.5381 192.6230 -9.9900 0.0750   -9.9900
20124001 1999.072848 31.7020 64.1510  185  183.6335 18.2264 4.8011 36.5376 192.6470 -9.9900 0.0730   -9.9900
20124001 1999.072848 31.7020 64.1510  187  185.6178 18.2176 4.8002 36.5374 192.1210 -9.9900 0.0780   -9.9900
20124001 1999.072848 31.7020 64.1510  189  187.6021 18.2070 4.7992 36.5369 191.4750 -9.9900 0.0710   -9.9900
20124001 1999.072848 31.7020 64.1510  191  189.5864 18.1961 4.7980 36.5362 191.2480 -9.9900 0.0650   -9.9900
20124001 1999.072848 31.7020 64.1510  193  191.5707 18.1798 4.7963 36.5350 190.6980 -9.9900 0.0650   -9.9900
20124001 1999.072848 31.7020 64.1510  195  193.5549 18.1678 4.7950 36.5341 190.4690 -9.9900 0.0600   -9.9900
20124001 1999.072848 31.7020 64.1510  197  195.5391 18.1545 4.7936 36.5328 189.7200 -9.9900 0.0630   -9.9900
20124001 1999.072848 31.7020 64.1510  199  197.5233 18.1391 4.7919 36.5316 189.9160 -9.9900 0.0660   -9.9900
20124001 1999.072848 31.7020 64.1510  201  199.5075 18.1223 4.7901 36.5303 190.1090 -9.9900 0.0710   -9.9900
20124001 1999.072848 31.7020 64.1510  203  201.4917 18.1198 4.7899 36.5299 188.6420 -9.9900 0.0650   -9.9900
20124001 1999.072848 31.7020 64.1510  205  203.4759 18.1175 4.7897 36.5297 187.3460 -9.9900 0.0580   -9.9900
20124001 1999.072848 31.7020 64.1510  207  205.4600 18.1138 4.7894 36.5297 187.7730 -9.9900 0.0580   -9.9900
20124001 1999.072848 31.7020 64.1510  209  207.4441 18.1075 4.7889 36.5299 187.3870 -9.9900 0.0550   -9.9900
20124001 1999.072848 31.7020 64.1510  211  209.4282 18.1000 4.7882 36.5302 186.3650 -9.9900 0.0520   -9.9900
20124001 1999.072848 31.7020 64.1510  213  211.4123 18.0955 4.7877 36.5294 186.6640 -9.9900 0.0500   -9.9900
20124001 1999.072848 31.7020 64.1510  215  213.3964 18.0883 4.7869 36.5280 186.2730 -9.9900 0.0600   -9.9900
20124001 1999.072848 31.7020 64.1510  217  215.3804 18.0601 4.7836 36.5237 186.4690 -9.9900 0.0560   -9.9900
20124001 1999.072848 31.7020 64.1510  219  217.3644 18.0377 4.7810 36.5207 186.6310 -9.9900 0.0600   -9.9900
20124001 1999.072848 31.7020 64.1510  221  219.3484 18.0358 4.7808 36.5205 187.3020 -9.9900 0.0560   -9.9900
20124001 1999.072848 31.7020 64.1510  223  221.3324 18.0284 4.7801 36.5199 187.5900 -9.9900 0.0540   -9.9900
20124001 1999.072848 31.7020 64.1510  225  223.3164 18.0153 4.7787 36.5189 187.5420 -9.9900 0.0580   -9.9900
20124001 1999.072848 31.7020 64.1510  227  225.3003 18.0093 4.7781 36.5179 187.2790 -9.9900 0.0620   -9.9900
20124001 1999.072848 31.7020 64.1510  229  227.2842 18.0043 4.7775 36.5168 187.3280 -9.9900 0.0570   -9.9900
20124001 1999.072848 31.7020 64.1510  231  229.2682 17.9975 4.7767 36.5150 187.4700 -9.9900 0.0510   -9.9900
20124001 1999.072848 31.7020 64.1510  233  231.2520 17.9800 4.7745 36.5112 187.2660 -9.9900 0.0550   -9.9900
20124001 1999.072848 31.7020 64.1510  235  233.2359 17.9691 4.7732 36.5091 187.2990 -9.9900 0.0580   -9.9900
20124001 1999.072848 31.7020 64.1510  237  235.2198 17.9554 4.7715 36.5061 188.1000 -9.9900 0.0580   -9.9900
20124001 1999.072848 31.7020 64.1510  239  237.2036 17.9407 4.7697 36.5030 190.0100 -9.9900 0.0590   -9.9900
20124001 1999.072848 31.7020 64.1510  241  239.1874 17.9329 4.7688 36.5015 189.3190 -9.9900 0.0600   -9.9900
20124001 1999.072848 31.7020 64.1510  243  241.1712 17.9209 4.7674 36.4994 188.6940 -9.9900 0.0600   -9.9900
20124001 1999.072848 31.7020 64.1510  245  243.1550 17.9137 4.7667 36.4987 189.7070 -9.9900 0.0580   -9.9900
20124001 1999.072848 31.7020 64.1510  247  245.1387 17.9017 4.7653 36.4968 189.6680 -9.9900 0.0560   -9.9900
20124001 1999.072848 31.7020 64.1510  249  247.1224 17.8911 4.7641 36.4951 189.1760 -9.9900 0.0550   -9.9900
20124001 1999.072848 31.7020 64.1510  251  249.1062 17.8874 4.7637 36.4944 189.3860 -9.9900 0.0590   -9.9900
20124001 1999.072848 31.7020 64.1510  253  251.0899 17.8830 4.7633 36.4937 189.5670 -9.9900 0.0490   -9.9900
20124001 1999.072848 31.7020 64.1510  255  253.0735 17.8724 4.7621 36.4923 189.9660 -9.9900 0.0450   -9.9900
20124001 1999.072848 31.7020 64.1510  257  255.0572 17.8628 4.7610 36.4906 191.1400 -9.9900 0.0480   -9.9900
20124001 1999.072848 31.7020 64.1510  259  257.0408 17.8550 4.7601 36.4896 191.0560 -9.9900 0.0530   -9.9900
20124001 1999.072848 31.7020 64.1510  261  259.0245 17.8494 4.7597 36.4896 191.7310 -9.9900 0.0660   -9.9900
20124001 1999.072848 31.7020 64.1510  263  261.0081 17.8463 4.7593 36.4887 192.5150 -9.9900 0.0570   -9.9900
20124001 1999.072848 31.7020 64.1510  265  262.9916 17.8460 4.7593 36.4880 191.0130 -9.9900 0.0620   -9.9900
20124001 1999.072848 31.7020 64.1510  267  264.9752 17.8330 4.7580 36.4878 192.2240 -9.9900 0.0590   -9.9900
20124001 1999.072848 31.7020 64.1510  269  266.9587 17.8308 4.7577 36.4865 191.6310 -9.9900 0.0560   -9.9900
20124001 1999.072848 31.7020 64.1510  271  268.9423 17.8178 4.7563 36.4853 189.4340 -9.9900 0.0540   -9.9900
20124001 1999.072848 31.7020 64.1510  273  270.9258 17.8091 4.7555 36.4848 190.2040 -9.9900 0.0560   -9.9900
20124001 1999.072848 31.7020 64.1510  275  272.9093 17.8059 4.7552 36.4848 191.4800 -9.9900 0.0510   -9.9900
20124001 1999.072848 31.7020 64.1510  277  274.8927 17.8003 4.7547 36.4846 192.8480 -9.9900 0.0490   -9.9900
20124001 1999.072848 31.7020 64.1510  279  276.8762 17.7980 4.7545 36.4841 191.3450 -9.9900 0.0490   -9.9900
20124001 1999.072848 31.7020 64.1510  281  278.8596 17.7878 4.7535 36.4841 191.7720 -9.9900 0.0490   -9.9900
20124001 1999.072848 31.7020 64.1510  283  280.8430 17.7842 4.7532 36.4839 191.7400 -9.9900 0.0490   -9.9900
20124001 1999.072848 31.7020 64.1510  285  282.8264 17.7815 4.7530 36.4835 190.9730 -9.9900 0.0600   -9.9900
20124001 1999.072848 31.7020 64.1510  287  284.8098 17.7742 4.7522 36.4828 190.7610 -9.9900 0.0620   -9.9900
20124001 1999.072848 31.7020 64.1510  289  286.7931 17.7708 4.7519 36.4825 190.5280 -9.9900 0.0640   -9.9900
20124001 1999.072848 31.7020 64.1510  291  288.7764 17.7653 4.7514 36.4819 190.6430 -9.9900 0.0630   -9.9900
20124001 1999.072848 31.7020 64.1510  293  290.7598 17.7639 4.7513 36.4817 191.6830 -9.9900 0.0630   -9.9900
20124001 1999.072848 31.7020 64.1510  295  292.7431 17.7611 4.7510 36.4812 193.0370 -9.9900 0.0630   -9.9900
20124001 1999.072848 31.7020 64.1510  297  294.7263 17.7512 4.7499 36.4796 193.2160 -9.9900 0.0560   -9.9900
20124001 1999.072848 31.7020 64.1510  299  296.7096 17.7430 4.7490 36.4785 192.7700 -9.9900 0.0520   -9.9900
20124001 1999.072848 31.7020 64.1510  301  298.6928 17.7329 4.7479 36.4771 192.1280 -9.9900 0.0500   -9.9900
20124001 1999.072848 31.7020 64.1510  303  300.6760 17.7222 4.7467 36.4755 192.2870 -9.9900 0.0550   -9.9900
20124001 1999.072848 31.7020 64.1510  305  302.6592 17.7156 4.7460 36.4744 192.6500 -9.9900 0.0500   -9.9900
20124001 1999.072848 31.7020 64.1510  307  304.6424 17.7094 4.7453 36.4733 192.6790 -9.9900 0.0440   -9.9900
20124001 1999.072848 31.7020 64.1510  309  306.6256 17.6999 4.7442 36.4716 192.7530 -9.9900 0.0460   -9.9900
20124001 1999.072848 31.7020 64.1510  311  308.6087 17.6832 4.7422 36.4687 192.2310 -9.9900 0.0530   -9.9900
20124001 1999.072848 31.7020 64.1510  313  310.5918 17.6667 4.7403 36.4659 191.8320 -9.9900 0.0530   -9.9900
20124001 1999.072848 31.7020 64.1510  315  312.5749 17.6419 4.7373 36.4617 192.1190 -9.9900 0.0440   -9.9900
20124001 1999.072848 31.7020 64.1510  317  314.5580 17.6338 4.7364 36.4603 191.7270 -9.9900 0.0510   -9.9900
20124001 1999.072848 31.7020 64.1510  319  316.5411 17.6243 4.7354 36.4591 191.5020 -9.9900 0.0620   -9.9900
20124001 1999.072848 31.7020 64.1510  321  318.5241 17.6219 4.7351 36.4579 192.5620 -9.9900 0.0630   -9.9900
20124001 1999.072848 31.7020 64.1510  323  320.5072 17.6092 4.7336 36.4561 192.4550 -9.9900 0.0660   -9.9900
20124001 1999.072848 31.7020 64.1510  325  322.4902 17.6030 4.7329 36.4549 192.8590 -9.9900 0.0580   -9.9900
20124001 1999.072848 31.7020 64.1510  327  324.4732 17.6010 4.7328 36.4545 193.0430 -9.9900 0.0540   -9.9900
20124001 1999.072848 31.7020 64.1510  329  326.4561 17.5974 4.7324 36.4539 193.0640 -9.9900 0.0510   -9.9900
20124001 1999.072848 31.7020 64.1510  331  328.4391 17.5908 4.7317 36.4527 192.2830 -9.9900 0.0490   -9.9900
20124001 1999.072848 31.7020 64.1510  333  330.4220 17.5859 4.7311 36.4517 192.9470 -9.9900 0.0580   -9.9900
20124001 1999.072848 31.7020 64.1510  335  332.4049 17.5793 4.7304 36.4503 193.0880 -9.9900 0.0590   -9.9900
20124001 1999.072848 31.7020 64.1510  337  334.3878 17.5645 4.7286 36.4475 193.8840 -9.9900 0.0570   -9.9900
20124001 1999.072848 31.7020 64.1510  339  336.3707 17.5530 4.7273 36.4460 193.6340 -9.9900 0.0560   -9.9900
20124001 1999.072848 31.7020 64.1510  341  338.3535 17.5217 4.7237 36.4414 192.0240 -9.9900 0.0520   -9.9900
20124001 1999.072848 31.7020 64.1510  343  340.3364 17.5013 4.7213 36.4383 191.3280 -9.9900 0.0530   -9.9900
20124001 1999.072848 31.7020 64.1510  345  342.3192 17.4853 4.7194 36.4356 191.6100 -9.9900 0.0540   -9.9900
20124001 1999.072848 31.7020 64.1510  347  344.3020 17.4667 4.7172 36.4326 190.7260 -9.9900 0.0590   -9.9900
20124001 1999.072848 31.7020 64.1510  349  346.2848 17.4399 4.7139 36.4273 190.6180 -9.9900 0.0640   -9.9900
20124001 1999.072848 31.7020 64.1510  351  348.2675 17.4180 4.7112 36.4222 191.3120 -9.9900 0.0510   -9.9900
20124001 1999.072848 31.7020 64.1510  353  350.2503 17.3864 4.7075 36.4177 190.0580 -9.9900 0.0520   -9.9900
20124001 1999.072848 31.7020 64.1510  355  352.2330 17.3304 4.7006 36.4074 191.5930 -9.9900 0.0520   -9.9900
20124001 1999.072848 31.7020 64.1510  357  354.2157 17.3342 4.7011 36.4074 188.9810 -9.9900 0.0570   -9.9900
20124001 1999.072848 31.7020 64.1510  359  356.1984 17.2959 4.6964 36.4003 188.5820 -9.9900 0.0470   -9.9900
20124001 1999.072848 31.7020 64.1510  361  358.1810 17.2804 4.6947 36.3992 190.2550 -9.9900 0.0570   -9.9900
20124001 1999.072848 31.7020 64.1510  363  360.1637 17.2682 4.6932 36.3964 189.4790 -9.9900 0.0610   -9.9900
20124001 1999.072848 31.7020 64.1510  365  362.1463 17.2256 4.6881 36.3887 190.1430 -9.9900 0.0480   -9.9900
20124001 1999.072848 31.7020 64.1510  367  364.1289 17.2040 4.6854 36.3839 188.8650 -9.9900 0.0520   -9.9900
20124001 1999.072848 31.7020 64.1510  369  366.1115 17.1745 4.6818 36.3784 187.6400 -9.9900 0.0480   -9.9900
20124001 1999.072848 31.7020 64.1510  371  368.0941 17.1522 4.6793 36.3758 189.4020 -9.9900 0.0510   -9.9900
20124001 1999.072848 31.7020 64.1510  373  370.0766 17.1446 4.6783 36.3731 190.2370 -9.9900 0.0480   -9.9900
20124001 1999.072848 31.7020 64.1510  375  372.0592 17.1239 4.6759 36.3705 189.6810 -9.9900 0.0490   -9.9900
20124001 1999.072848 31.7020 64.1510  377  374.0417 17.1009 4.6731 36.3655 189.3900 -9.9900 0.0450   -9.9900
20124001 1999.072848 31.7020 64.1510  379  376.0242 17.0497 4.6668 36.3563 188.9020 -9.9900 0.0450   -9.9900
20124001 1999.072848 31.7020 64.1510  381  378.0066 17.0206 4.6634 36.3515 187.9920 -9.9900 0.0500   -9.9900
20124001 1999.072848 31.7020 64.1510  383  379.9891 16.9907 4.6598 36.3467 187.6680 -9.9900 0.0460   -9.9900
20124001 1999.072848 31.7020 64.1510  385  381.9715 16.9717 4.6576 36.3434 187.6330 -9.9900 0.0420   -9.9900
20124001 1999.072848 31.7020 64.1510  387  383.9539 16.9557 4.6557 36.3402 188.4340 -9.9900 0.0380   -9.9900
20124001 1999.072848 31.7020 64.1510  389  385.9363 16.9455 4.6545 36.3386 188.9430 -9.9900 0.0400   -9.9900
20124001 1999.072848 31.7020 64.1510  391  387.9187 16.9269 4.6524 36.3356 189.4160 -9.9900 0.0440   -9.9900
20124001 1999.072848 31.7020 64.1510  393  389.9011 16.9130 4.6507 36.3329 188.4980 -9.9900 0.0490   -9.9900
20124001 1999.072848 31.7020 64.1510  395  391.8834 16.9022 4.6495 36.3310 187.2040 -9.9900 0.0510   -9.9900
20124001 1999.072848 31.7020 64.1510  397  393.8657 16.8626 4.6446 36.3235 188.9460 -9.9900 0.0450   -9.9900
20124001 1999.072848 31.7020 64.1510  399  395.8480 16.8359 4.6416 36.3200 188.5940 -9.9900 0.0540   -9.9900
20124001 1999.072848 31.7020 64.1510  401  397.8303 16.8190 4.6395 36.3166 188.0230 -9.9900 0.0530   -9.9900
20124001 1999.072848 31.7020 64.1510  403  399.8126 16.8093 4.6385 36.3150 189.8540 -9.9900 0.0580   -9.9900
20124001 1999.072848 31.7020 64.1510  405  401.7948 16.8090 4.6385 36.3145 189.7160 -9.9900 0.0620   -9.9900
20124001 1999.072848 31.7020 64.1510  407  403.7771 16.7964 4.6370 36.3120 189.7660 -9.9900 0.0580   -9.9900
20124001 1999.072848 31.7020 64.1510  409  405.7593 16.7908 4.6364 36.3109 189.4910 -9.9900 0.0570   -9.9900
20124001 1999.072848 31.7020 64.1510  411  407.7414 16.7700 4.6338 36.3066 190.5090 -9.9900 0.0600   -9.9900
20124001 1999.072848 31.7020 64.1510  413  409.7236 16.7337 4.6295 36.3006 191.1260 -9.9900 0.0640   -9.9900
20124001 1999.072848 31.7020 64.1510  415  411.7058 16.7051 4.6262 36.2970 191.5680 -9.9900 0.0650   -9.9900
20124001 1999.072848 31.7020 64.1510  417  413.6879 16.6998 4.6256 36.2951 190.6760 -9.9900 0.0450   -9.9900
20124001 1999.072848 31.7020 64.1510  419  415.6700 16.6726 4.6223 36.2903 190.4940 -9.9900 0.0510   -9.9900
20124001 1999.072848 31.7020 64.1510  421  417.6521 16.6363 4.6180 36.2840 190.9400 -9.9900 0.0560   -9.9900
20124001 1999.072848 31.7020 64.1510  423  419.6342 16.5897 4.6126 36.2777 193.2740 -9.9900 0.0600   -9.9900
20124001 1999.072848 31.7020 64.1510  425  421.6162 16.5861 4.6122 36.2767 191.4490 -9.9900 0.0510   -9.9900
20124001 1999.072848 31.7020 64.1510  427  423.5983 16.5653 4.6098 36.2734 191.6790 -9.9900 0.0460   -9.9900
20124001 1999.072848 31.7020 64.1510  429  425.5803 16.5545 4.6085 36.2712 191.8640 -9.9900 0.0530   -9.9900
20124001 1999.072848 31.7020 64.1510  431  427.5623 16.5229 4.6047 36.2654 191.5260 -9.9900 0.0500   -9.9900
20124001 1999.072848 31.7020 64.1510  433  429.5442 16.4737 4.5988 36.2571 191.6200 -9.9900 0.0520   -9.9900
20124001 1999.072848 31.7020 64.1510  435  431.5262 16.4333 4.5940 36.2507 193.0350 -9.9900 0.0590   -9.9900
20124001 1999.072848 31.7020 64.1510  437  433.5081 16.4131 4.5917 36.2478 193.6910 -9.9900 0.0570   -9.9900
20124001 1999.072848 31.7020 64.1510  439  435.4901 16.3843 4.5884 36.2436 194.3230 -9.9900 0.0560   -9.9900
20124001 1999.072848 31.7020 64.1510  441  437.4720 16.3631 4.5859 36.2395 194.7830 -9.9900 0.0540   -9.9900
20124001 1999.072848 31.7020 64.1510  443  439.4539 16.3399 4.5831 36.2351 194.7020 -9.9900 0.0580   -9.9900
20124001 1999.072848 31.7020 64.1510  445  441.4357 16.3140 4.5800 36.2305 193.0380 -9.9900 0.0700   -9.9900
20124001 1999.072848 31.7020 64.1510  447  443.4176 16.2571 4.5733 36.2222 194.0380 -9.9900 0.0680   -9.9900
20124001 1999.072848 31.7020 64.1510  449  445.3994 16.2274 4.5699 36.2175 194.5900 -9.9900 0.0580   -9.9900
20124001 1999.072848 31.7020 64.1510  451  447.3812 16.1994 4.5665 36.2122 194.5500 -9.9900 0.0540   -9.9900
20124001 1999.072848 31.7020 64.1510  453  449.3630 16.1561 4.5615 36.2064 195.0930 -9.9900 0.0610   -9.9900
20124001 1999.072848 31.7020 64.1510  455  451.3448 16.1167 4.5568 36.1993 196.0210 -9.9900 0.0540   -9.9900
20124001 1999.072848 31.7020 64.1510  457  453.3265 16.0845 4.5530 36.1940 195.6960 -9.9900 0.0470   -9.9900
20124001 1999.072848 31.7020 64.1510  459  455.3082 16.0447 4.5483 36.1876 195.5960 -9.9900 0.0410   -9.9900
20124001 1999.072848 31.7020 64.1510  461  457.2899 16.0244 4.5460 36.1845 196.4070 -9.9900 0.0390   -9.9900
20124001 1999.072848 31.7020 64.1510  463  459.2716 16.0116 4.5445 36.1817 195.9440 -9.9900 0.0410   -9.9900
20124001 1999.072848 31.7020 64.1510  465  461.2533 15.9786 4.5404 36.1749 195.0840 -9.9900 0.0490   -9.9900
20124001 1999.072848 31.7020 64.1510  467  463.2350 15.9213 4.5338 36.1668 196.7640 -9.9900 0.0540   -9.9900
20124001 1999.072848 31.7020 64.1510  469  465.2166 15.9078 4.5322 36.1638 195.8900 -9.9900 0.0570   -9.9900
20124001 1999.072848 31.7020 64.1510  471  467.1982 15.8710 4.5279 36.1586 195.5080 -9.9900 0.0560   -9.9900
20124001 1999.072848 31.7020 64.1510  473  469.1798 15.8360 4.5239 36.1538 194.7870 -9.9900 0.0580   -9.9900
20124001 1999.072848 31.7020 64.1510  475  471.1614 15.8151 4.5215 36.1500 193.2340 -9.9900 0.0590   -9.9900
20124001 1999.072848 31.7020 64.1510  477  473.1430 15.7883 4.5182 36.1447 191.4590 -9.9900 0.0570   -9.9900
20124001 1999.072848 31.7020 64.1510  479  475.1245 15.7575 4.5145 36.1388 190.4820 -9.9900 0.0490   -9.9900
20124001 1999.072848 31.7020 64.1510  481  477.1060 15.7183 4.5098 36.1315 190.3000 -9.9900 0.0350   -9.9900
20124001 1999.072848 31.7020 64.1510  483  479.0875 15.6842 4.5060 36.1270 190.7190 -9.9900 0.0420   -9.9900
20124001 1999.072848 31.7020 64.1510  485  481.0690 15.6510 4.5022 36.1228 191.3140 -9.9900 0.0460   -9.9900
20124001 1999.072848 31.7020 64.1510  487  483.0505 15.6336 4.5003 36.1209 192.9210 -9.9900 0.0540   -9.9900
20124001 1999.072848 31.7020 64.1510  489  485.0319 15.5993 4.4963 36.1152 194.7100 -9.9900 0.0470   -9.9900
20124001 1999.072848 31.7020 64.1510  491  487.0133 15.5540 4.4911 36.1087 196.2910 -9.9900 0.0500   -9.9900
20124001 1999.072848 31.7020 64.1510  493  488.9947 15.5366 4.4889 36.1041 195.0440 -9.9900 0.0440   -9.9900
20124001 1999.072848 31.7020 64.1510  495  490.9761 15.5012 4.4848 36.0984 193.7700 -9.9900 0.0640   -9.9900
20124001 1999.072848 31.7020 64.1510  497  492.9575 15.4491 4.4787 36.0907 194.0800 -9.9900 0.0600   -9.9900
20124001 1999.072848 31.7020 64.1510  499  494.9388 15.4132 4.4743 36.0831 192.7670 -9.9900 0.0580   -9.9900
20124001 1999.072848 31.7020 64.1510  501  496.9202 15.3641 4.4685 36.0740 191.3330 -9.9900 0.0730   -9.9900
20124001 1999.072848 31.7020 64.1510  503  498.9015 15.3131 4.4625 36.0663 186.3010 -9.9900 0.0500   -9.9900
20124001 1999.072848 31.7020 64.1510  505  500.8828 15.2791 4.4586 36.0613 183.3490 -9.9900 0.0480   -9.9900
20124002 1999.072922 31.7050 64.1470    9    8.9373 21.6395 5.1564 36.5659 218.5640 -9.9900 0.1230   -9.9900
20124002 1999.072922 31.7050 64.1470   11   10.9233 21.6393 5.1565 36.5659 218.5210 -9.9900 0.1320   -9.9900
20124002 1999.072922 31.7050 64.1470   13   12.9093 21.6391 5.1566 36.5659 218.5680 -9.9900 0.1370   -9.9900
20124002 1999.072922 31.7050 64.1470   15   14.8953 21.6389 5.1566 36.5659 218.7770 -9.9900 0.1320   -9.9900
20124002 1999.072922 31.7050 64.1470   17   16.8813 21.6393 5.1568 36.5659 218.6430 -9.9900 0.1320   -9.9900
20124002 1999.072922 31.7050 64.1470   19   18.8672 21.6401 5.1569 36.5658 218.5040 -9.9900 0.1330   -9.9900
20124002 1999.072922 31.7050 64.1470   21   20.8532 21.6405 5.1571 36.5658 218.9160 -9.9900 0.1350   -9.9900
20124002 1999.072922 31.7050 64.1470   23   22.8391 21.6412 5.1572 36.5659 219.1120 -9.9900 0.1290   -9.9900
20124002 1999.072922 31.7050 64.1470   25   24.8249 21.6420 5.1574 36.5658 217.5220 -9.9900 0.1220   -9.9900
20124002 1999.072922 31.7050 64.1470   27   26.8108 21.6426 5.1576 36.5658 217.1710 -9.9900 0.1460   -9.9900
20124002 1999.072922 31.7050 64.1470   29   28.7967 21.6421 5.1576 36.5660 216.7000 -9.9900 0.1300   -9.9900
20124002 1999.072922 31.7050 64.1470   31   30.7825 21.6426 5.1578 36.5660 216.9800 -9.9900 0.1340   -9.9900
20124002 1999.072922 31.7050 64.1470   33   32.7683 21.6434 5.1579 36.5660 217.1420 -9.9900 0.1390   -9.9900
20124002 1999.072922 31.7050 64.1470   35   34.7541 21.6437 5.1580 36.5659 216.6850 -9.9900 0.1400   -9.9900
20124002 1999.072922 31.7050 64.1470   37   36.7399 21.6406 5.1578 36.5657 216.3660 -9.9900 0.1440   -9.9900
20124002 1999.072922 31.7050 64.1470   39   38.7256 21.6391 5.1577 36.5658 217.7560 -9.9900 0.1470   -9.9900
20124002 1999.072922 31.7050 64.1470   41   40.7113 21.6398 5.1579 36.5658 217.7470 -9.9900 0.1240   -9.9900
20124002 1999.072922 31.7050 64.1470   43   42.6970 21.6401 5.1580 36.5659 214.8880 -9.9900 0.1290   -9.9900
20124002 1999.072922 31.7050 64.1470   45   44.6827 21.6404 5.1581 36.5657 215.7200 -9.9900 0.1540   -9.9900
20124002 1999.072922 31.7050 64.1470   47   46.6684 21.6407 5.1582 36.5658 216.0380 -9.9900 0.1620   -9.9900
20124002 1999.072922 31.7050 64.1470   49   48.6541 21.6417 5.1584 36.5657 215.1380 -9.9900 0.1500   -9.9900
20124002 1999.072922 31.7050 64.1470   51   50.6397 21.6410 5.1584 36.5657 216.4280 -9.9900 0.1470   -9.9900
20124002 1999.072922 31.7050 64.1470   53   52.6253 21.6404 5.1585 36.5657 216.9870 -9.9900 0.1460   -9.9900
20124002 1999.072922 31.7050 64.1470   55   54.6109 21.6404 5.1586 36.5658 217.0560 -9.9900 0.1460   -9.9900
20124002 1999.072922 31.7050 64.1470   57   56.5965 21.6406 5.1587 36.5659 216.9160 -9.9900 0.1430   -9.9900
20124002 1999.072922 31.7050 64.1470   59   58.5820 21.6417 5.1589 36.5658 216.4470 -9.9900 0.1420   -9.9900
20124002 1999.072922 31.7050 64.1470   61   60.5676 21.6426 5.1591 36.5658 216.0830 -9.9900 0.1450   -9.9900
20124002 1999.072922 31.7050 64.1470   63   62.5531 21.6437 5.1593 36.5658 215.5640 -9.9900 0.1440   -9.9900
20124002 1999.072922 31.7050 64.1470   65   64.5386 21.6444 5.1594 36.5657 217.5970 -9.9900 0.1490   -9.9900
20124002 1999.072922 31.7050 64.1470   67   66.5241 21.6447 5.1596 36.5657 218.6320 -9.9900 0.1480   -9.9900
20124002 1999.072922 31.7050 64.1470   69   68.5095 21.6450 5.1597 36.5658 218.1090 -9.9900 0.1480   -9.9900
20124002 1999.072922 31.7050 64.1470   71   70.4950 21.6456 5.1599 36.5659 216.8850 -9.9900 0.1460   -9.9900
20124002 1999.072922 31.7050 64.1470   73   72.4804 21.6454 5.1599 36.5660 216.5690 -9.9900 0.1480   -9.9900
20124002 1999.072922 31.7050 64.1470   75   74.4658 21.6438 5.1598 36.5659 216.4400 -9.9900 0.1520   -9.9900
20124002 1999.072922 31.7050 64.1470   77   76.4512 21.6425 5.1598 36.5661 217.0080 -9.9900 0.1540   -9.9900
20124002 1999.072922 31.7050 64.1470   79   78.4366 21.6418 5.1598 36.5662 217.6830 -9.9900 0.1530   -9.9900
20124002 1999.072922 31.7050 64.1470   81   80.4219 21.6430 5.1601 36.5665 219.0860 -9.9900 0.1530   -9.9900
20124002 1999.072922 31.7050 64.1470   83   82.4072 21.6427 5.1601 36.5664 218.8450 -9.9900 0.1510   -9.9900
20124002 1999.072922 31.7050 64.1470   85   84.3925 21.6409 5.1600 36.5664 218.1580 -9.9900 0.1460   -9.9900
20124002 1999.072922 31.7050 64.1470   87   86.3778 21.6379 5.1598 36.5665 217.3850 -9.9900 0.1400   -9.9900
20124002 1999.072922 31.7050 64.1470   89   88.3631 21.6366 5.1598 36.5665 218.5330 -9.9900 0.1560   -9.9900
20124002 1999.072922 31.7050 64.1470   91   90.3484 21.6374 5.1600 36.5666 219.2900 -9.9900 0.1630   -9.9900
20124002 1999.072922 31.7050 64.1470   93   92.3336 21.6384 5.1601 36.5665 217.3000 -9.9900 0.1560   -9.9900
20124002 1999.072922 31.7050 64.1470   95   94.3188 21.5832 5.1537 36.5611 214.9250 -9.9900 0.1520   -9.9900
20124002 1999.072922 31.7050 64.1470   97   96.3040 20.7165 5.0687 36.6179 213.4770 -9.9900 0.2140   -9.9900
20124002 1999.072922 31.7050 64.1470   99   98.2892 20.4819 5.0452 36.6283 212.9800 -9.9900 0.2700   -9.9900
20124002 1999.072922 31.7050 64.1470  101  100.2743 20.3647 5.0325 36.6254 214.1320 -9.9900 0.2820   -9.9900
20124002 1999.072922 31.7050 64.1470  103  102.2594 20.1990 5.0145 36.6204 216.2600 -9.9900 0.2850   -9.9900
20124002 1999.072922 31.7050 64.1470  105  104.2446 20.0526 4.9972 36.6048 218.1970 -9.9900 0.2680   -9.9900
20124002 1999.072922 31.7050 64.1470  107  106.2297 19.9489 4.9854 36.5969 218.3880 -9.9900 0.2780   -9.9900
20124002 1999.072922 31.7050 64.1470  109  108.2147 19.8031 4.9692 36.5894 218.2900 -9.9900 0.2640   -9.9900
20124002 1999.072922 31.7050 64.1470  111  110.1998 19.6834 4.9563 36.5866 217.5800 -9.9900 0.2460   -9.9900
20124002 1999.072922 31.7050 64.1470  113  112.1848 19.6137 4.9493 36.5885 215.5490 -9.9900 0.2310   -9.9900
20124002 1999.072922 31.7050 64.1470  115  114.1698 19.4996 4.9367 36.5831 213.8240 -9.9900 0.2170   -9.9900
20124002 1999.072922 31.7050 64.1470  117  116.1548 19.3749 4.9231 36.5782 213.8790 -9.9900 0.2110   -9.9900
20124002 1999.072922 31.7050 64.1470  119  118.1398 19.2184 4.9046 36.5602 211.8340 -9.9900 0.2210   -9.9900
20124002 1999.072922 31.7050 64.1470  121  120.1248 19.1653 4.8984 36.5542 212.1160 -9.9900 0.2120   -9.9900
20124002 1999.072922 31.7050 64.1470  123  122.1097 19.1176 4.8929 36.5497 213.1540 -9.9900 0.1870   -9.9900
20124002 1999.072922 31.7050 64.1470  125  124.0947 19.0316 4.8826 36.5381 213.8850 -9.9900 0.1870   -9.9900
20124002 1999.072922 31.7050 64.1470  127  126.0796 18.9516 4.8730 36.5271 214.4420 -9.9900 0.1830   -9.9900
20124002 1999.072922 31.7050 64.1470  129  128.0644 18.8770 4.8640 36.5159 215.2240 -9.9900 0.1710   -9.9900
20124002 1999.072922 31.7050 64.1470  131  130.0493 18.8048 4.8557 36.5093 215.7710 -9.9900 0.1620   -9.9900
20124002 1999.072922 31.7050 64.1470  133  132.0342 18.7177 4.8463 36.5061 216.2720 -9.9900 0.1530   -9.9900
20124002 1999.072922 31.7050 64.1470  135  134.0190 18.6586 4.8409 36.5117 213.3070 -9.9900 0.1520   -9.9900
20124002 1999.072922 31.7050 64.1470  137  136.0038 18.6406 4.8410 36.5275 208.5780 -9.9900 0.1470   -9.9900
20124002 1999.072922 31.7050 64.1470  139  137.9886 18.6612 4.8447 36.5400 207.2920 -9.9900 0.1420   -9.9900
20124002 1999.072922 31.7050 64.1470  141  139.9733 18.6889 4.8493 36.5536 205.0270 -9.9900 0.1380   -9.9900
20124002 1999.072922 31.7050 64.1470  143  141.9581 18.6821 4.8494 36.5598 203.5050 -9.9900 0.1350   -9.9900
20124002 1999.072922 31.7050 64.1470  145  143.9428 18.6339 4.8436 36.5528 203.4410 -9.9900 0.1280   -9.9900
20124002 1999.072922 31.7050 64.1470  147  145.9275 18.5820 4.8370 36.5423 204.3060 -9.9900 0.1210   -9.9900
20124002 1999.072922 31.7050 64.1470  149  147.9122 18.5274 4.8301 36.5312 205.4600 -9.9900 0.1110   -9.9900
20124002 1999.072922 31.7050 64.1470  151  149.8969 18.5216 4.8302 36.5363 205.8650 -9.9900 0.1250   -9.9900
20124002 1999.072922 31.7050 64.1470  153  151.8816 18.5131 4.8296 36.5381 204.7690 -9.9900 0.1260   -9.9900
20124002 1999.072922 31.7050 64.1470  155  153.8662 18.5217 4.8316 36.5464 203.2070 -9.9900 0.1270   -9.9900
20124002 1999.072922 31.7050 64.1470  157  155.8508 18.5177 4.8322 36.5544 202.5940 -9.9900 0.1060   -9.9900
20124002 1999.072922 31.7050 64.1470  159  157.8354 18.4867 4.8285 36.5500 203.4620 -9.9900 0.0890   -9.9900
20124002 1999.072922 31.7050 64.1470  161  159.8200 18.4526 4.8247 36.5472 203.2220 -9.9900 0.0930   -9.9900
20124002 1999.072922 31.7050 64.1470  163  161.8045 18.4228 4.8217 36.5468 202.5440 -9.9900 0.0910   -9.9900
20124002 1999.072922 31.7050 64.1470  165  163.7891 18.4005 4.8193 36.5461 202.3320 -9.9900 0.0910   -9.9900
20124002 1999.072922 31.7050 64.1470  167  165.7736 18.3822 4.8174 36.5447 202.5070 -9.9900 0.0940   -9.9900
20124002 1999.072922 31.7050 64.1470  169  167.7581 18.3609 4.8149 36.5423 203.5330 -9.9900 0.0960   -9.9900
20124002 1999.072922 31.7050 64.1470  171  169.7426 18.3460 4.8133 36.5407 203.4140 -9.9900 0.0950   -9.9900
20124002 1999.072922 31.7050 64.1470  173  171.7270 18.3361 4.8122 36.5394 202.8650 -9.9900 0.0870   -9.9900
20124002 1999.072922 31.7050 64.1470  175  173.7115 18.3234 4.8109 36.5391 203.8270 -9.9900 0.0880   -9.9900
20124002 1999.072922 31.7050 64.1470  177  175.6959 18.3182 4.8106 36.5405 203.4920 -9.9900 0.0930   -9.9900
20124002 1999.072922 31.7050 64.1470  179  177.6803 18.3054 4.8094 36.5406 203.7150 -9.9900 0.0790   -9.9900
20124002 1999.072922 31.7050 64.1470  181  179.6647 18.2881 4.8076 36.5401 202.4720 -9.9900 0.0900   -9.9900
20124002 1999.072922 31.7050 64.1470  183  181.6491 18.2789 4.8067 36.5395 202.3250 -9.9900 0.0920   -9.9900
20124002 1999.072922 31.7050 64.1470  185  183.6334 18.2661 4.8053 36.5383 202.2230 -9.9900 0.0680   -9.9900
20124002 1999.072922 31.7050 64.1470  187  185.6177 18.2589 4.8047 36.5385 201.4000 -9.9900 0.0730   -9.9900
20124002 1999.072922 31.7050 64.1470  189  187.6020 18.2434 4.8031 36.5379 199.9310 -9.9900 0.0700   -9.9900
20124002 1999.072922 31.7050 64.1470  191  189.5863 18.2304 4.8017 36.5374 199.8380 -9.9900 0.0630   -9.9900
20124002 1999.072922 31.7050 64.1470  193  191.5706 18.2218 4.8009 36.5371 200.0970 -9.9900 0.0700   -9.9900
20124002 1999.072922 31.7050 64.1470  195  193.5549 18.2144 4.8002 36.5371 199.8360 -9.9900 0.0820   -9.9900
20124002 1999.072922 31.7050 64.1470  197  195.5391 18.2089 4.7997 36.5367 199.3200 -9.9900 0.0860   -9.9900
20124002 1999.072922 31.7050 64.1470  199  197.5233 18.1941 4.7981 36.5353 199.1260 -9.9900 0.0860   -9.9900
20124002 1999.072922 31.7050 64.1470  201  199.5075 18.1798 4.7966 36.5344 198.9890 -9.9900 0.0840   -9.9900
20124002 1999.072922 31.7050 64.1470  203  201.4917 18.1667 4.7952 36.5332 198.5440 -9.9900 0.0770   -9.9900
20124002 1999.072922 31.7050 64.1470  205  203.4758 18.1534 4.7937 36.5315 198.7460 -9.9900 0.0800   -9.9900
20124002 1999.072922 31.7050 64.1470  207  205.4600 18.1395 4.7920 36.5292 198.4350 -9.9900 0.0830   -9.9900
20124002 1999.072922 31.7050 64.1470  209  207.4441 18.1314 4.7911 36.5279 197.8920 -9.9900 0.0790   -9.9900
20124002 1999.072922 31.7050 64.1470  211  209.4282 18.1241 4.7904 36.5271 198.1420 -9.9900 0.0770   -9.9900
20124002 1999.072922 31.7050 64.1470  213  211.4123 18.1155 4.7896 36.5271 197.7770 -9.9900 0.0850   -9.9900
20124002 1999.072922 31.7050 64.1470  215  213.3963 18.0963 4.7875 36.5255 198.4640 -9.9900 0.0770   -9.9900
20124002 1999.072922 31.7050 64.1470  217  215.3804 18.0849 4.7863 36.5254 199.0630 -9.9900 0.0630   -9.9900
20124002 1999.072922 31.7050 64.1470  219  217.3644 18.0758 4.7854 36.5249 198.9320 -9.9900 0.0570   -9.9900
20124002 1999.072922 31.7050 64.1470  221  219.3484 18.0697 4.7848 36.5242 198.9200 -9.9900 0.0570   -9.9900
20124002 1999.072922 31.7050 64.1470  223  221.3324 18.0615 4.7839 36.5230 198.6530 -9.9900 0.0610   -9.9900
20124002 1999.072922 31.7050 64.1470  225  223.3163 18.0568 4.7835 36.5232 198.3970 -9.9900 0.0650   -9.9900
20124002 1999.072922 31.7050 64.1470  227  225.3003 18.0516 4.7830 36.5230 198.1560 -9.9900 0.0630   -9.9900
20124002 1999.072922 31.7050 64.1470  229  227.2842 18.0451 4.7824 36.5227 197.7470 -9.9900 0.0600   -9.9900
20124002 1999.072922 31.7050 64.1470  231  229.2681 18.0329 4.7810 36.5210 197.2460 -9.9900 0.0570   -9.9900
20124002 1999.072922 31.7050 64.1470  233  231.2520 18.0247 4.7801 36.5193 197.2640 -9.9900 0.0560   -9.9900
20124002 1999.072922 31.7050 64.1470  235  233.2358 18.0162 4.7792 36.5182 197.3500 -9.9900 0.0590   -9.9900
20124002 1999.072922 31.7050 64.1470  237  235.2197 18.0117 4.7788 36.5182 197.2270 -9.9900 0.0600   -9.9900
20124002 1999.072922 31.7050 64.1470  239  237.2035 17.9960 4.7769 36.5155 197.0860 -9.9900 0.0600   -9.9900
20124002 1999.072922 31.7050 64.1470  241  239.1873 17.9806 4.7751 36.5131 196.7520 -9.9900 0.0630   -9.9900
20124002 1999.072922 31.7050 64.1470  243  241.1711 17.9682 4.7736 36.5105 196.8470 -9.9900 0.0660   -9.9900
20124002 1999.072922 31.7050 64.1470  245  243.1549 17.9495 4.7713 36.5065 197.2250 -9.9900 0.0670   -9.9900
20124002 1999.072922 31.7050 64.1470  247  245.1387 17.9413 4.7704 36.5051 197.8350 -9.9900 0.0600   -9.9900
20124002 1999.072922 31.7050 64.1470  249  247.1224 17.9385 4.7702 36.5055 197.8000 -9.9900 0.0530   -9.9900
20124002 1999.072922 31.7050 64.1470  251  249.1061 17.9364 4.7701 36.5053 197.3460 -9.9900 0.0630   -9.9900
20124002 1999.072922 31.7050 64.1470  253  251.0898 17.9320 4.7696 36.5044 197.3300 -9.9900 0.0630   -9.9900
20124002 1999.072922 31.7050 64.1470  255  253.0735 17.9262 4.7690 36.5034 196.7890 -9.9900 0.0650   -9.9900
20124002 1999.072922 31.7050 64.1470  257  255.0571 17.9206 4.7684 36.5031 196.6270 -9.9900 0.0710   -9.9900
20124002 1999.072922 31.7050 64.1470  259  257.0408 17.9180 4.7683 36.5037 196.9420 -9.9900 0.0660   -9.9900
20124002 1999.072922 31.7050 64.1470  261  259.0244 17.9105 4.7675 36.5023 197.8410 -9.9900 0.0590   -9.9900
20124002 1999.072922 31.7050 64.1470  263  261.0080 17.9048 4.7669 36.5012 196.4030 -9.9900 0.0610   -9.9900
20124002 1999.072922 31.7050 64.1470  265  262.9916 17.9005 4.7665 36.5015 196.5560 -9.9900 0.0570   -9.9900
20124002 1999.072922 31.7050 64.1470  267  264.9751 17.8901 4.7654 36.5003 194.9000 -9.9900 0.0640   -9.9900
20124002 1999.072922 31.7050 64.1470  269  266.9587 17.8539 4.7607 36.4915 196.6390 -9.9900 0.0670   -9.9900
20124002 1999.072922 31.7050 64.1470  271  268.9422 17.8403 4.7591 36.4890 196.7400 -9.9900 0.0640   -9.9900
20124002 1999.072922 31.7050 64.1470  273  270.9257 17.8334 4.7584 36.4882 197.1230 -9.9900 0.0490   -9.9900
20124002 1999.072922 31.7050 64.1470  275  272.9092 17.8304 4.7581 36.4878 196.7120 -9.9900 0.0470   -9.9900
20124002 1999.072922 31.7050 64.1470  277  274.8926 17.8257 4.7577 36.4876 197.6460 -9.9900 0.0520   -9.9900
20124002 1999.072922 31.7050 64.1470  279  276.8761 17.8198 4.7570 36.4864 198.2540 -9.9900 0.0570   -9.9900
20124002 1999.072922 31.7050 64.1470  281  278.8595 17.8116 4.7561 36.4855 197.3340 -9.9900 0.0630   -9.9900
20124002 1999.072922 31.7050 64.1470  283  280.8429 17.8086 4.7559 36.4856 197.7150 -9.9900 0.0630   -9.9900
20124002 1999.072922 31.7050 64.1470  285  282.8263 17.8045 4.7556 36.4856 197.7790 -9.9900 0.0620   -9.9900
20124002 1999.072922 31.7050 64.1470  287  284.8097 17.7993 4.7552 36.4858 197.8110 -9.9900 0.0590   -9.9900
20124002 1999.072922 31.7050 64.1470  289  286.7930 17.7920 4.7544 36.4853 198.3450 -9.9900 0.0520   -9.9900
20124002 1999.072922 31.7050 64.1470  291  288.7764 17.7855 4.7538 36.4847 198.9070 -9.9900 0.0490   -9.9900
20124002 1999.072922 31.7050 64.1470  293  290.7597 17.7785 4.7531 36.4839 199.4020 -9.9900 0.0540   -9.9900
20124002 1999.072922 31.7050 64.1470  295  292.7430 17.7746 4.7527 36.4833 199.5480 -9.9900 0.0600   -9.9900
20124002 1999.072922 31.7050 64.1470  297  294.7263 17.7707 4.7523 36.4824 198.2410 -9.9900 0.0570   -9.9900
20124002 1999.072922 31.7050 64.1470  299  296.7095 17.7617 4.7513 36.4812 197.7370 -9.9900 0.0540   -9.9900
20124002 1999.072922 31.7050 64.1470  301  298.6927 17.7555 4.7506 36.4804 197.7530 -9.9900 0.0540   -9.9900
20124002 1999.072922 31.7050 64.1470  303  300.6760 17.7529 4.7504 36.4800 198.0340 -9.9900 0.0520   -9.9900
20124002 1999.072922 31.7050 64.1470  305  302.6592 17.7495 4.7501 36.4795 198.8220 -9.9900 0.0480   -9.9900
20124002 1999.072922 31.7050 64.1470  307  304.6423 17.7467 4.7498 36.4789 199.5490 -9.9900 0.0550   -9.9900
20124002 1999.072922 31.7050 64.1470  309  306.6255 17.7398 4.7491 36.4778 199.7920 -9.9900 0.0610   -9.9900
20124002 1999.072922 31.7050 64.1470  311  308.6086 17.7274 4.7476 36.4760 199.5970 -9.9900 0.0590   -9.9900
20124002 1999.072922 31.7050 64.1470  313  310.5918 17.7145 4.7462 36.4739 200.2540 -9.9900 0.0550   -9.9900
20124002 1999.072922 31.7050 64.1470  315  312.5749 17.6975 4.7442 36.4711 200.6560 -9.9900 0.0580   -9.9900
20124002 1999.072922 31.7050 64.1470  317  314.5579 17.6887 4.7432 36.4698 199.7450 -9.9900 0.0610   -9.9900
20124002 1999.072922 31.7050 64.1470  319  316.5410 17.6792 4.7421 36.4681 199.7360 -9.9900 0.0480   -9.9900
20124002 1999.072922 31.7050 64.1470  321  318.5241 17.6685 4.7408 36.4661 200.9770 -9.9900 0.0480   -9.9900
20124002 1999.072922 31.7050 64.1470  323  320.5071 17.6557 4.7394 36.4640 199.7390 -9.9900 0.0530   -9.9900
20124002 1999.072922 31.7050 64.1470  325  322.4901 17.6436 4.7380 36.4621 198.9790 -9.9900 0.0570   -9.9900
20124002 1999.072922 31.7050 64.1470  327  324.4731 17.6389 4.7375 36.4616 199.7810 -9.9900 0.0550   -9.9900
20124002 1999.072922 31.7050 64.1470  329  326.4560 17.6323 4.7368 36.4608 199.7510 -9.9900 0.0500   -9.9900
20124002 1999.072922 31.7050 64.1470  331  328.4390 17.6194 4.7353 36.4588 199.0220 -9.9900 0.0470   -9.9900
20124002 1999.072922 31.7050 64.1470  333  330.4219 17.6064 4.7338 36.4567 199.2870 -9.9900 0.0580   -9.9900
20124002 1999.072922 31.7050 64.1470  335  332.4048 17.6049 4.7337 36.4562 199.7240 -9.9900 0.0610   -9.9900
20124002 1999.072922 31.7050 64.1470  337  334.3877 17.5937 4.7324 36.4543 200.9830 -9.9900 0.0540   -9.9900
20124002 1999.072922 31.7050 64.1470  339  336.3706 17.5621 4.7285 36.4482 202.0570 -9.9900 0.0410   -9.9900
20124002 1999.072922 31.7050 64.1470  341  338.3535 17.5501 4.7273 36.4474 199.3580 -9.9900 0.0480   -9.9900
20124002 1999.072922 31.7050 64.1470  343  340.3363 17.5463 4.7268 36.4454 198.7290 -9.9900 0.0490   -9.9900
20124002 1999.072922 31.7050 64.1470  345  342.3191 17.5248 4.7242 36.4414 199.2720 -9.9900 0.0450   -9.9900
20124002 1999.072922 31.7050 64.1470  347  344.3019 17.4995 4.7211 36.4372 197.4130 -9.9900 0.0560   -9.9900
20124002 1999.072922 31.7050 64.1470  349  346.2847 17.4816 4.7190 36.4340 198.5550 -9.9900 0.0600   -9.9900
20124002 1999.072922 31.7050 64.1470  351  348.2674 17.4616 4.7167 36.4310 200.2460 -9.9900 0.0590   -9.9900
20124002 1999.072922 31.7050 64.1470  353  350.2502 17.4456 4.7149 36.4288 200.2710 -9.9900 0.0540   -9.9900
20124002 1999.072922 31.7050 64.1470  355  352.2329 17.4362 4.7138 36.4270 199.3420 -9.9900 0.0620   -9.9900
20124002 1999.072922 31.7050 64.1470  357  354.2156 17.4187 4.7116 36.4233 199.7390 -9.9900 0.0490   -9.9900
20124002 1999.072922 31.7050 64.1470  359  356.1983 17.3884 4.7080 36.4179 199.1520 -9.9900 0.0700   -9.9900
20124002 1999.072922 31.7050 64.1470  361  358.1810 17.3622 4.7049 36.4137 199.2360 -9.9900 0.0510   -9.9900
20124002 1999.072922 31.7050 64.1470  363  360.1636 17.3336 4.7013 36.4079 198.0890 -9.9900 0.0500   -9.9900
20124002 1999.072922 31.7050 64.1470  365  362.1462 17.2846 4.6953 36.3991 198.7100 -9.9900 0.0570   -9.9900
20124002 1999.072922 31.7050 64.1470  367  364.1288 17.2603 4.6924 36.3949 198.2810 -9.9900 0.0580   -9.9900
20124002 1999.072922 31.7050 64.1470  369  366.1114 17.2389 4.6899 36.3913 197.5770 -9.9900 0.0590   -9.9900
20124002 1999.072922 31.7050 64.1470  371  368.0940 17.2178 4.6873 36.3866 198.3400 -9.9900 0.0580   -9.9900
20124002 1999.072922 31.7050 64.1470  373  370.0765 17.1856 4.6834 36.3806 199.6530 -9.9900 0.0540   -9.9900
20124002 1999.072922 31.7050 64.1470  375  372.0591 17.1574 4.6800 36.3761 198.8090 -9.9900 0.0560   -9.9900
20124002 1999.072922 31.7050 64.1470  377  374.0416 17.1180 4.6753 36.3692 197.6890 -9.9900 0.0640   -9.9900
20124002 1999.072922 31.7050 64.1470  379  376.0241 17.0935 4.6723 36.3647 198.0620 -9.9900 0.0670   -9.9900
20124002 1999.072922 31.7050 64.1470  381  378.0065 17.0573 4.6679 36.3579 196.8840 -9.9900 0.0600   -9.9900
20124002 1999.072922 31.7050 64.1470  383  379.9890 17.0278 4.6644 36.3529 195.4910 -9.9900 0.0560   -9.9900
20124002 1999.072922 31.7050 64.1470  385  381.9714 17.0175 4.6632 36.3511 196.9830 -9.9900 0.0600   -9.9900
20124002 1999.072922 31.7050 64.1470  387  383.9538 16.9981 4.6609 36.3477 199.0550 -9.9900 0.0610   -9.9900
20124002 1999.072922 31.7050 64.1470  389  385.9362 16.9764 4.6583 36.3439 197.7150 -9.9900 0.0670   -9.9900
20124002 1999.072922 31.7050 64.1470  391  387.9186 16.9531 4.6555 36.3397 197.5460 -9.9900 0.0740   -9.9900
20124002 1999.072922 31.7050 64.1470  393  389.9010 16.9355 4.6534 36.3358 198.9370 -9.9900 0.0700   -9.9900
20124002 1999.072922 31.7050 64.1470  395  391.8833 16.9085 4.6501 36.3310 197.7140 -9.9900 0.0700   -9.9900
20124002 1999.072922 31.7050 64.1470  397  393.8656 16.8756 4.6463 36.3267 196.3880 -9.9900 0.0730   -9.9900
20124002 1999.072922 31.7050 64.1470  399  395.8479 16.8423 4.6423 36.3208 195.2580 -9.9900 0.0680   -9.9900
20124002 1999.072922 31.7050 64.1470  401  397.8302 16.8255 4.6403 36.3177 196.0060 -9.9900 0.0670   -9.9900
20124002 1999.072922 31.7050 64.1470  403  399.8125 16.8052 4.6379 36.3138 195.4700 -9.9900 0.0540   -9.9900
20124002 1999.072922 31.7050 64.1470  405  401.7947 16.7857 4.6357 36.3110 195.5580 -9.9900 0.0510   -9.9900
20124002 1999.072922 31.7050 64.1470  407  403.7770 16.7782 4.6349 36.3100 195.8620 -9.9900 0.0660   -9.9900
20124002 1999.072922 31.7050 64.1470  409  405.7592 16.7697 4.6338 36.3079 196.2460 -9.9900 0.0790   -9.9900
20124002 1999.072922 31.7050 64.1470  411  407.7413 16.7604 4.6327 36.3056 195.4470 -9.9900 0.0660   -9.9900
20124002 1999.072922 31.7050 64.1470  413  409.7235 16.7346 4.6297 36.3013 194.0870 -9.9900 0.0640   -9.9900
20124002 1999.072922 31.7050 64.1470  415  411.7057 16.6965 4.6252 36.2956 195.2440 -9.9900 0.0600   -9.9900
20124002 1999.072922 31.7050 64.1470  417  413.6878 16.6783 4.6231 36.2923 193.0890 -9.9900 0.0570   -9.9900
20124002 1999.072922 31.7050 64.1470  419  415.6699 16.6665 4.6217 36.2899 193.8790 -9.9900 0.0550   -9.9900
20124002 1999.072922 31.7050 64.1470  421  417.6520 16.6308 4.6174 36.2839 195.9440 -9.9900 0.0640   -9.9900
20124002 1999.072922 31.7050 64.1470  423  419.6341 16.6065 4.6146 36.2800 195.4610 -9.9900 0.0610   -9.9900
20124002 1999.072922 31.7050 64.1470  425  421.6161 16.5895 4.6126 36.2770 194.9740 -9.9900 0.0550   -9.9900
20124002 1999.072922 31.7050 64.1470  427  423.5982 16.5577 4.6088 36.2714 194.3940 -9.9900 0.0350   -9.9900
20124002 1999.072922 31.7050 64.1470  429  425.5802 16.5386 4.6065 36.2681 194.3890 -9.9900 0.0430   -9.9900
20124002 1999.072922 31.7050 64.1470  431  427.5622 16.5262 4.6051 36.2658 193.0490 -9.9900 0.0660   -9.9900
20124002 1999.072922 31.7050 64.1470  433  429.5441 16.4886 4.6006 36.2598 194.2400 -9.9900 0.0660   -9.9900
20124002 1999.072922 31.7050 64.1470  435  431.5261 16.4525 4.5964 36.2546 193.5930 -9.9900 0.0610   -9.9900
20124002 1999.072922 31.7050 64.1470  437  433.5080 16.4219 4.5929 36.2498 192.6130 -9.9900 0.0630   -9.9900
20124002 1999.072922 31.7050 64.1470  439  435.4900 16.3808 4.5880 36.2433 195.0040 -9.9900 0.0610   -9.9900
20124002 1999.072922 31.7050 64.1470  441  437.4719 16.3605 4.5856 36.2398 195.5610 -9.9900 0.0620   -9.9900
20124002 1999.072922 31.7050 64.1470  443  439.4537 16.3355 4.5826 36.2351 195.4140 -9.9900 0.0640   -9.9900
20124002 1999.072922 31.7050 64.1470  445  441.4356 16.3008 4.5785 36.2295 195.0590 -9.9900 0.0640   -9.9900
20124002 1999.072922 31.7050 64.1470  447  443.4175 16.2773 4.5759 36.2262 195.3540 -9.9900 0.0560   -9.9900
20124002 1999.072922 31.7050 64.1470  449  445.3993 16.2531 4.5730 36.2221 195.3770 -9.9900 0.0560   -9.9900
20124002 1999.072922 31.7050 64.1470  451  447.3811 16.2133 4.5683 36.2154 194.7880 -9.9900 0.0560   -9.9900
20124002 1999.072922 31.7050 64.1470  453  449.3629 16.1915 4.5658 36.2121 194.9050 -9.9900 0.0560   -9.9900
20124002 1999.072922 31.7050 64.1470  455  451.3446 16.1596 4.5621 36.2072 195.0720 -9.9900 0.0570   -9.9900
20124002 1999.072922 31.7050 64.1470  457  453.3264 16.1356 4.5592 36.2025 194.6740 -9.9900 0.0570   -9.9900
20124002 1999.072922 31.7050 64.1470  459  455.3081 16.0977 4.5547 36.1963 195.2570 -9.9900 0.0560   -9.9900
20124002 1999.072922 31.7050 64.1470  461  457.2898 16.0555 4.5497 36.1891 193.6300 -9.9900 0.0480   -9.9900
20124002 1999.072922 31.7050 64.1470  463  459.2715 16.0129 4.5447 36.1826 192.8060 -9.9900 0.0460   -9.9900
20124002 1999.072922 31.7050 64.1470  465  461.2532 15.9784 4.5407 36.1778 194.4170 -9.9900 0.0580   -9.9900
20124002 1999.072922 31.7050 64.1470  467  463.2348 15.9560 4.5382 36.1743 195.6870 -9.9900 0.0690   -9.9900
20124002 1999.072922 31.7050 64.1470  469  465.2165 15.9184 4.5337 36.1678 193.7890 -9.9900 0.0540   -9.9900
20124002 1999.072922 31.7050 64.1470  471  467.1981 15.8806 4.5292 36.1609 192.6470 -9.9900 0.0510   -9.9900
20124002 1999.072922 31.7050 64.1470  473  469.1797 15.8383 4.5240 36.1520 190.6450 -9.9900 0.0490   -9.9900
20124002 1999.072922 31.7050 64.1470  475  471.1613 15.8045 4.5199 36.1460 190.0740 -9.9900 0.0510   -9.9900
20124002 1999.072922 31.7050 64.1470  477  473.1428 15.7905 4.5184 36.1441 189.4670 -9.9900 0.0500   -9.9900
20124002 1999.072922 31.7050 64.1470  479  475.1244 15.7662 4.5155 36.1394 188.3580 -9.9900 0.0410   -9.9900
20124002 1999.072922 31.7050 64.1470  481  477.1059 15.7312 4.5112 36.1321 188.5940 -9.9900 0.0380   -9.9900
20124002 1999.072922 31.7050 64.1470  483  479.0874 15.6938 4.5068 36.1258 189.5950 -9.9900 0.0480   -9.9900
20124002 1999.072922 31.7050 64.1470  485  481.0689 15.6935 4.5068 36.1256 186.2190 -9.9900 0.0620   -9.9900
20124002 1999.072922 31.7050 64.1470  487  483.0503 15.6441 4.5014 36.1207 188.5990 -9.9900 0.0620   -9.9900
20124002 1999.072922 31.7050 64.1470  489  485.0318 15.6315 4.5001 36.1198 190.9550 -9.9900 0.0590   -9.9900
20124002 1999.072922 31.7050 64.1470  491  487.0132 15.6029 4.4968 36.1155 190.9870 -9.9900 0.0580   -9.9900
20124002 1999.072922 31.7050 64.1470  493  488.9946 15.5552 4.4913 36.1086 193.0940 -9.9900 0.0520   -9.9900
20124002 1999.072922 31.7050 64.1470  495  490.9760 15.5061 4.4854 36.0992 192.8680 -9.9900 0.0580   -9.9900
20124002 1999.072922 31.7050 64.1470  497  492.9574 15.4699 4.4811 36.0930 192.1130 -9.9900 0.0560   -9.9900
20124002 1999.072922 31.7050 64.1470  499  494.9387 15.4387 4.4774 36.0875 191.1200 -9.9900 0.0660   -9.9900
20124002 1999.072922 31.7050 64.1470  501  496.9201 15.4021 4.4732 36.0820 189.0700 -9.9900 0.0580   -9.9900
20124002 1999.072922 31.7050 64.1470  503  498.9014 15.3532 4.4674 36.0734 187.7050 -9.9900 0.0490   -9.9900
20124002 1999.072922 31.7050 64.1470  505  500.8827 15.3068 4.4619 36.0658 187.1300 -9.9900 0.0430   -9.9900
20124002 1999.072922 31.7050 64.1470  507  502.8639 15.2932 4.4605 36.0643 184.7630 -9.9900 0.0450   -9.9900
20124003 1999.073438 31.7350 64.1510    6    5.9582 21.6715 5.1600 36.5682 229.7120 -9.9900 0.1410   -9.9900
20124003 1999.073438 31.7350 64.1510    8    7.9443 21.6718 5.1601 36.5681 229.2270 -9.9900 0.1410   -9.9900
20124003 1999.073438 31.7350 64.1510   10    9.9303 21.6691 5.1599 36.5682 228.6720 -9.9900 0.1400   -9.9900
20124003 1999.073438 31.7350 64.1510   12   11.9163 21.6662 5.1597 36.5684 228.0070 -9.9900 0.1350   -9.9900
20124003 1999.073438 31.7350 64.1510   14   13.9023 21.6683 5.1600 36.5684 226.3680 -9.9900 0.1370   -9.9900
20124003 1999.073438 31.7350 64.1510   16   15.8883 21.6685 5.1601 36.5684 225.9360 -9.9900 0.1450   -9.9900
20124003 1999.073438 31.7350 64.1510   18   17.8742 21.6681 5.1602 36.5686 226.1350 -9.9900 0.1490   -9.9900
20124003 1999.073438 31.7350 64.1510   20   19.8602 21.6706 5.1606 36.5686 226.3520 -9.9900 0.1440   -9.9900
20124003 1999.073438 31.7350 64.1510   22   21.8461 21.6744 5.1610 36.5684 226.5820 -9.9900 0.1400   -9.9900
20124003 1999.073438 31.7350 64.1510   24   23.8320 21.6754 5.1612 36.5682 226.6660 -9.9900 0.1420   -9.9900
20124003 1999.073438 31.7350 64.1510   26   25.8178 21.6758 5.1613 36.5680 226.5790 -9.9900 0.1390   -9.9900
20124003 1999.073438 31.7350 64.1510   28   27.8037 21.6761 5.1614 36.5679 226.3210 -9.9900 0.1520   -9.9900
20124003 1999.073438 31.7350 64.1510   30   29.7895 21.6764 5.1616 36.5680 225.0760 -9.9900 0.1630   -9.9900
20124003 1999.073438 31.7350 64.1510   32   31.7753 21.6765 5.1617 36.5681 225.4550 -9.9900 0.1380   -9.9900
20124003 1999.073438 31.7350 64.1510   34   33.7611 21.6770 5.1618 36.5681 225.5920 -9.9900 0.1470   -9.9900
20124003 1999.073438 31.7350 64.1510   36   35.7469 21.6776 5.1620 36.5681 224.8400 -9.9900 0.1570   -9.9900
20124003 1999.073438 31.7350 64.1510   38   37.7326 21.6777 5.1621 36.5681 224.7350 -9.9900 0.1580   -9.9900
20124003 1999.073438 31.7350 64.1510   40   39.7184 21.6764 5.1620 36.5679 223.8950 -9.9900 0.1540   -9.9900
20124003 1999.073438 31.7350 64.1510   42   41.7041 21.6766 5.1621 36.5680 224.4680 -9.9900 0.1500   -9.9900
20124003 1999.073438 31.7350 64.1510   44   43.6898 21.6762 5.1622 36.5679 224.6060 -9.9900 0.1530   -9.9900
20124003 1999.073438 31.7350 64.1510   46   45.6755 21.6725 5.1618 36.5677 224.0030 -9.9900 0.1490   -9.9900
20124003 1999.073438 31.7350 64.1510   48   47.6611 21.6727 5.1619 36.5677 224.2870 -9.9900 0.1410   -9.9900
20124003 1999.073438 31.7350 64.1510   50   49.6468 21.6663 5.1613 36.5675 224.0650 -9.9900 0.1510   -9.9900
20124003 1999.073438 31.7350 64.1510   52   51.6324 21.6539 5.1600 36.5667 225.1180 -9.9900 0.1510   -9.9900
20124003 1999.073438 31.7350 64.1510   54   53.6180 21.6521 5.1599 36.5667 223.8400 -9.9900 0.1650   -9.9900
20124003 1999.073438 31.7350 64.1510   56   55.6036 21.6493 5.1597 36.5668 224.0950 -9.9900 0.1680   -9.9900
20124003 1999.073438 31.7350 64.1510   58   57.5891 21.6459 5.1594 36.5669 224.6550 -9.9900 0.1750   -9.9900
20124003 1999.073438 31.7350 64.1510   60   59.5747 21.6446 5.1594 36.5669 224.2950 -9.9900 0.1720   -9.9900
20124003 1999.073438 31.7350 64.1510   62   61.5602 21.6435 5.1594 36.5669 224.1160 -9.9900 0.1660   -9.9900
20124003 1999.073438 31.7350 64.1510   64   63.5457 21.6422 5.1593 36.5670 224.0500 -9.9900 0.1620   -9.9900
20124003 1999.073438 31.7350 64.1510   66   65.5312 21.6417 5.1594 36.5670 224.0690 -9.9900 0.1660   -9.9900
20124003 1999.073438 31.7350 64.1510   68   67.5167 21.6413 5.1594 36.5671 223.8800 -9.9900 0.1720   -9.9900
20124003 1999.073438 31.7350 64.1510   70   69.5021 21.6410 5.1595 36.5671 224.1770 -9.9900 0.1680   -9.9900
20124003 1999.073438 31.7350 64.1510   72   71.4875 21.6410 5.1596 36.5671 223.8080 -9.9900 0.1640   -9.9900
20124003 1999.073438 31.7350 64.1510   74   73.4729 21.6410 5.1597 36.5671 222.9050 -9.9900 0.1610   -9.9900
20124003 1999.073438 31.7350 64.1510   76   75.4583 21.6410 5.1597 36.5670 224.0540 -9.9900 0.1750   -9.9900
20124003 1999.073438 31.7350 64.1510   78   77.4437 21.6398 5.1597 36.5672 225.5020 -9.9900 0.1820   -9.9900
20124003 1999.073438 31.7350 64.1510   80   79.4290 21.6392 5.1597 36.5672 225.1010 -9.9900 0.1750   -9.9900
20124003 1999.073438 31.7350 64.1510   82   81.4144 21.6383 5.1598 36.5674 224.7330 -9.9900 0.1700   -9.9900
20124003 1999.073438 31.7350 64.1510   84   83.3997 21.6381 5.1598 36.5674 225.0050 -9.9900 0.1640   -9.9900
20124003 1999.073438 31.7350 64.1510   86   85.3850 21.6384 5.1599 36.5674 225.5850 -9.9900 0.1620   -9.9900
20124003 1999.073438 31.7350 64.1510   88   87.3703 21.6388 5.1601 36.5674 225.8780 -9.9900 0.1620   -9.9900
20124003 1999.073438 31.7350 64.1510   90   89.3555 21.6389 5.1602 36.5675 226.2300 -9.9900 0.1630   -9.9900
20124003 1999.073438 31.7350 64.1510   92   91.3407 21.6387 5.1603 36.5675 226.3230 -9.9900 0.1660   -9.9900
20124003 1999.073438 31.7350 64.1510   94   93.3260 21.6380 5.1603 36.5676 226.5950 -9.9900 0.1690   -9.9900
20124003 1999.073438 31.7350 64.1510   96   95.3112 21.6369 5.1603 36.5677 225.9510 -9.9900 0.1750   -9.9900
20124003 1999.073438 31.7350 64.1510   98   97.2963 21.6339 5.1600 36.5676 226.1010 -9.9900 0.1740   -9.9900
20124003 1999.073438 31.7350 64.1510  100   99.2815 21.5931 5.1558 36.5681 224.3610 -9.9900 0.1860   -9.9900
20124003 1999.073438 31.7350 64.1510  102  101.2666 21.4662 5.1429 36.5716 224.0440 -9.9900 0.1990   -9.9900
20124003 1999.073438 31.7350 64.1510  104  103.2518 21.4007 5.1366 36.5769 224.2790 -9.9900 0.2080   -9.9900
20124003 1999.073438 31.7350 64.1510  106  105.2369 21.0839 5.1059 36.5997 221.9390 -9.9900 0.2470   -9.9900
20124003 1999.073438 31.7350 64.1510  108  107.2219 20.6282 5.0612 36.6289 219.0980 -9.9900 0.3060   -9.9900
20124003 1999.073438 31.7350 64.1510  110  109.2070 20.4234 5.0394 36.6272 220.5180 -9.9900 0.3160   -9.9900
20124003 1999.073438 31.7350 64.1510  112  111.1920 20.2111 5.0157 36.6170 223.1870 -9.9900 0.3060   -9.9900
20124003 1999.073438 31.7350 64.1510  114  113.1771 19.9229 4.9827 36.5951 226.6890 -9.9900 0.2840   -9.9900
20124003 1999.073438 31.7350 64.1510  116  115.1621 19.8415 4.9735 36.5891 226.5230 -9.9900 0.2780   -9.9900
20124003 1999.073438 31.7350 64.1510  118  117.1471 19.7536 4.9634 36.5818 225.1720 -9.9900 0.2770   -9.9900
20124003 1999.073438 31.7350 64.1510  120  119.1320 19.5968 4.9460 36.5738 227.0170 -9.9900 0.2670   -9.9900
20124003 1999.073438 31.7350 64.1510  122  121.1170 19.4877 4.9345 36.5727 224.4710 -9.9900 0.2410   -9.9900
20124003 1999.073438 31.7350 64.1510  124  123.1019 19.3314 4.9173 36.5652 221.7390 -9.9900 0.2370   -9.9900
20124003 1999.073438 31.7350 64.1510  126  125.0868 19.2304 4.9074 36.5705 219.9800 -9.9900 0.2290   -9.9900
20124003 1999.073438 31.7350 64.1510  128  127.0717 19.1746 4.9007 36.5628 219.1640 -9.9900 0.2090   -9.9900
20124003 1999.073438 31.7350 64.1510  130  129.0566 19.0353 4.8843 36.5471 220.4830 -9.9900 0.1870   -9.9900
20124003 1999.073438 31.7350 64.1510  132  131.0414 18.9870 4.8803 36.5556 214.9530 -9.9900 0.1740   -9.9900
20124003 1999.073438 31.7350 64.1510  134  133.0262 18.9347 4.8761 36.5657 211.0460 -9.9900 0.1730   -9.9900
20124003 1999.073438 31.7350 64.1510  136  135.0111 18.8941 4.8721 36.5670 209.4900 -9.9900 0.1620   -9.9900
20124003 1999.073438 31.7350 64.1510  138  136.9958 18.8540 4.8684 36.5700 206.3210 -9.9900 0.1500   -9.9900
20124003 1999.073438 31.7350 64.1510  140  138.9806 18.8291 4.8661 36.5720 204.8480 -9.9900 0.1640   -9.9900
20124003 1999.073438 31.7350 64.1510  142  140.9654 18.7963 4.8626 36.5708 203.4130 -9.9900 0.1610   -9.9900
20124003 1999.073438 31.7350 64.1510  144  142.9501 18.7525 4.8578 36.5678 203.7950 -9.9900 0.1380   -9.9900
20124003 1999.073438 31.7350 64.1510  146  144.9348 18.6862 4.8500 36.5604 204.0920 -9.9900 0.1290   -9.9900
20124003 1999.073438 31.7350 64.1510  148  146.9195 18.6624 4.8474 36.5588 204.5240 -9.9900 0.1290   -9.9900
20124003 1999.073438 31.7350 64.1510  150  148.9042 18.6364 4.8448 36.5590 205.1460 -9.9900 0.1280   -9.9900
20124003 1999.073438 31.7350 64.1510  152  150.8889 18.6443 4.8463 36.5632 204.9250 -9.9900 0.1260   -9.9900
20124003 1999.073438 31.7350 64.1510  154  152.8735 18.6350 4.8454 36.5635 204.6520 -9.9900 0.1270   -9.9900
20124003 1999.073438 31.7350 64.1510  156  154.8581 18.6277 4.8446 36.5628 204.4460 -9.9900 0.1280   -9.9900
20124003 1999.073438 31.7350 64.1510  158  156.8427 18.6059 4.8421 36.5601 206.9330 -9.9900 0.1260   -9.9900
20124003 1999.073438 31.7350 64.1510  160  158.8273 18.5844 4.8398 36.5588 207.9000 -9.9900 0.1310   -9.9900
20124003 1999.073438 31.7350 64.1510  162  160.8119 18.5609 4.8373 36.5576 208.3890 -9.9900 0.1320   -9.9900
20124003 1999.073438 31.7350 64.1510  164  162.7964 18.5257 4.8335 36.5555 209.0110 -9.9900 0.1290   -9.9900
20124003 1999.073438 31.7350 64.1510  166  164.7809 18.4910 4.8297 36.5533 209.3770 -9.9900 0.1170   -9.9900
20124003 1999.073438 31.7350 64.1510  168  166.7654 18.4503 4.8252 36.5509 209.6280 -9.9900 0.1050   -9.9900
20124003 1999.073438 31.7350 64.1510  170  168.7499 18.4388 4.8241 36.5504 209.4600 -9.9900 0.1040   -9.9900
20124003 1999.073438 31.7350 64.1510  172  170.7344 18.4338 4.8235 36.5496 209.3940 -9.9900 0.1000   -9.9900
20124003 1999.073438 31.7350 64.1510  174  172.7188 18.4103 4.8211 36.5485 211.1980 -9.9900 0.0950   -9.9900
20124003 1999.073438 31.7350 64.1510  176  174.7033 18.3929 4.8191 36.5464 209.1440 -9.9900 0.0850   -9.9900
20124003 1999.073438 31.7350 64.1510  178  176.6877 18.3658 4.8160 36.5439 210.9400 -9.9900 0.0930   -9.9900
20124003 1999.073438 31.7350 64.1510  180  178.6721 18.3416 4.8129 36.5379 210.4090 -9.9900 0.1020   -9.9900
20124003 1999.073438 31.7350 64.1510  182  180.6564 18.2994 4.8078 36.5311 212.3550 -9.9900 0.1040   -9.9900
20124003 1999.073438 31.7350 64.1510  184  182.6408 18.2644 4.8039 36.5281 211.8170 -9.9900 0.1010   -9.9900
20124003 1999.073438 31.7350 64.1510  186  184.6251 18.2241 4.7994 36.5245 211.8940 -9.9900 0.1120   -9.9900
20124003 1999.073438 31.7350 64.1510  188  186.6094 18.2163 4.7987 36.5251 212.0990 -9.9900 0.1270   -9.9900
20124003 1999.073438 31.7350 64.1510  190  188.5937 18.2166 4.7988 36.5248 211.2270 -9.9900 0.0850   -9.9900
20124003 1999.073438 31.7350 64.1510  192  190.5780 18.2015 4.7973 36.5250 210.3610 -9.9900 0.0870   -9.9900
20124003 1999.073438 31.7350 64.1510  194  192.5623 18.1911 4.7964 36.5255 210.1470 -9.9900 0.0880   -9.9900
20124003 1999.073438 31.7350 64.1510  196  194.5465 18.1819 4.7956 36.5260 210.7230 -9.9900 0.0930   -9.9900
20124003 1999.073438 31.7350 64.1510  198  196.5307 18.1769 4.7952 36.5265 211.0460 -9.9900 0.0950   -9.9900
20124003 1999.073438 31.7350 64.1510  200  198.5149 18.1703 4.7946 36.5267 211.4820 -9.9900 0.0980   -9.9900
20124003 1999.073438 31.7350 64.1510  202  200.4991 18.1642 4.7941 36.5268 211.0470 -9.9900 0.0930   -9.9900
20124003 1999.073438 31.7350 64.1510  204  202.4832 18.1573 4.7935 36.5272 209.1210 -9.9900 0.0820   -9.9900
20124003 1999.073438 31.7350 64.1510  206  204.4674 18.1458 4.7923 36.5261 209.4170 -9.9900 0.0780   -9.9900
20124003 1999.073438 31.7350 64.1510  208  206.4515 18.1355 4.7911 36.5248 209.7100 -9.9900 0.0720   -9.9900
20124003 1999.073438 31.7350 64.1510  210  208.4356 18.1200 4.7892 36.5215 210.0340 -9.9900 0.0630   -9.9900
20124003 1999.073438 31.7350 64.1510  212  210.4197 18.1060 4.7876 36.5192 209.6370 -9.9900 0.0720   -9.9900
20124003 1999.073438 31.7350 64.1510  214  212.4038 18.0972 4.7866 36.5178 209.1370 -9.9900 0.0750   -9.9900
20124003 1999.073438 31.7350 64.1510  216  214.3878 18.0906 4.7859 36.5169 209.3180 -9.9900 0.0750   -9.9900
20124003 1999.073438 31.7350 64.1510  218  216.3718 18.0866 4.7855 36.5164 209.7100 -9.9900 0.0770   -9.9900
20124003 1999.073438 31.7350 64.1510  220  218.3558 18.0791 4.7848 36.5160 210.9930 -9.9900 0.0850   -9.9900
20124003 1999.073438 31.7350 64.1510  222  220.3398 18.0735 4.7842 36.5156 209.8790 -9.9900 0.0870   -9.9900
20124003 1999.073438 31.7350 64.1510  224  222.3238 18.0675 4.7836 36.5150 209.6740 -9.9900 0.0730   -9.9900
20124003 1999.073438 31.7350 64.1510  226  224.3077 18.0623 4.7831 36.5143 209.4930 -9.9900 0.0720   -9.9900
20124003 1999.073438 31.7350 64.1510  228  226.2917 18.0560 4.7824 36.5134 209.1810 -9.9900 0.0700   -9.9900
20124003 1999.073438 31.7350 64.1510  230  228.2756 18.0517 4.7820 36.5128 209.7730 -9.9900 0.0660   -9.9900
20124003 1999.073438 31.7350 64.1510  232  230.2595 18.0499 4.7818 36.5123 209.6840 -9.9900 0.0670   -9.9900
20124003 1999.073438 31.7350 64.1510  234  232.2433 18.0422 4.7811 36.5118 209.4190 -9.9900 0.0600   -9.9900
20124003 1999.073438 31.7350 64.1510  236  234.2272 18.0349 4.7804 36.5114 209.2380 -9.9900 0.0560   -9.9900
20124003 1999.073438 31.7350 64.1510  238  236.2110 18.0236 4.7791 36.5101 209.4050 -9.9900 0.0590   -9.9900
20124003 1999.073438 31.7350 64.1510  240  238.1948 18.0147 4.7782 36.5092 209.6530 -9.9900 0.0590   -9.9900
20124003 1999.073438 31.7350 64.1510  242  240.1786 18.0077 4.7775 36.5085 209.7770 -9.9900 0.0610   -9.9900
20124003 1999.073438 31.7350 64.1510  244  242.1624 18.0007 4.7768 36.5080 209.8520 -9.9900 0.0650   -9.9900
20124003 1999.073438 31.7350 64.1510  246  244.1462 17.9912 4.7758 36.5072 210.3850 -9.9900 0.0700   -9.9900
20124003 1999.073438 31.7350 64.1510  248  246.1299 17.9807 4.7746 36.5059 211.1480 -9.9900 0.0700   -9.9900
20124003 1999.073438 31.7350 64.1510  250  248.1136 17.9708 4.7736 36.5048 210.8070 -9.9900 0.0670   -9.9900
20124003 1999.073438 31.7350 64.1510  252  250.0973 17.9594 4.7723 36.5035 210.2320 -9.9900 0.0640   -9.9900
20124003 1999.073438 31.7350 64.1510  254  252.0810 17.9371 4.7698 36.5009 211.2120 -9.9900 0.0720   -9.9900
20124003 1999.073438 31.7350 64.1510  256  254.0647 17.9252 4.7684 36.4990 211.9910 -9.9900 0.0690   -9.9900
20124003 1999.073438 31.7350 64.1510  258  256.0483 17.9152 4.7672 36.4972 210.8340 -9.9900 0.0700   -9.9900
20124003 1999.073438 31.7350 64.1510  260  258.0319 17.9012 4.7657 36.4955 210.9390 -9.9900 0.0560   -9.9900
20124003 1999.073438 31.7350 64.1510  262  260.0155 17.8924 4.7647 36.4943 212.3690 -9.9900 0.0520   -9.9900
20124003 1999.073438 31.7350 64.1510  264  261.9991 17.8891 4.7644 36.4937 213.1910 -9.9900 0.0560   -9.9900
20124003 1999.073438 31.7350 64.1510  266  263.9827 17.8856 4.7641 36.4937 212.4110 -9.9900 0.0650   -9.9900
20124003 1999.073438 31.7350 64.1510  268  265.9662 17.8763 4.7631 36.4922 212.5920 -9.9900 0.0630   -9.9900
20124003 1999.073438 31.7350 64.1510  270  267.9498 17.8697 4.7624 36.4915 212.9820 -9.9900 0.0660   -9.9900
20124003 1999.073438 31.7350 64.1510  272  269.9333 17.8584 4.7611 36.4901 214.7370 -9.9900 0.0750   -9.9900
20124003 1999.073438 31.7350 64.1510  274  271.9168 17.8472 4.7599 36.4888 216.3740 -9.9900 0.0710   -9.9900
20124003 1999.073438 31.7350 64.1510  276  273.9002 17.8438 4.7596 36.4881 215.1070 -9.9900 0.0670   -9.9900
20124003 1999.073438 31.7350 64.1510  278  275.8837 17.8333 4.7584 36.4867 214.1920 -9.9900 0.0700   -9.9900
20124003 1999.073438 31.7350 64.1510  280  277.8671 17.8303 4.7582 36.4870 214.7750 -9.9900 0.0660   -9.9900
20124003 1999.073438 31.7350 64.1510  282  279.8505 17.8280 4.7581 36.4873 215.2380 -9.9900 0.0580   -9.9900
20124003 1999.073438 31.7350 64.1510  284  281.8339 17.8214 4.7575 36.4874 215.8850 -9.9900 0.0650   -9.9900
20124003 1999.073438 31.7350 64.1510  286  283.8173 17.8185 4.7572 36.4868 215.6450 -9.9900 0.0570   -9.9900
20124003 1999.073438 31.7350 64.1510  288  285.8007 17.8138 4.7568 36.4864 215.7550 -9.9900 0.0530   -9.9900
20124003 1999.073438 31.7350 64.1510  290  287.7840 17.8063 4.7561 36.4862 216.5120 -9.9900 0.0630   -9.9900
20124003 1999.073438 31.7350 64.1510  292  289.7673 17.8029 4.7558 36.4857 215.9410 -9.9900 0.0630   -9.9900
20124003 1999.073438 31.7350 64.1510  294  291.7506 17.7961 4.7551 36.4849 215.5730 -9.9900 0.0610   -9.9900
20124003 1999.073438 31.7350 64.1510  296  293.7339 17.7807 4.7534 36.4834 215.9240 -9.9900 0.0540   -9.9900
20124003 1999.073438 31.7350 64.1510  298  295.7172 17.7789 4.7533 36.4834 215.9460 -9.9900 0.0540   -9.9900
20124003 1999.073438 31.7350 64.1510  300  297.7004 17.7771 4.7532 36.4833 215.7300 -9.9900 0.0540   -9.9900
20124003 1999.073438 31.7350 64.1510  302  299.6836 17.7727 4.7527 36.4829 215.7850 -9.9900 0.0560   -9.9900
20124003 1999.073438 31.7350 64.1510  304  301.6668 17.7702 4.7525 36.4822 216.9670 -9.9900 0.0670   -9.9900
20124003 1999.073438 31.7350 64.1510  306  303.6500 17.7708 4.7526 36.4820 216.7490 -9.9900 0.0540   -9.9900
20124003 1999.073438 31.7350 64.1510  308  305.6332 17.7589 4.7513 36.4803 217.1180 -9.9900 0.0510   -9.9900
20124003 1999.073438 31.7350 64.1510  310  307.6163 17.7494 4.7502 36.4790 217.2370 -9.9900 0.0520   -9.9900
20124003 1999.073438 31.7350 64.1510  312  309.5994 17.7404 4.7492 36.4778 217.3690 -9.9900 0.0560   -9.9900
20124003 1999.073438 31.7350 64.1510  314  311.5825 17.7296 4.7480 36.4762 217.3750 -9.9900 0.0600   -9.9900
20124003 1999.073438 31.7350 64.1510  316  313.5656 17.7223 4.7472 36.4749 218.0150 -9.9900 0.0560   -9.9900
20124003 1999.073438 31.7350 64.1510  318  315.5487 17.7106 4.7459 36.4730 218.7460 -9.9900 0.0540   -9.9900
20124003 1999.073438 31.7350 64.1510  320  317.5318 17.7037 4.7451 36.4720 218.2180 -9.9900 0.0570   -9.9900
20124003 1999.073438 31.7350 64.1510  322  319.5148 17.6912 4.7437 36.4701 217.3560 -9.9900 0.0650   -9.9900
20124003 1999.073438 31.7350 64.1510  324  321.4978 17.6842 4.7429 36.4688 218.5480 -9.9900 0.0580   -9.9900
20124003 1999.073438 31.7350 64.1510  326  323.4808 17.6821 4.7427 36.4682 218.7680 -9.9900 0.0490   -9.9900
20124003 1999.073438 31.7350 64.1510  328  325.4638 17.6663 4.7409 36.4657 218.2960 -9.9900 0.0430   -9.9900
20124003 1999.073438 31.7350 64.1510  330  327.4467 17.6508 4.7390 36.4630 218.0640 -9.9900 0.0560   -9.9900
20124003 1999.073438 31.7350 64.1510  332  329.4297 17.6388 4.7376 36.4608 217.0230 -9.9900 0.0600   -9.9900
20124003 1999.073438 31.7350 64.1510  334  331.4126 17.6248 4.7360 36.4583 216.2160 -9.9900 0.0580   -9.9900
20124003 1999.073438 31.7350 64.1510  336  333.3955 17.6075 4.7339 36.4551 216.3230 -9.9900 0.0570   -9.9900
20124003 1999.073438 31.7350 64.1510  338  335.3783 17.5901 4.7318 36.4520 215.9800 -9.9900 0.0570   -9.9900
20124003 1999.073438 31.7350 64.1510  340  337.3612 17.5599 4.7282 36.4467 214.8940 -9.9900 0.0570   -9.9900
20124003 1999.073438 31.7350 64.1510  342  339.3440 17.5306 4.7247 36.4417 213.9200 -9.9900 0.0590   -9.9900
20124003 1999.073438 31.7350 64.1510  344  341.3269 17.5046 4.7215 36.4372 213.8360 -9.9900 0.0610   -9.9900
20124003 1999.073438 31.7350 64.1510  346  343.3097 17.4832 4.7189 36.4329 213.9410 -9.9900 0.0680   -9.9900
20124003 1999.073438 31.7350 64.1510  348  345.2924 17.4519 4.7152 36.4276 212.4770 -9.9900 0.0650   -9.9900
20124003 1999.073438 31.7350 64.1510  350  347.2752 17.4246 4.7118 36.4225 211.6140 -9.9900 0.0630   -9.9900
20124003 1999.073438 31.7350 64.1510  352  349.2580 17.3977 4.7086 36.4179 212.4260 -9.9900 0.0580   -9.9900
20124003 1999.073438 31.7350 64.1510  354  351.2407 17.3708 4.7054 36.4132 212.6420 -9.9900 0.0640   -9.9900
20124003 1999.073438 31.7350 64.1510  356  353.2234 17.3465 4.7025 36.4093 210.8360 -9.9900 0.0720   -9.9900
20124003 1999.073438 31.7350 64.1510  358  355.2061 17.3309 4.7007 36.4064 210.6340 -9.9900 0.0610   -9.9900
20124003 1999.073438 31.7350 64.1510  360  357.1887 17.3153 4.6988 36.4037 210.8210 -9.9900 0.0470   -9.9900
20124003 1999.073438 31.7350 64.1510  362  359.1714 17.3098 4.6982 36.4028 209.8220 -9.9900 0.0650   -9.9900
20124003 1999.073438 31.7350 64.1510  364  361.1540 17.3000 4.6971 36.4009 209.1110 -9.9900 0.0790   -9.9900
20124003 1999.073438 31.7350 64.1510  366  363.1366 17.2890 4.6958 36.3989 210.1330 -9.9900 0.0660   -9.9900
20124003 1999.073438 31.7350 64.1510  368  365.1192 17.2817 4.6949 36.3971 210.4420 -9.9900 0.0560   -9.9900
20124003 1999.073438 31.7350 64.1510  370  367.1018 17.2639 4.6929 36.3941 210.2260 -9.9900 0.0590   -9.9900
20124003 1999.073438 31.7350 64.1510  372  369.0843 17.2442 4.6905 36.3908 209.8840 -9.9900 0.0750   -9.9900
20124003 1999.073438 31.7350 64.1510  374  371.0669 17.2110 4.6865 36.3852 209.6940 -9.9900 0.0710   -9.9900
20124003 1999.073438 31.7350 64.1510  376  373.0494 17.1822 4.6831 36.3803 209.6770 -9.9900 0.0640   -9.9900
20124003 1999.073438 31.7350 64.1510  378  375.0319 17.1556 4.6799 36.3759 209.5070 -9.9900 0.0600   -9.9900
20124003 1999.073438 31.7350 64.1510  380  377.0144 17.1351 4.6775 36.3723 209.6500 -9.9900 0.0580   -9.9900
20124003 1999.073438 31.7350 64.1510  382  378.9968 17.1110 4.6745 36.3671 208.4770 -9.9900 0.0650   -9.9900
20124003 1999.073438 31.7350 64.1510  384  380.9793 17.0713 4.6697 36.3602 208.0370 -9.9900 0.0600   -9.9900
20124003 1999.073438 31.7350 64.1510  386  382.9617 17.0441 4.6665 36.3553 207.9400 -9.9900 0.0600   -9.9900
20124003 1999.073438 31.7350 64.1510  388  384.9441 17.0029 4.6614 36.3471 205.5540 -9.9900 0.0640   -9.9900
20124003 1999.073438 31.7350 64.1510  390  386.9265 16.9320 4.6528 36.3355 204.2140 -9.9900 0.0570   -9.9900
20124003 1999.073438 31.7350 64.1510  392  388.9088 16.8828 4.6469 36.3273 204.8220 -9.9900 0.0510   -9.9900
20124003 1999.073438 31.7350 64.1510  394  390.8912 16.8472 4.6427 36.3213 203.8300 -9.9900 0.0540   -9.9900
20124003 1999.073438 31.7350 64.1510  396  392.8735 16.8269 4.6403 36.3181 203.5990 -9.9900 0.0510   -9.9900
20124003 1999.073438 31.7350 64.1510  398  394.8558 16.8136 4.6388 36.3159 204.2250 -9.9900 0.0590   -9.9900
20124003 1999.073438 31.7350 64.1510  400  396.8381 16.8022 4.6374 36.3129 203.8590 -9.9900 0.0660   -9.9900
20124003 1999.073438 31.7350 64.1510  402  398.8204 16.7531 4.6315 36.3048 204.1970 -9.9900 0.0560   -9.9900
20124003 1999.073438 31.7350 64.1510  404  400.8026 16.7137 4.6267 36.2979 203.4970 -9.9900 0.0450   -9.9900
20124003 1999.073438 31.7350 64.1510  406  402.7848 16.6723 4.6219 36.2921 204.2240 -9.9900 0.0410   -9.9900
20124003 1999.073438 31.7350 64.1510  408  404.7671 16.6662 4.6212 36.2903 202.2460 -9.9900 0.0500   -9.9900
20124003 1999.073438 31.7350 64.1510  410  406.7492 16.6471 4.6189 36.2869 200.8680 -9.9900 0.0460   -9.9900
20124003 1999.073438 31.7350 64.1510  412  408.7314 16.6179 4.6155 36.2823 203.4850 -9.9900 0.0480   -9.9900
20124003 1999.073438 31.7350 64.1510  414  410.7136 16.5986 4.6132 36.2786 202.2370 -9.9900 0.0560   -9.9900
20124003 1999.073438 31.7350 64.1510  416  412.6957 16.5603 4.6086 36.2719 202.2470 -9.9900 0.0580   -9.9900
20124003 1999.073438 31.7350 64.1510  418  414.6778 16.5338 4.6055 36.2680 202.8650 -9.9900 0.0560   -9.9900
20124003 1999.073438 31.7350 64.1510  420  416.6599 16.5074 4.6024 36.2633 202.2510 -9.9900 0.0580   -9.9900
20124003 1999.073438 31.7350 64.1510  422  418.6420 16.4888 4.6002 36.2600 201.6330 -9.9900 0.0590   -9.9900
20124003 1999.073438 31.7350 64.1510  424  420.6241 16.4643 4.5973 36.2558 200.9650 -9.9900 0.0620   -9.9900
20124003 1999.073438 31.7350 64.1510  426  422.6061 16.4455 4.5951 36.2529 201.3050 -9.9900 0.0580   -9.9900
20124003 1999.073438 31.7350 64.1510  428  424.5881 16.4370 4.5942 36.2514 201.1700 -9.9900 0.0530   -9.9900
20124003 1999.073438 31.7350 64.1510  430  426.5701 16.4044 4.5903 36.2461 201.4960 -9.9900 0.0570   -9.9900
20124003 1999.073438 31.7350 64.1510  432  428.5521 16.3741 4.5868 36.2413 201.8550 -9.9900 0.0560   -9.9900
20124003 1999.073438 31.7350 64.1510  434  430.5341 16.3495 4.5839 36.2374 201.4120 -9.9900 0.0520   -9.9900
20124003 1999.073438 31.7350 64.1510  436  432.5160 16.3314 4.5817 36.2337 200.3010 -9.9900 0.0590   -9.9900
20124003 1999.073438 31.7350 64.1510  438  434.4979 16.3128 4.5796 36.2306 201.9010 -9.9900 0.0530   -9.9900
20124003 1999.073438 31.7350 64.1510  440  436.4798 16.2960 4.5777 36.2283 202.4010 -9.9900 0.0590   -9.9900
20124003 1999.073438 31.7350 64.1510  442  438.4617 16.2806 4.5760 36.2265 202.8890 -9.9900 0.0670   -9.9900
20124003 1999.073438 31.7350 64.1510  444  440.4436 16.2706 4.5749 36.2250 203.6910 -9.9900 0.0670   -9.9900
20124003 1999.073438 31.7350 64.1510  446  442.4254 16.2623 4.5740 36.2236 203.7280 -9.9900 0.0650   -9.9900
20124003 1999.073438 31.7350 64.1510  448  444.4073 16.2536 4.5730 36.2219 203.6870 -9.9900 0.0620   -9.9900
20124003 1999.073438 31.7350 64.1510  450  446.3891 16.2311 4.5703 36.2175 204.1030 -9.9900 0.0650   -9.9900
20124003 1999.073438 31.7350 64.1510  452  448.3709 16.2254 4.5697 36.2165 205.0610 -9.9900 0.0610   -9.9900
20124003 1999.073438 31.7350 64.1510  454  450.3526 16.2001 4.5667 36.2122 205.0110 -9.9900 0.0630   -9.9900
20124003 1999.073438 31.7350 64.1510  456  452.3344 16.1755 4.5639 36.2088 204.7550 -9.9900 0.0660   -9.9900
20124003 1999.073438 31.7350 64.1510  458  454.3161 16.1324 4.5588 36.2016 204.4580 -9.9900 0.0620   -9.9900
20124003 1999.073438 31.7350 64.1510  460  456.2978 16.0796 4.5525 36.1930 204.8680 -9.9900 0.0620   -9.9900
20124003 1999.073438 31.7350 64.1510  462  458.2795 16.0526 4.5493 36.1881 204.0620 -9.9900 0.0630   -9.9900
20124003 1999.073438 31.7350 64.1510  464  460.2612 15.9889 4.5418 36.1779 202.8750 -9.9900 0.0620   -9.9900
20124003 1999.073438 31.7350 64.1510  466  462.2429 15.9303 4.5348 36.1682 201.7360 -9.9900 0.0640   -9.9900
20124003 1999.073438 31.7350 64.1510  468  464.2245 15.8805 4.5288 36.1593 199.9640 -9.9900 0.0660   -9.9900
20124003 1999.073438 31.7350 64.1510  470  466.2061 15.8392 4.5239 36.1522 198.3910 -9.9900 0.0650   -9.9900
20124003 1999.073438 31.7350 64.1510  472  468.1877 15.8124 4.5208 36.1476 197.9800 -9.9900 0.0640   -9.9900
20124003 1999.073438 31.7350 64.1510  474  470.1693 15.7626 4.5150 36.1398 197.2850 -9.9900 0.0570   -9.9900
20124003 1999.073438 31.7350 64.1510  476  472.1509 15.7469 4.5131 36.1370 196.8280 -9.9900 0.0580   -9.9900
20124003 1999.073438 31.7350 64.1510  478  474.1324 15.7067 4.5085 36.1309 196.6890 -9.9900 0.0570   -9.9900
20124003 1999.073438 31.7350 64.1510  480  476.1140 15.6710 4.5043 36.1257 197.0970 -9.9900 0.0600   -9.9900
20124003 1999.073438 31.7350 64.1510  482  478.0955 15.6500 4.5019 36.1221 196.3900 -9.9900 0.0600   -9.9900
20124003 1999.073438 31.7350 64.1510  484  480.0770 15.6173 4.4981 36.1167 196.4960 -9.9900 0.0550   -9.9900
20124003 1999.073438 31.7350 64.1510  486  482.0584 15.5784 4.4934 36.1092 193.8980 -9.9900 0.0520   -9.9900
20124003 1999.073438 31.7350 64.1510  488  484.0399 15.5176 4.4861 36.0985 193.8410 -9.9900 0.0630   -9.9900
20124003 1999.073438 31.7350 64.1510  490  486.0213 15.4579 4.4790 36.0879 192.5860 -9.9900 0.0660   -9.9900
20124003 1999.073438 31.7350 64.1510  492  488.0027 15.4078 4.4730 36.0791 188.0140 -9.9900 0.0650   -9.9900
20124003 1999.073438 31.7350 64.1510  494  489.9841 15.3698 4.4687 36.0738 188.9390 -9.9900 0.0660   -9.9900
20124003 1999.073438 31.7350 64.1510  496  491.9655 15.3248 4.4634 36.0662 189.1160 -9.9900 0.0610   -9.9900
20124003 1999.073438 31.7350 64.1510  498  493.9468 15.3042 4.4608 36.0607 188.3290 -9.9900 0.0640   -9.9900
20124003 1999.073438 31.7350 64.1510  500  495.9282 15.2628 4.4562 36.0564 188.5540 -9.9900 0.0580   -9.9900
20124003 1999.073438 31.7350 64.1510  502  497.9095 15.2318 4.4529 36.0535 190.0750 -9.9900 0.0530   -9.9900
20124003 1999.073438 31.7350 64.1510  504  499.8908 15.2087 4.4502 36.0494 187.8630 -9.9900 0.0620   -9.9900
20124003 1999.073438 31.7350 64.1510  506  501.8721 15.1720 4.4458 36.0429 186.2210 -9.9900 0.0460   -9.9900
20124003 1999.073438 31.7350 64.1510  508  503.8533 15.1257 4.4404 36.0347 187.1160 -9.9900 0.0550   -9.9900
