20100001 1997.075352 31.6570 64.2120    8    7.9443 20.3884 5.0543 36.8178 218.7060 0.4460 0.2290   -9.9900
20100001 1997.075352 31.6570 64.2120   10    9.9304 20.3886 5.0544 36.8177 218.5890 0.4460 0.2310   -9.9900
20100001 1997.075352 31.6570 64.2120   12   11.9164 20.3886 5.0545 36.8177 218.3280 0.4450 0.2350   -9.9900
20100001 1997.075352 31.6570 64.2120   14   13.9024 20.3873 5.0544 36.8175 217.9760 0.4450 0.2410   -9.9900
20100001 1997.075352 31.6570 64.2120   16   15.8884 20.3819 5.0539 36.8172 217.8930 0.4460 0.2610   -9.9900
20100001 1997.075352 31.6570 64.2120   18   17.8743 20.3816 5.0540 36.8174 217.7540 0.4470 0.2820   -9.9900
20100001 1997.075352 31.6570 64.2120   20   19.8603 20.3777 5.0536 36.8172 217.7850 0.4470 0.2870   -9.9900
20100001 1997.075352 31.6570 64.2120   22   21.8462 20.3744 5.0533 36.8168 218.0170 0.4470 0.3070   -9.9900
20100001 1997.075352 31.6570 64.2120   24   23.8321 20.3730 5.0532 36.8165 217.8410 0.4470 0.3310   -9.9900
20100001 1997.075352 31.6570 64.2120   26   25.8180 20.3739 5.0535 36.8169 217.7700 0.4470 0.3350   -9.9900
20100001 1997.075352 31.6570 64.2120   28   27.8039 20.3750 5.0537 36.8169 217.9170 0.4470 0.3420   -9.9900
20100001 1997.075352 31.6570 64.2120   30   29.7897 20.3759 5.0539 36.8170 217.8750 0.4480 0.3530   -9.9900
20100001 1997.075352 31.6570 64.2120   32   31.7755 20.3766 5.0541 36.8172 217.8150 0.4480 0.3730   -9.9900
20100001 1997.075352 31.6570 64.2120   34   33.7613 20.3768 5.0542 36.8174 217.6410 0.4480 0.3810   -9.9900
20100001 1997.075352 31.6570 64.2120   36   35.7471 20.3767 5.0543 36.8173 217.3850 0.4520 0.3950   -9.9900
20100001 1997.075352 31.6570 64.2120   38   37.7329 20.3765 5.0543 36.8173 217.0980 0.4480 0.4140   -9.9900
20100001 1997.075352 31.6570 64.2120   40   39.7186 20.3766 5.0544 36.8171 217.3810 0.4490 0.4020   -9.9900
20100001 1997.075352 31.6570 64.2120   42   41.7044 20.3768 5.0545 36.8171 217.3560 0.4490 0.4050   -9.9900
20100001 1997.075352 31.6570 64.2120   44   43.6901 20.3772 5.0547 36.8171 217.2230 0.4470 0.4080   -9.9900
20100001 1997.075352 31.6570 64.2120   46   45.6758 20.3730 5.0542 36.8158 217.2730 0.4460 0.4150   -9.9900
20100001 1997.075352 31.6570 64.2120   48   47.6614 20.3703 5.0538 36.8148 217.2660 0.4450 0.4210   -9.9900
20100001 1997.075352 31.6570 64.2120   50   49.6471 20.3696 5.0538 36.8144 217.2480 0.4460 0.4210   -9.9900
20100001 1997.075352 31.6570 64.2120   52   51.6327 20.3698 5.0539 36.8144 217.2400 0.4470 0.4190   -9.9900
20100001 1997.075352 31.6570 64.2120   54   53.6183 20.3690 5.0539 36.8140 217.1190 0.4450 0.4260   -9.9900
20100001 1997.075352 31.6570 64.2120   56   55.6039 20.3687 5.0539 36.8140 217.1130 0.4460 0.4180   -9.9900
20100001 1997.075352 31.6570 64.2120   58   57.5895 20.3674 5.0538 36.8135 217.0680 0.4440 0.4230   -9.9900
20100001 1997.075352 31.6570 64.2120   60   59.5751 20.3668 5.0539 36.8136 217.1390 0.4450 0.4240   -9.9900
20100001 1997.075352 31.6570 64.2120   62   61.5606 20.3695 5.0543 36.8142 216.9930 0.4440 0.4220   -9.9900
20100001 1997.075352 31.6570 64.2120   64   63.5461 20.3714 5.0546 36.8145 216.7190 0.4450 0.4230   -9.9900
20100001 1997.075352 31.6570 64.2120   66   65.5316 20.3707 5.0546 36.8141 216.8900 0.4450 0.4230   -9.9900
20100001 1997.075352 31.6570 64.2120   68   67.5171 20.3704 5.0546 36.8137 216.9500 0.4450 0.4190   -9.9900
20100001 1997.075352 31.6570 64.2120   70   69.5025 20.3709 5.0548 36.8137 216.9630 0.4450 0.4140   -9.9900
20100001 1997.075352 31.6570 64.2120   72   71.4880 20.3732 5.0552 36.8145 217.0120 0.4450 0.4160   -9.9900
20100001 1997.075352 31.6570 64.2120   74   73.4734 20.3750 5.0555 36.8151 217.0820 0.4460 0.4240   -9.9900
20100001 1997.075352 31.6570 64.2120   76   75.4588 20.3764 5.0558 36.8156 217.0650 0.4460 0.4230   -9.9900
20100001 1997.075352 31.6570 64.2120   78   77.4442 20.3762 5.0559 36.8153 217.0870 0.4460 0.4160   -9.9900
20100001 1997.075352 31.6570 64.2120   80   79.4296 20.3763 5.0560 36.8152 217.0430 0.4460 0.4030   -9.9900
20100001 1997.075352 31.6570 64.2120   82   81.4149 20.3761 5.0560 36.8150 217.0480 0.4460 0.4010   -9.9900
20100001 1997.075352 31.6570 64.2120   84   83.4002 20.3764 5.0561 36.8151 217.0820 0.4460 0.4060   -9.9900
20100001 1997.075352 31.6570 64.2120   86   85.3855 20.3780 5.0565 36.8155 217.1370 0.4450 0.4140   -9.9900
20100001 1997.075352 31.6570 64.2120   88   87.3708 20.3788 5.0567 36.8157 217.0690 0.4460 0.4160   -9.9900
20100001 1997.075352 31.6570 64.2120   90   89.3561 20.3785 5.0567 36.8154 216.9110 0.4460 0.4120   -9.9900
20100001 1997.075352 31.6570 64.2120   92   91.3413 20.3783 5.0567 36.8153 216.8000 0.4460 0.4050   -9.9900
20100001 1997.075352 31.6570 64.2120   94   93.3266 20.3802 5.0571 36.8158 216.9090 0.4460 0.4070   -9.9900
20100001 1997.075352 31.6570 64.2120   96   95.3118 20.3800 5.0571 36.8156 217.3230 0.4460 0.4080   -9.9900
20100001 1997.075352 31.6570 64.2120   98   97.2970 20.3785 5.0570 36.8150 217.6360 0.4470 0.4150   -9.9900
20100001 1997.075352 31.6570 64.2120  100   99.2821 20.3755 5.0566 36.8138 217.1800 0.4460 0.4220   -9.9900
20100001 1997.075352 31.6570 64.2120  102  101.2673 20.3705 5.0560 36.8124 217.2180 0.4430 0.4180   -9.9900
20100001 1997.075352 31.6570 64.2120  104  103.2524 20.3739 5.0566 36.8133 217.3050 0.4440 0.4100   -9.9900
20100001 1997.075352 31.6570 64.2120  106  105.2375 20.3740 5.0567 36.8133 217.3420 0.4430 0.3980   -9.9900
20100001 1997.075352 31.6570 64.2120  108  107.2226 20.3761 5.0570 36.8137 217.1020 0.4430 0.3970   -9.9900
20100001 1997.075352 31.6570 64.2120  110  109.2077 20.3751 5.0570 36.8134 216.8960 0.4440 0.3990   -9.9900
20100001 1997.075352 31.6570 64.2120  112  111.1928 20.3623 5.0553 36.8099 216.5140 0.4440 0.4000   -9.9900
20100001 1997.075352 31.6570 64.2120  114  113.1778 20.2335 5.0377 36.7775 214.5120 0.4360 0.3750   -9.9900
20100001 1997.075352 31.6570 64.2120  116  115.1628 20.0674 5.0157 36.7403 212.6340 0.4210 0.2950   -9.9900
20100001 1997.075352 31.6570 64.2120  118  117.1478 20.0114 5.0089 36.7324 212.3910 0.4170 0.2480   -9.9900
20100001 1997.075352 31.6570 64.2120  120  119.1328 19.9197 4.9976 36.7189 211.7150 0.4110 0.1810   -9.9900
20100001 1997.075352 31.6570 64.2120  122  121.1177 19.8412 4.9883 36.7096 211.1880 0.4100 0.1580   -9.9900
20100001 1997.075352 31.6570 64.2120  124  123.1027 19.6786 4.9690 36.6914 209.7180 0.4090 0.1550   -9.9900
20100001 1997.075352 31.6570 64.2120  126  125.0876 19.5499 4.9539 36.6781 208.3810 0.4070 0.1490   -9.9900
20100001 1997.075352 31.6570 64.2120  128  127.0725 19.4583 4.9432 36.6684 207.3300 0.4050 0.1460   -9.9900
20100001 1997.075352 31.6570 64.2120  130  129.0574 19.4195 4.9387 36.6646 206.4220 0.4040 0.1400   -9.9900
20100001 1997.075352 31.6570 64.2120  132  131.0423 19.3190 4.9266 36.6513 204.7850 0.4020 0.1320   -9.9900
20100001 1997.075352 31.6570 64.2120  134  133.0271 19.1661 4.9088 36.6357 203.5540 0.4000 0.1250   -9.9900
20100001 1997.075352 31.6570 64.2120  136  135.0119 19.0351 4.8937 36.6238 202.4080 0.3980 0.1190   -9.9900
20100001 1997.075352 31.6570 64.2120  138  136.9967 18.9295 4.8815 36.6135 201.5960 0.3970 0.1210   -9.9900
20100001 1997.075352 31.6570 64.2120  140  138.9815 18.8758 4.8754 36.6096 201.0850 0.3970 0.1250   -9.9900
20100001 1997.075352 31.6570 64.2120  142  140.9663 18.7844 4.8650 36.6018 200.5100 0.3950 0.1280   -9.9900
20100001 1997.075352 31.6570 64.2120  144  142.9510 18.7954 4.8665 36.6037 200.3280 0.3950 0.1300   -9.9900
20100001 1997.075352 31.6570 64.2120  146  144.9358 18.7533 4.8617 36.5998 200.0640 0.3950 0.1300   -9.9900
20100001 1997.075352 31.6570 64.2120  148  146.9205 18.7233 4.8583 36.5966 199.9230 0.3940 0.1180   -9.9900
20100001 1997.075352 31.6570 64.2120  150  148.9052 18.7115 4.8569 36.5947 199.7510 0.3940 0.1040   -9.9900
20100001 1997.075352 31.6570 64.2120  152  150.8898 18.6934 4.8549 36.5927 199.7800 0.3930 0.1130   -9.9900
20100001 1997.075352 31.6570 64.2120  154  152.8745 18.6724 4.8526 36.5909 199.5800 0.3930 0.1120   -9.9900
20100001 1997.075352 31.6570 64.2120  156  154.8591 18.6435 4.8493 36.5885 199.5520 0.3930 0.0990   -9.9900
20100001 1997.075352 31.6570 64.2120  158  156.8437 18.6088 4.8454 36.5851 199.3080 0.3930 0.1050   -9.9900
20100001 1997.075352 31.6570 64.2120  160  158.8283 18.5585 4.8397 36.5803 199.4560 0.3920 0.1010   -9.9900
20100001 1997.075352 31.6570 64.2120  162  160.8129 18.5272 4.8362 36.5778 199.6040 0.3910 0.0970   -9.9900
20100001 1997.075352 31.6570 64.2120  164  162.7975 18.5035 4.8336 36.5760 199.7730 0.3910 0.0910   -9.9900
20100001 1997.075352 31.6570 64.2120  166  164.7820 18.4909 4.8323 36.5754 199.7640 0.3910 0.0830   -9.9900
20100001 1997.075352 31.6570 64.2120  168  166.7665 18.4802 4.8311 36.5741 199.8550 0.3900 0.0800   -9.9900
20100001 1997.075352 31.6570 64.2120  170  168.7510 18.4559 4.8283 36.5714 200.2150 0.3890 0.0800   -9.9900
20100001 1997.075352 31.6570 64.2120  172  170.7355 18.4383 4.8264 36.5700 200.3500 0.3890 0.0710   -9.9900
20100001 1997.075352 31.6570 64.2120  174  172.7199 18.4295 4.8255 36.5692 200.4800 0.3880 0.0640   -9.9900
20100001 1997.075352 31.6570 64.2120  176  174.7044 18.4203 4.8245 36.5683 200.5790 0.3880 0.0640   -9.9900
20100001 1997.075352 31.6570 64.2120  178  176.6888 18.4062 4.8229 36.5665 200.6050 0.3880 0.0610   -9.9900
20100001 1997.075352 31.6570 64.2120  180  178.6732 18.3783 4.8197 36.5629 200.9060 0.3880 0.0600   -9.9900
20100001 1997.075352 31.6570 64.2120  182  180.6576 18.3679 4.8185 36.5617 201.0300 0.3870 0.0580   -9.9900
20100001 1997.075352 31.6570 64.2120  184  182.6420 18.3524 4.8168 36.5602 201.3840 0.3860 0.0600   -9.9900
20100001 1997.075352 31.6570 64.2120  186  184.6263 18.3525 4.8170 36.5604 201.4160 0.3860 0.0540   -9.9900
20100001 1997.075352 31.6570 64.2120  188  186.6106 18.3427 4.8159 36.5595 201.6850 0.3860 0.0460   -9.9900
20100001 1997.075352 31.6570 64.2120  190  188.5949 18.3277 4.8143 36.5583 202.1120 0.3860 0.0390   -9.9900
20100001 1997.075352 31.6570 64.2120  192  190.5792 18.3186 4.8134 36.5579 202.3160 0.3850 0.0420   -9.9900
20100001 1997.075352 31.6570 64.2120  194  192.5635 18.3075 4.8122 36.5568 202.3450 0.3850 0.0420   -9.9900
20100001 1997.075352 31.6570 64.2120  196  194.5477 18.2976 4.8111 36.5558 202.4200 0.3850 0.0420   -9.9900
20100001 1997.075352 31.6570 64.2120  198  196.5320 18.2903 4.8103 36.5548 202.6490 0.3850 0.0460   -9.9900
20100001 1997.075352 31.6570 64.2120  200  198.5162 18.2776 4.8089 36.5528 202.8490 0.3850 0.0440   -9.9900
20100001 1997.075352 31.6570 64.2120  202  200.5004 18.2656 4.8075 36.5510 202.9630 0.3850 0.0430   -9.9900
20100001 1997.075352 31.6570 64.2120  204  202.4845 18.2563 4.8065 36.5498 202.9680 0.3850 0.0370   -9.9900
20100001 1997.075352 31.6570 64.2120  206  204.4687 18.2464 4.8054 36.5484 203.1480 0.3840 0.0390   -9.9900
20100001 1997.075352 31.6570 64.2120  208  206.4528 18.2299 4.8035 36.5463 203.3460 0.3840 0.0380   -9.9900
20100001 1997.075352 31.6570 64.2120  210  208.4370 18.2110 4.8013 36.5435 203.5310 0.3840 0.0430   -9.9900
20100001 1997.075352 31.6570 64.2120  212  210.4210 18.2008 4.8001 36.5418 203.5600 0.3840 0.0480   -9.9900
20100001 1997.075352 31.6570 64.2120  214  212.4051 18.1916 4.7991 36.5404 203.6150 0.3840 0.0410   -9.9900
20100001 1997.075352 31.6570 64.2120  216  214.3892 18.1848 4.7984 36.5395 203.8610 0.3850 0.0440   -9.9900
20100001 1997.075352 31.6570 64.2120  218  216.3732 18.1803 4.7979 36.5392 203.8120 0.3840 0.0370   -9.9900
20100001 1997.075352 31.6570 64.2120  220  218.3572 18.1791 4.7980 36.5403 204.1370 0.3840 0.0460   -9.9900
20100001 1997.075352 31.6570 64.2120  222  220.3412 18.1753 4.7977 36.5404 204.4150 0.3840 0.0420   -9.9900
20100001 1997.075352 31.6570 64.2120  224  222.3252 18.1714 4.7974 36.5400 204.5100 0.3890 0.0370   -9.9900
20100001 1997.075352 31.6570 64.2120  226  224.3092 18.1716 4.7975 36.5400 204.6230 0.3860 0.0380   -9.9900
20100001 1997.075352 31.6570 64.2120  228  226.2931 18.1733 4.7979 36.5415 204.7070 0.3840 0.0290   -9.9900
20100001 1997.075352 31.6570 64.2120  230  228.2770 18.1733 4.7982 36.5431 205.0210 0.3830 0.0290   -9.9900
20100001 1997.075352 31.6570 64.2120  232  230.2610 18.1698 4.7980 36.5437 205.2920 0.3830 0.0310   -9.9900
20100001 1997.075352 31.6570 64.2120  234  232.2448 18.1656 4.7976 36.5429 205.4480 0.3830 0.0350   -9.9900
20100001 1997.075352 31.6570 64.2120  236  234.2287 18.1605 4.7970 36.5423 205.5460 0.3830 0.0350   -9.9900
20100001 1997.075352 31.6570 64.2120  238  236.2126 18.1518 4.7961 36.5411 205.7430 0.3830 0.0380   -9.9900
20100001 1997.075352 31.6570 64.2120  240  238.1964 18.1470 4.7956 36.5405 205.9110 0.3830 0.0400   -9.9900
20100001 1997.075352 31.6570 64.2120  242  240.1802 18.1459 4.7956 36.5406 206.0440 0.3830 0.0380   -9.9900
20100001 1997.075352 31.6570 64.2120  244  242.1640 18.1413 4.7951 36.5400 206.1610 0.3830 0.0410   -9.9900
20100001 1997.075352 31.6570 64.2120  246  244.1477 18.1352 4.7946 36.5398 206.3670 0.3830 0.0370   -9.9900
20100001 1997.075352 31.6570 64.2120  248  246.1315 18.1308 4.7942 36.5398 206.6530 0.3830 0.0450   -9.9900
20100001 1997.075352 31.6570 64.2120  250  248.1152 18.1288 4.7941 36.5398 206.8500 0.3830 0.0430   -9.9900
20100001 1997.075352 31.6570 64.2120  252  250.0989 18.1242 4.7936 36.5394 206.9340 0.3830 0.0360   -9.9900
20100001 1997.075352 31.6570 64.2120  254  252.0826 18.1162 4.7928 36.5385 206.9550 0.3830 0.0300   -9.9900
20100001 1997.075352 31.6570 64.2120  256  254.0663 18.1090 4.7921 36.5382 206.9160 0.3830 0.0240   -9.9900
20100001 1997.075352 31.6570 64.2120  258  256.0500 18.1033 4.7915 36.5375 207.0140 0.3830 0.0330   -9.9900
20100001 1997.075352 31.6570 64.2120  260  258.0336 18.0977 4.7910 36.5370 207.1660 0.3830 0.0460   -9.9900
20100001 1997.075352 31.6570 64.2120  262  260.0172 18.0923 4.7905 36.5367 207.2170 0.3830 0.0380   -9.9900
20100001 1997.075352 31.6570 64.2120  264  262.0008 18.0907 4.7904 36.5373 207.3630 0.3820 0.0360   -9.9900
20100001 1997.075352 31.6570 64.2120  266  263.9844 18.0860 4.7900 36.5371 207.4400 0.3830 0.0390   -9.9900
20100001 1997.075352 31.6570 64.2120  268  265.9680 18.0806 4.7894 36.5358 207.4310 0.3830 0.0410   -9.9900
20100001 1997.075352 31.6570 64.2120  270  267.9515 18.0725 4.7885 36.5344 207.4890 0.3840 0.0400   -9.9900
20100001 1997.075352 31.6570 64.2120  272  269.9350 18.0657 4.7877 36.5333 207.5850 0.3840 0.0340   -9.9900
20100001 1997.075352 31.6570 64.2120  274  271.9185 18.0592 4.7870 36.5322 207.6970 0.3840 0.0310   -9.9900
20100001 1997.075352 31.6570 64.2120  276  273.9020 18.0543 4.7865 36.5316 207.8150 0.3840 0.0360   -9.9900
20100001 1997.075352 31.6570 64.2120  278  275.8855 18.0454 4.7855 36.5304 207.8630 0.3850 0.0300   -9.9900
20100001 1997.075352 31.6570 64.2120  280  277.8689 18.0398 4.7850 36.5301 207.9080 0.3850 0.0350   -9.9900
20100001 1997.075352 31.6570 64.2120  282  279.8523 18.0343 4.7845 36.5299 207.9780 0.3850 0.0430   -9.9900
20100001 1997.075352 31.6570 64.2120  284  281.8357 18.0312 4.7843 36.5300 208.0680 0.3840 0.0410   -9.9900
20100001 1997.075352 31.6570 64.2120  286  283.8191 18.0280 4.7841 36.5301 208.1570 0.3840 0.0310   -9.9900
20100001 1997.075352 31.6570 64.2120  288  285.8025 18.0228 4.7836 36.5302 208.1560 0.3840 0.0270   -9.9900
20100001 1997.075352 31.6570 64.2120  290  287.7858 18.0162 4.7829 36.5293 208.2070 0.3840 0.0390   -9.9900
20100001 1997.075352 31.6570 64.2120  292  289.7692 18.0101 4.7823 36.5283 208.3020 0.3840 0.0290   -9.9900
20100001 1997.075352 31.6570 64.2120  294  291.7525 18.0073 4.7820 36.5277 208.3940 0.3850 0.0330   -9.9900
20100001 1997.075352 31.6570 64.2120  296  293.7358 17.9900 4.7800 36.5250 208.3290 0.3840 0.0400   -9.9900
20100001 1997.075352 31.6570 64.2120  298  295.7191 17.9880 4.7800 36.5261 208.3900 0.3850 0.0310   -9.9900
20100001 1997.075352 31.6570 64.2120  300  297.7023 17.9872 4.7800 36.5261 208.4210 0.3850 0.0310   -9.9900
20100001 1997.075352 31.6570 64.2120  302  299.6855 17.9820 4.7794 36.5253 208.2960 0.3850 0.0300   -9.9900
20100001 1997.075352 31.6570 64.2120  304  301.6688 17.9763 4.7788 36.5244 208.2400 0.3850 0.0310   -9.9900
20100001 1997.075352 31.6570 64.2120  306  303.6520 17.9690 4.7780 36.5231 208.1710 0.3840 0.0330   -9.9900
20100001 1997.075352 31.6570 64.2120  308  305.6351 17.9624 4.7772 36.5216 208.1460 0.3840 0.0390   -9.9900
20100001 1997.075352 31.6570 64.2120  310  307.6183 17.9503 4.7758 36.5194 208.0830 0.3850 0.0360   -9.9900
20100001 1997.075352 31.6570 64.2120  312  309.6014 17.9442 4.7751 36.5185 208.0040 0.3850 0.0350   -9.9900
20100001 1997.075352 31.6570 64.2120  314  311.5845 17.9383 4.7745 36.5175 207.8680 0.3850 0.0360   -9.9900
20100001 1997.075352 31.6570 64.2120  316  313.5677 17.9293 4.7735 36.5159 207.6730 0.3870 0.0330   -9.9900
20100001 1997.075352 31.6570 64.2120  318  315.5507 17.9211 4.7725 36.5144 207.7410 0.3860 0.0290   -9.9900
20100001 1997.075352 31.6570 64.2120  320  317.5338 17.9154 4.7720 36.5139 207.6990 0.3860 0.0300   -9.9900
20100001 1997.075352 31.6570 64.2120  322  319.5168 17.9160 4.7723 36.5152 207.7300 0.3870 0.0320   -9.9900
20100001 1997.075352 31.6570 64.2120  324  321.4999 17.9174 4.7727 36.5171 207.8170 0.3860 0.0320   -9.9900
20100001 1997.075352 31.6570 64.2120  326  323.4829 17.9147 4.7725 36.5169 207.7820 0.3860 0.0350   -9.9900
20100001 1997.075352 31.6570 64.2120  328  325.4659 17.9095 4.7720 36.5160 207.8100 0.3860 0.0350   -9.9900
20100001 1997.075352 31.6570 64.2120  330  327.4488 17.9056 4.7716 36.5153 207.8860 0.3860 0.0310   -9.9900
20100001 1997.075352 31.6570 64.2120  332  329.4318 17.9000 4.7709 36.5141 207.9740 0.3860 0.0290   -9.9900
20100001 1997.075352 31.6570 64.2120  334  331.4147 17.8931 4.7701 36.5125 207.9320 0.3860 0.0240   -9.9900
20100001 1997.075352 31.6570 64.2120  336  333.3976 17.8873 4.7694 36.5111 207.8480 0.3860 0.0290   -9.9900
20100001 1997.075352 31.6570 64.2120  338  335.3805 17.8780 4.7683 36.5091 207.7000 0.3860 0.0340   -9.9900
20100001 1997.075352 31.6570 64.2120  340  337.3634 17.8677 4.7671 36.5072 207.6160 0.3860 0.0350   -9.9900
20100001 1997.075352 31.6570 64.2120  342  339.3462 17.8552 4.7656 36.5046 207.3990 0.3860 0.0310   -9.9900
20100001 1997.075352 31.6570 64.2120  344  341.3291 17.8444 4.7643 36.5023 207.2890 0.3860 0.0280   -9.9900
20100001 1997.075352 31.6570 64.2120  346  343.3119 17.8368 4.7634 36.5005 206.9880 0.3850 0.0240   -9.9900
20100001 1997.075352 31.6570 64.2120  348  345.2947 17.8173 4.7610 36.4963 206.9620 0.3860 0.0300   -9.9900
20100001 1997.075352 31.6570 64.2120  350  347.2774 17.7993 4.7587 36.4921 206.6670 0.3860 0.0360   -9.9900
20100001 1997.075352 31.6570 64.2120  352  349.2602 17.7685 4.7549 36.4857 206.3120 0.3850 0.0360   -9.9900
20100001 1997.075352 31.6570 64.2120  354  351.2429 17.7554 4.7533 36.4834 206.2560 0.3850 0.0230   -9.9900
20100001 1997.075352 31.6570 64.2120  356  353.2257 17.7479 4.7525 36.4820 205.8870 0.3850 0.0380   -9.9900
20100001 1997.075352 31.6570 64.2120  358  355.2084 17.7222 4.7493 36.4768 205.5470 0.3860 0.0410   -9.9900
20100001 1997.075352 31.6570 64.2120  360  357.1910 17.6975 4.7462 36.4717 205.2140 0.3860 0.0340   -9.9900
20100001 1997.075352 31.6570 64.2120  362  359.1737 17.6788 4.7439 36.4679 204.6460 0.3850 0.0380   -9.9900
20100001 1997.075352 31.6570 64.2120  364  361.1563 17.6572 4.7415 36.4652 204.5840 0.3850 0.0420   -9.9900
20100001 1997.075352 31.6570 64.2120  366  363.1390 17.6506 4.7408 36.4642 204.4620 0.3850 0.0420   -9.9900
20100001 1997.075352 31.6570 64.2120  368  365.1216 17.6432 4.7399 36.4626 204.2780 0.3850 0.0360   -9.9900
20100001 1997.075352 31.6570 64.2120  370  367.1042 17.6337 4.7389 36.4614 204.0260 0.3850 0.0330   -9.9900
20100001 1997.075352 31.6570 64.2120  372  369.0867 17.6137 4.7364 36.4574 203.7530 0.3850 0.0300   -9.9900
20100001 1997.075352 31.6570 64.2120  374  371.0693 17.6024 4.7351 36.4550 203.6290 0.3850 0.0310   -9.9900
20100001 1997.075352 31.6570 64.2120  376  373.0518 17.5892 4.7335 36.4525 203.4690 0.3850 0.0350   -9.9900
20100001 1997.075352 31.6570 64.2120  378  375.0343 17.5841 4.7329 36.4516 203.3600 0.3860 0.0410   -9.9900
20100001 1997.075352 31.6570 64.2120  380  377.0168 17.5833 4.7329 36.4513 203.1680 0.3860 0.0470   -9.9900
20100001 1997.075352 31.6570 64.2120  382  378.9993 17.5809 4.7327 36.4506 202.9550 0.3860 0.0490   -9.9900
20100001 1997.075352 31.6570 64.2120  384  380.9817 17.5667 4.7310 36.4481 202.8970 0.3850 0.0400   -9.9900
20100001 1997.075352 31.6570 64.2120  386  382.9642 17.5531 4.7294 36.4457 202.7850 0.3850 0.0310   -9.9900
20100001 1997.075352 31.6570 64.2120  388  384.9466 17.5411 4.7280 36.4439 202.5660 0.3860 0.0290   -9.9900
20100001 1997.075352 31.6570 64.2120  390  386.9290 17.5393 4.7279 36.4437 202.4940 0.3860 0.0310   -9.9900
20100001 1997.075352 31.6570 64.2120  392  388.9113 17.5243 4.7261 36.4409 202.2270 0.3860 0.0330   -9.9900
20100001 1997.075352 31.6570 64.2120  394  390.8937 17.5094 4.7244 36.4380 202.0280 0.3860 0.0370   -9.9900
20100001 1997.075352 31.6570 64.2120  396  392.8760 17.4981 4.7230 36.4356 201.9860 0.3870 0.0330   -9.9900
20100001 1997.075352 31.6570 64.2120  398  394.8584 17.4742 4.7200 36.4306 201.5700 0.3850 0.0310   -9.9900
20100001 1997.075352 31.6570 64.2120  400  396.8407 17.4490 4.7169 36.4254 201.5070 0.3870 0.0290   -9.9900
20100001 1997.075352 31.6570 64.2120  402  398.8229 17.4326 4.7149 36.4222 201.1170 0.3860 0.0260   -9.9900
20100001 1997.075352 31.6570 64.2120  404  400.8052 17.4167 4.7131 36.4195 200.9980 0.3860 0.0340   -9.9900
20100001 1997.075352 31.6570 64.2120  406  402.7874 17.4033 4.7115 36.4168 200.6770 0.3860 0.0360   -9.9900
20100001 1997.075352 31.6570 64.2120  408  404.7697 17.3678 4.7070 36.4093 200.1240 0.3870 0.0350   -9.9900
20100001 1997.075352 31.6570 64.2120  410  406.7519 17.3278 4.7021 36.4014 199.6920 0.3870 0.0320   -9.9900
20100001 1997.075352 31.6570 64.2120  412  408.7340 17.2945 4.6980 36.3948 199.2800 0.3860 0.0330   -9.9900
20100001 1997.075352 31.6570 64.2120  414  410.7162 17.2598 4.6937 36.3885 198.9040 0.3880 0.0340   -9.9900
20100001 1997.075352 31.6570 64.2120  416  412.6984 17.2159 4.6884 36.3806 198.5330 0.3870 0.0290   -9.9900
20100001 1997.075352 31.6570 64.2120  418  414.6805 17.1835 4.6844 36.3746 198.3190 0.3870 0.0350   -9.9900
20100001 1997.075352 31.6570 64.2120  420  416.6626 17.1703 4.6829 36.3722 197.9820 0.3870 0.0410   -9.9900
20100001 1997.075352 31.6570 64.2120  422  418.6447 17.1412 4.6793 36.3664 197.6930 0.3870 0.0380   -9.9900
20100001 1997.075352 31.6570 64.2120  424  420.6268 17.1129 4.6759 36.3613 197.1450 0.3870 0.0360   -9.9900
20100001 1997.075352 31.6570 64.2120  426  422.6088 17.0695 4.6705 36.3526 196.9740 0.3870 0.0470   -9.9900
20100001 1997.075352 31.6570 64.2120  428  424.5908 17.0148 4.6640 36.3438 196.4960 0.3880 0.0270   -9.9900
20100001 1997.075352 31.6570 64.2120  430  426.5729 17.0146 4.6641 36.3438 196.4760 0.3860 0.0330   -9.9900
20100001 1997.075352 31.6570 64.2120  432  428.5549 16.9840 4.6602 36.3371 196.0120 0.3870 0.0350   -9.9900
20100001 1997.075352 31.6570 64.2120  434  430.5368 16.9314 4.6540 36.3288 195.7310 0.3880 0.0340   -9.9900
20100001 1997.075352 31.6570 64.2120  436  432.5188 16.8933 4.6494 36.3228 195.2170 0.3870 0.0410   -9.9900
20100001 1997.075352 31.6570 64.2120  438  434.5007 16.8747 4.6472 36.3189 195.2260 0.3880 0.0410   -9.9900
20100001 1997.075352 31.6570 64.2120  440  436.4826 16.8302 4.6419 36.3120 194.7560 0.3880 0.0320   -9.9900
20100001 1997.075352 31.6570 64.2120  442  438.4645 16.8164 4.6403 36.3097 194.6330 0.3880 0.0280   -9.9900
20100001 1997.075352 31.6570 64.2120  444  440.4464 16.8119 4.6398 36.3088 194.3720 0.3880 0.0290   -9.9900
20100001 1997.075352 31.6570 64.2120  446  442.4283 16.7951 4.6378 36.3054 194.1440 0.3880 0.0310   -9.9900
20100001 1997.075352 31.6570 64.2120  448  444.4101 16.7496 4.6323 36.2975 193.8240 0.3880 0.0290   -9.9900
20100001 1997.075352 31.6570 64.2120  450  446.3919 16.7430 4.6317 36.2970 193.5470 0.3880 0.0290   -9.9900
20100001 1997.075352 31.6570 64.2120  452  448.3738 16.7339 4.6307 36.2954 193.4120 0.3880 0.0330   -9.9900
20100001 1997.075352 31.6570 64.2120  454  450.3555 16.7194 4.6289 36.2926 193.2220 0.3880 0.0400   -9.9900
20100001 1997.075352 31.6570 64.2120  456  452.3373 16.6884 4.6252 36.2867 192.9970 0.3880 0.0330   -9.9900
20100001 1997.075352 31.6570 64.2120  458  454.3191 16.6483 4.6203 36.2795 192.5460 0.3880 0.0300   -9.9900
20100001 1997.075352 31.6570 64.2120  460  456.3008 16.6230 4.6174 36.2755 192.2290 0.3880 0.0320   -9.9900
20100001 1997.075352 31.6570 64.2120  462  458.2825 16.5663 4.6105 36.2656 191.4230 0.3890 0.0370   -9.9900
20100001 1997.075352 31.6570 64.2120  464  460.2642 16.5347 4.6067 36.2594 190.6270 0.3880 0.0290   -9.9900
20100001 1997.075352 31.6570 64.2120  466  462.2459 16.4939 4.6018 36.2524 190.1160 0.3880 0.0260   -9.9900
20100001 1997.075352 31.6570 64.2120  468  464.2275 16.4615 4.5980 36.2471 189.6450 0.3880 0.0330   -9.9900
20100001 1997.075352 31.6570 64.2120  470  466.2091 16.4578 4.5976 36.2464 189.3000 0.3880 0.0350   -9.9900
20100001 1997.075352 31.6570 64.2120  472  468.1908 16.4283 4.5940 36.2405 189.1210 0.3880 0.0500   -9.9900
20100001 1997.075352 31.6570 64.2120  474  470.1723 16.4006 4.5908 36.2366 188.7460 0.3880 0.0510   -9.9900
20100001 1997.075352 31.6570 64.2120  476  472.1539 16.3857 4.5891 36.2340 188.3750 0.3880 0.0430   -9.9900
20100001 1997.075352 31.6570 64.2120  478  474.1355 16.3671 4.5870 36.2313 188.4190 0.3880 0.0390   -9.9900
20100001 1997.075352 31.6570 64.2120  480  476.1170 16.3455 4.5844 36.2271 188.1300 0.3880 0.0350   -9.9900
20100001 1997.075352 31.6570 64.2120  482  478.0985 16.3101 4.5801 36.2208 187.5680 0.3880 0.0410   -9.9900
20100001 1997.075352 31.6570 64.2120  484  480.0800 16.2574 4.5737 36.2107 187.2590 0.3880 0.0370   -9.9900
20100001 1997.075352 31.6570 64.2120  486  482.0615 16.2071 4.5677 36.2020 186.5360 0.3880 0.0420   -9.9900
20100001 1997.075352 31.6570 64.2120  488  484.0430 16.1808 4.5646 36.1976 186.3480 0.3880 0.0410   -9.9900
20100001 1997.075352 31.6570 64.2120  490  486.0244 16.1670 4.5630 36.1949 186.0650 0.3890 0.0360   -9.9900
20100001 1997.075352 31.6570 64.2120  492  488.0059 16.1238 4.5577 36.1864 185.5210 0.3890 0.0370   -9.9900
20100001 1997.075352 31.6570 64.2120  494  489.9873 16.0505 4.5489 36.1733 184.7650 0.3890 0.0310   -9.9900
20100001 1997.075352 31.6570 64.2120  496  491.9686 15.9774 4.5402 36.1614 184.0820 0.3880 0.0250   -9.9900
20100001 1997.075352 31.6570 64.2120  498  493.9500 15.9203 4.5335 36.1526 183.4990 0.3880 0.0250   -9.9900
20100001 1997.075352 31.6570 64.2120  500  495.9314 15.8693 4.5275 36.1451 182.9040 0.3880 0.0280   -9.9900
20100001 1997.075352 31.6570 64.2120  502  497.9127 15.8431 4.5244 36.1403 181.9700 0.3880 0.0350   -9.9900
20100001 1997.075352 31.6570 64.2120  504  499.8940 15.8370 4.5238 36.1395 180.9970 0.3880 0.0390   -9.9900
20100002 1997.076126 31.6330 64.2520   12   11.9164 20.3576 5.0506 36.8127 222.9780 0.4580 0.4080   -9.9900
20100002 1997.076126 31.6330 64.2520   14   13.9024 20.3562 5.0506 36.8129 222.8870 0.4580 0.4080   -9.9900
20100002 1997.076126 31.6330 64.2520   16   15.8884 20.3544 5.0505 36.8131 222.7310 0.4580 0.4040   -9.9900
20100002 1997.076126 31.6330 64.2520   18   17.8744 20.3531 5.0505 36.8133 222.5050 0.4590 0.3950   -9.9900
20100002 1997.076126 31.6330 64.2520   20   19.8603 20.3554 5.0508 36.8131 222.4920 0.4600 0.4160   -9.9900
20100002 1997.076126 31.6330 64.2520   22   21.8462 20.3560 5.0509 36.8129 222.6520 0.4580 0.4140   -9.9900
20100002 1997.076126 31.6330 64.2520   24   23.8322 20.3548 5.0509 36.8133 222.5700 0.4590 0.4270   -9.9900
20100002 1997.076126 31.6330 64.2520   26   25.8180 20.3548 5.0510 36.8134 222.2650 0.4590 0.4230   -9.9900
20100002 1997.076126 31.6330 64.2520   28   27.8039 20.3567 5.0513 36.8136 222.3420 0.4590 0.4440   -9.9900
20100002 1997.076126 31.6330 64.2520   30   29.7898 20.3568 5.0514 36.8130 222.1770 0.4580 0.4250   -9.9900
20100002 1997.076126 31.6330 64.2520   32   31.7756 20.3515 5.0506 36.8103 221.6800 0.4570 0.4500   -9.9900
20100002 1997.076126 31.6330 64.2520   34   33.7614 20.3470 5.0498 36.8072 221.9610 0.4560 0.4400   -9.9900
20100002 1997.076126 31.6330 64.2520   36   35.7472 20.3456 5.0497 36.8067 222.0640 0.4530 0.4510   -9.9900
20100002 1997.076126 31.6330 64.2520   38   37.7330 20.3460 5.0498 36.8069 222.0250 0.4520 0.4480   -9.9900
20100002 1997.076126 31.6330 64.2520   40   39.7187 20.3461 5.0499 36.8069 221.9730 0.4500 0.4520   -9.9900
20100002 1997.076126 31.6330 64.2520   42   41.7044 20.3463 5.0501 36.8070 221.8910 0.4490 0.4580   -9.9900
20100002 1997.076126 31.6330 64.2520   44   43.6902 20.3471 5.0503 36.8072 221.8250 0.4490 0.4490   -9.9900
20100002 1997.076126 31.6330 64.2520   46   45.6759 20.3476 5.0504 36.8073 221.7880 0.4480 0.4370   -9.9900
20100002 1997.076126 31.6330 64.2520   48   47.6615 20.3480 5.0505 36.8073 221.7440 0.4480 0.4280   -9.9900
20100002 1997.076126 31.6330 64.2520   50   49.6472 20.3498 5.0509 36.8078 221.5960 0.4480 0.4160   -9.9900
20100002 1997.076126 31.6330 64.2520   52   51.6328 20.3496 5.0509 36.8077 221.5490 0.4480 0.4190   -9.9900
20100002 1997.076126 31.6330 64.2520   54   53.6184 20.3493 5.0510 36.8074 221.3730 0.4480 0.4200   -9.9900
20100002 1997.076126 31.6330 64.2520   56   55.6040 20.3480 5.0508 36.8068 221.2360 0.4470 0.4220   -9.9900
20100002 1997.076126 31.6330 64.2520   58   57.5896 20.3486 5.0510 36.8067 221.1080 0.4480 0.4420   -9.9900
20100002 1997.076126 31.6330 64.2520   60   59.5752 20.3489 5.0511 36.8069 221.2380 0.4480 0.4580   -9.9900
20100002 1997.076126 31.6330 64.2520   62   61.5607 20.3470 5.0510 36.8066 221.2970 0.4460 0.4560   -9.9900
20100002 1997.076126 31.6330 64.2520   64   63.5462 20.3471 5.0511 36.8065 221.2760 0.4440 0.4530   -9.9900
20100002 1997.076126 31.6330 64.2520   66   65.5317 20.3473 5.0512 36.8064 221.1960 0.4430 0.4270   -9.9900
20100002 1997.076126 31.6330 64.2520   68   67.5172 20.3473 5.0513 36.8063 221.1670 0.4420 0.4120   -9.9900
20100002 1997.076126 31.6330 64.2520   70   69.5027 20.3476 5.0514 36.8063 221.1510 0.4420 0.4100   -9.9900
20100002 1997.076126 31.6330 64.2520   72   71.4881 20.3484 5.0516 36.8066 221.2440 0.4420 0.4190   -9.9900
20100002 1997.076126 31.6330 64.2520   74   73.4736 20.3497 5.0519 36.8070 221.3170 0.4420 0.4260   -9.9900
20100002 1997.076126 31.6330 64.2520   76   75.4590 20.3506 5.0520 36.8069 221.0170 0.4410 0.4250   -9.9900
20100002 1997.076126 31.6330 64.2520   78   77.4443 20.3506 5.0522 36.8072 220.9660 0.4410 0.4230   -9.9900
20100002 1997.076126 31.6330 64.2520   80   79.4297 20.3506 5.0523 36.8073 221.0670 0.4410 0.4230   -9.9900
20100002 1997.076126 31.6330 64.2520   82   81.4151 20.3496 5.0522 36.8071 221.0350 0.4410 0.4330   -9.9900
20100002 1997.076126 31.6330 64.2520   84   83.4004 20.3489 5.0522 36.8069 221.0530 0.4400 0.4260   -9.9900
20100002 1997.076126 31.6330 64.2520   86   85.3857 20.3474 5.0521 36.8063 221.0650 0.4400 0.4190   -9.9900
20100002 1997.076126 31.6330 64.2520   88   87.3710 20.3439 5.0517 36.8051 221.0550 0.4400 0.4130   -9.9900
20100002 1997.076126 31.6330 64.2520   90   89.3563 20.3379 5.0509 36.8032 220.8040 0.4390 0.4040   -9.9900
20100002 1997.076126 31.6330 64.2520   92   91.3415 20.3368 5.0508 36.8028 220.4400 0.4380 0.4040   -9.9900
20100002 1997.076126 31.6330 64.2520   94   93.3267 20.3349 5.0506 36.8023 220.7060 0.4380 0.3940   -9.9900
20100002 1997.076126 31.6330 64.2520   96   95.3120 20.3220 5.0489 36.7987 220.5910 0.4360 0.3750   -9.9900
20100002 1997.076126 31.6330 64.2520   98   97.2972 20.3204 5.0488 36.7982 220.7340 0.4370 0.3700   -9.9900
20100002 1997.076126 31.6330 64.2520  100   99.2823 20.3215 5.0490 36.7988 220.5510 0.4360 0.3840   -9.9900
20100002 1997.076126 31.6330 64.2520  102  101.2675 20.3213 5.0491 36.7987 220.5440 0.4350 0.3830   -9.9900
20100002 1997.076126 31.6330 64.2520  104  103.2526 20.3196 5.0489 36.7980 220.0780 0.4360 0.4070   -9.9900
20100002 1997.076126 31.6330 64.2520  106  105.2377 20.3008 5.0464 36.7931 219.8320 0.4340 0.3760   -9.9900
20100002 1997.076126 31.6330 64.2520  108  107.2228 20.2790 5.0435 36.7874 219.5470 0.4310 0.3520   -9.9900
20100002 1997.076126 31.6330 64.2520  110  109.2079 20.2752 5.0430 36.7862 219.4170 0.4300 0.3410   -9.9900
20100002 1997.076126 31.6330 64.2520  112  111.1930 20.2629 5.0414 36.7829 218.9760 0.4290 0.3350   -9.9900
20100002 1997.076126 31.6330 64.2520  114  113.1780 20.2371 5.0380 36.7769 218.4710 0.4270 0.3240   -9.9900
20100002 1997.076126 31.6330 64.2520  116  115.1630 20.2115 5.0347 36.7713 217.5160 0.4260 0.3200   -9.9900
20100002 1997.076126 31.6330 64.2520  118  117.1480 20.1581 5.0277 36.7593 216.9850 0.4230 0.3030   -9.9900
20100002 1997.076126 31.6330 64.2520  120  119.1330 20.0773 5.0170 36.7414 216.5110 0.4190 0.2690   -9.9900
20100002 1997.076126 31.6330 64.2520  122  121.1180 20.0133 5.0089 36.7298 216.3360 0.4160 0.2210   -9.9900
20100002 1997.076126 31.6330 64.2520  124  123.1029 19.9725 5.0040 36.7237 216.0290 0.4140 0.1970   -9.9900
20100002 1997.076126 31.6330 64.2520  126  125.0879 19.9033 4.9957 36.7152 215.1290 0.4130 0.1900   -9.9900
20100002 1997.076126 31.6330 64.2520  128  127.0728 19.8429 4.9886 36.7085 214.4000 0.4120 0.1830   -9.9900
20100002 1997.076126 31.6330 64.2520  130  129.0576 19.7533 4.9779 36.6980 213.1750 0.4110 0.1740   -9.9900
20100002 1997.076126 31.6330 64.2520  132  131.0425 19.6112 4.9612 36.6827 211.4410 0.4100 0.1630   -9.9900
20100002 1997.076126 31.6330 64.2520  134  133.0274 19.4943 4.9477 36.6725 211.3680 0.4090 0.1640   -9.9900
20100002 1997.076126 31.6330 64.2520  136  135.0122 19.4854 4.9466 36.6705 210.0860 0.4090 0.1720   -9.9900
20100002 1997.076126 31.6330 64.2520  138  136.9970 19.3852 4.9350 36.6606 209.3660 0.4070 0.1720   -9.9900
20100002 1997.076126 31.6330 64.2520  140  138.9818 19.3208 4.9274 36.6532 208.3130 0.4060 0.1630   -9.9900
20100002 1997.076126 31.6330 64.2520  142  140.9666 19.2572 4.9199 36.6455 207.3930 0.4040 0.1530   -9.9900
20100002 1997.076126 31.6330 64.2520  144  142.9513 19.0835 4.8992 36.6242 205.4900 0.4030 0.1440   -9.9900
20100002 1997.076126 31.6330 64.2520  146  144.9360 18.8467 4.8720 36.6043 204.4270 0.4000 0.1360   -9.9900
20100002 1997.076126 31.6330 64.2520  148  146.9208 18.8081 4.8677 36.6009 203.9100 0.3980 0.1310   -9.9900
20100002 1997.076126 31.6330 64.2520  150  148.9055 18.7611 4.8625 36.5983 203.0720 0.3980 0.1280   -9.9900
20100002 1997.076126 31.6330 64.2520  152  150.8901 18.7277 4.8589 36.5966 202.8470 0.3970 0.1190   -9.9900
20100002 1997.076126 31.6330 64.2520  154  152.8748 18.7047 4.8564 36.5950 202.9430 0.3960 0.1140   -9.9900
20100002 1997.076126 31.6330 64.2520  156  154.8594 18.7297 4.8593 36.5968 202.1590 0.3960 0.1280   -9.9900
20100002 1997.076126 31.6330 64.2520  158  156.8440 18.6920 4.8552 36.5945 202.1880 0.3950 0.1210   -9.9900
20100002 1997.076126 31.6330 64.2520  160  158.8286 18.6747 4.8533 36.5927 201.8800 0.3950 0.1250   -9.9900
20100002 1997.076126 31.6330 64.2520  162  160.8132 18.6612 4.8518 36.5916 201.9160 0.3940 0.1180   -9.9900
20100002 1997.076126 31.6330 64.2520  164  162.7978 18.6464 4.8502 36.5903 201.9020 0.3940 0.1110   -9.9900
20100002 1997.076126 31.6330 64.2520  166  164.7823 18.6367 4.8492 36.5894 201.8610 0.3950 0.1100   -9.9900
20100002 1997.076126 31.6330 64.2520  168  166.7668 18.6243 4.8478 36.5881 201.7710 0.3940 0.1090   -9.9900
20100002 1997.076126 31.6330 64.2520  170  168.7513 18.6053 4.8457 36.5859 201.6890 0.3930 0.1040   -9.9900
20100002 1997.076126 31.6330 64.2520  172  170.7358 18.5833 4.8431 36.5827 201.6910 0.3930 0.0890   -9.9900
20100002 1997.076126 31.6330 64.2520  174  172.7203 18.5634 4.8409 36.5810 201.7050 0.3930 0.0950   -9.9900
20100002 1997.076126 31.6330 64.2520  176  174.7047 18.5467 4.8391 36.5797 201.8580 0.3940 0.0970   -9.9900
20100002 1997.076126 31.6330 64.2520  178  176.6892 18.5284 4.8371 36.5784 201.9330 0.3930 0.0910   -9.9900
20100002 1997.076126 31.6330 64.2520  180  178.6736 18.5074 4.8348 36.5768 201.9750 0.3920 0.0810   -9.9900
20100002 1997.076126 31.6330 64.2520  182  180.6580 18.4950 4.8334 36.5756 202.0280 0.3920 0.0740   -9.9900
20100002 1997.076126 31.6330 64.2520  184  182.6423 18.4725 4.8310 36.5737 202.1530 0.3910 0.0650   -9.9900
20100002 1997.076126 31.6330 64.2520  186  184.6267 18.4671 4.8304 36.5732 202.4260 0.3910 0.0750   -9.9900
20100002 1997.076126 31.6330 64.2520  188  186.6110 18.4638 4.8301 36.5730 202.6320 0.3910 0.0710   -9.9900
20100002 1997.076126 31.6330 64.2520  190  188.5953 18.4516 4.8288 36.5716 202.8400 0.3910 0.0650   -9.9900
20100002 1997.076126 31.6330 64.2520  192  190.5796 18.4355 4.8270 36.5696 202.9980 0.3900 0.0640   -9.9900
20100002 1997.076126 31.6330 64.2520  194  192.5639 18.4190 4.8251 36.5678 203.2010 0.3900 0.0590   -9.9900
20100002 1997.076126 31.6330 64.2520  196  194.5481 18.4078 4.8239 36.5668 203.3460 0.3900 0.0580   -9.9900
20100002 1997.076126 31.6330 64.2520  198  196.5324 18.4009 4.8232 36.5662 203.4380 0.3900 0.0580   -9.9900
20100002 1997.076126 31.6330 64.2520  200  198.5166 18.3941 4.8225 36.5656 203.4940 0.3900 0.0630   -9.9900
20100002 1997.076126 31.6330 64.2520  202  200.5008 18.3851 4.8216 36.5647 203.6490 0.3900 0.0700   -9.9900
20100002 1997.076126 31.6330 64.2520  204  202.4849 18.3750 4.8205 36.5636 203.8420 0.3900 0.0620   -9.9900
20100002 1997.076126 31.6330 64.2520  206  204.4691 18.3637 4.8192 36.5623 204.0480 0.3900 0.0540   -9.9900
20100002 1997.076126 31.6330 64.2520  208  206.4532 18.3410 4.8166 36.5595 204.3890 0.3900 0.0510   -9.9900
20100002 1997.076126 31.6330 64.2520  210  208.4374 18.3290 4.8154 36.5585 204.4070 0.3890 0.0600   -9.9900
20100002 1997.076126 31.6330 64.2520  212  210.4215 18.3142 4.8138 36.5573 204.7200 0.3880 0.0360   -9.9900
20100002 1997.076126 31.6330 64.2520  214  212.4055 18.3089 4.8132 36.5568 204.9720 0.3880 0.0330   -9.9900
20100002 1997.076126 31.6330 64.2520  216  214.3896 18.3062 4.8130 36.5565 204.9960 0.3880 0.0390   -9.9900
20100002 1997.076126 31.6330 64.2520  218  216.3736 18.2925 4.8115 36.5553 205.1430 0.3880 0.0510   -9.9900
20100002 1997.076126 31.6330 64.2520  220  218.3577 18.2787 4.8100 36.5535 205.6060 0.3870 0.0370   -9.9900
20100002 1997.076126 31.6330 64.2520  222  220.3417 18.2723 4.8093 36.5525 205.5070 0.3870 0.0380   -9.9900
20100002 1997.076126 31.6330 64.2520  224  222.3257 18.2649 4.8085 36.5514 205.7440 0.3870 0.0340   -9.9900
20100002 1997.076126 31.6330 64.2520  226  224.3096 18.2587 4.8078 36.5508 206.1060 0.3870 0.0420   -9.9900
20100002 1997.076126 31.6330 64.2520  228  226.2936 18.2462 4.8065 36.5494 206.2820 0.3870 0.0510   -9.9900
20100002 1997.076126 31.6330 64.2520  230  228.2775 18.2395 4.8058 36.5488 206.4320 0.3870 0.0440   -9.9900
20100002 1997.076126 31.6330 64.2520  232  230.2614 18.2290 4.8047 36.5479 206.4190 0.3870 0.0420   -9.9900
20100002 1997.076126 31.6330 64.2520  234  232.2453 18.2222 4.8039 36.5468 206.4410 0.3870 0.0360   -9.9900
20100002 1997.076126 31.6330 64.2520  236  234.2292 18.2097 4.8023 36.5437 206.5190 0.3870 0.0300   -9.9900
20100002 1997.076126 31.6330 64.2520  238  236.2130 18.1950 4.8006 36.5411 206.4650 0.3870 0.0400   -9.9900
20100002 1997.076126 31.6330 64.2520  240  238.1968 18.1855 4.7995 36.5395 206.4180 0.3870 0.0440   -9.9900
20100002 1997.076126 31.6330 64.2520  242  240.1807 18.1820 4.7992 36.5391 206.5060 0.3870 0.0360   -9.9900
20100002 1997.076126 31.6330 64.2520  244  242.1645 18.1800 4.7992 36.5400 206.6630 0.3870 0.0370   -9.9900
20100002 1997.076126 31.6330 64.2520  246  244.1482 18.1779 4.7991 36.5408 206.7470 0.3880 0.0370   -9.9900
20100002 1997.076126 31.6330 64.2520  248  246.1320 18.1755 4.7990 36.5409 206.7780 0.3880 0.0360   -9.9900
20100002 1997.076126 31.6330 64.2520  250  248.1157 18.1686 4.7984 36.5410 206.8500 0.3880 0.0370   -9.9900
20100002 1997.076126 31.6330 64.2520  252  250.0994 18.1675 4.7983 36.5410 207.0220 0.3880 0.0440   -9.9900
20100002 1997.076126 31.6330 64.2520  254  252.0831 18.1629 4.7980 36.5414 207.1650 0.3880 0.0380   -9.9900
20100002 1997.076126 31.6330 64.2520  256  254.0668 18.1598 4.7977 36.5411 207.2630 0.3870 0.0410   -9.9900
20100002 1997.076126 31.6330 64.2520  258  256.0505 18.1548 4.7972 36.5404 207.3990 0.3880 0.0500   -9.9900
20100002 1997.076126 31.6330 64.2520  260  258.0341 18.1438 4.7960 36.5392 207.6200 0.3880 0.0570   -9.9900
20100002 1997.076126 31.6330 64.2520  262  260.0177 18.1404 4.7958 36.5392 207.6260 0.3880 0.0460   -9.9900
20100002 1997.076126 31.6330 64.2520  264  262.0013 18.1359 4.7954 36.5392 207.6070 0.3880 0.0360   -9.9900
20100002 1997.076126 31.6330 64.2520  266  263.9849 18.1308 4.7949 36.5389 207.7020 0.3880 0.0380   -9.9900
20100002 1997.076126 31.6330 64.2520  268  265.9685 18.1273 4.7946 36.5383 207.9060 0.3880 0.0290   -9.9900
20100002 1997.076126 31.6330 64.2520  270  267.9520 18.1236 4.7942 36.5379 207.9800 0.3890 0.0290   -9.9900
20100002 1997.076126 31.6330 64.2520  272  269.9356 18.1185 4.7937 36.5372 208.1160 0.3890 0.0350   -9.9900
20100002 1997.076126 31.6330 64.2520  274  271.9191 18.1123 4.7930 36.5365 208.3190 0.3890 0.0360   -9.9900
20100002 1997.076126 31.6330 64.2520  276  273.9025 18.1053 4.7924 36.5360 208.5650 0.3880 0.0400   -9.9900
20100002 1997.076126 31.6330 64.2520  278  275.8860 18.1039 4.7923 36.5363 208.8540 0.3870 0.0330   -9.9900
20100002 1997.076126 31.6330 64.2520  280  277.8695 18.1001 4.7921 36.5366 209.1190 0.3880 0.0270   -9.9900
20100002 1997.076126 31.6330 64.2520  282  279.8529 18.0956 4.7916 36.5361 209.3090 0.3880 0.0380   -9.9900
20100002 1997.076126 31.6330 64.2520  284  281.8363 18.0946 4.7916 36.5363 209.4300 0.3890 0.0330   -9.9900
20100002 1997.076126 31.6330 64.2520  286  283.8197 18.0930 4.7915 36.5362 209.4070 0.3880 0.0330   -9.9900
20100002 1997.076126 31.6330 64.2520  288  285.8031 18.0809 4.7902 36.5347 209.5810 0.3880 0.0320   -9.9900
20100002 1997.076126 31.6330 64.2520  290  287.7864 18.0783 4.7900 36.5346 209.5380 0.3890 0.0230   -9.9900
20100002 1997.076126 31.6330 64.2520  292  289.7698 18.0710 4.7892 36.5334 209.5790 0.3890 0.0310   -9.9900
20100002 1997.076126 31.6330 64.2520  294  291.7531 18.0677 4.7889 36.5333 209.8330 0.3890 0.0340   -9.9900
20100002 1997.076126 31.6330 64.2520  296  293.7364 18.0607 4.7882 36.5327 209.9780 0.3890 0.0360   -9.9900
20100002 1997.076126 31.6330 64.2520  298  295.7196 18.0553 4.7876 36.5319 209.9590 0.3890 0.0430   -9.9900
20100002 1997.076126 31.6330 64.2520  300  297.7029 18.0565 4.7879 36.5321 209.9590 0.3890 0.0290   -9.9900
20100002 1997.076126 31.6330 64.2520  302  299.6861 18.0468 4.7869 36.5316 210.2110 0.3890 0.0390   -9.9900
20100002 1997.076126 31.6330 64.2520  304  301.6694 18.0439 4.7867 36.5319 210.3720 0.3890 0.0410   -9.9900
20100002 1997.076126 31.6330 64.2520  306  303.6526 18.0415 4.7865 36.5316 210.4910 0.3890 0.0370   -9.9900
20100002 1997.076126 31.6330 64.2520  308  305.6357 18.0384 4.7863 36.5313 210.5160 0.3890 0.0450   -9.9900
20100002 1997.076126 31.6330 64.2520  310  307.6189 18.0341 4.7858 36.5304 210.4000 0.3900 0.0430   -9.9900
20100002 1997.076126 31.6330 64.2520  312  309.6020 18.0265 4.7850 36.5293 210.6290 0.3890 0.0400   -9.9900
20100002 1997.076126 31.6330 64.2520  314  311.5852 18.0215 4.7845 36.5287 210.7750 0.3890 0.0370   -9.9900
20100002 1997.076126 31.6330 64.2520  316  313.5683 18.0135 4.7836 36.5272 210.7800 0.3890 0.0410   -9.9900
20100002 1997.076126 31.6330 64.2520  318  315.5514 18.0052 4.7826 36.5261 210.8120 0.3900 0.0370   -9.9900
20100002 1997.076126 31.6330 64.2520  320  317.5344 18.0041 4.7826 36.5259 210.7380 0.3900 0.0270   -9.9900
20100002 1997.076126 31.6330 64.2520  322  319.5175 17.9945 4.7815 36.5244 210.7020 0.3900 0.0330   -9.9900
20100002 1997.076126 31.6330 64.2520  324  321.5005 17.9900 4.7811 36.5239 210.6420 0.3900 0.0380   -9.9900
20100002 1997.076126 31.6330 64.2520  326  323.4835 17.9859 4.7806 36.5230 210.6450 0.3900 0.0410   -9.9900
20100002 1997.076126 31.6330 64.2520  328  325.4665 17.9790 4.7799 36.5222 210.7630 0.3900 0.0430   -9.9900
20100002 1997.076126 31.6330 64.2520  330  327.4495 17.9778 4.7799 36.5220 210.8360 0.3900 0.0400   -9.9900
20100002 1997.076126 31.6330 64.2520  332  329.4324 17.9757 4.7797 36.5217 210.7660 0.3900 0.0280   -9.9900
20100002 1997.076126 31.6330 64.2520  334  331.4154 17.9707 4.7792 36.5208 210.7130 0.3900 0.0350   -9.9900
20100002 1997.076126 31.6330 64.2520  336  333.3983 17.9682 4.7789 36.5204 210.6560 0.3900 0.0300   -9.9900
20100002 1997.076126 31.6330 64.2520  338  335.3812 17.9635 4.7785 36.5199 210.5970 0.3900 0.0280   -9.9900
20100002 1997.076126 31.6330 64.2520  340  337.3640 17.9596 4.7781 36.5196 210.7340 0.3900 0.0370   -9.9900
20100002 1997.076126 31.6330 64.2520  342  339.3469 17.9530 4.7774 36.5188 210.8050 0.3900 0.0390   -9.9900
20100002 1997.076126 31.6330 64.2520  344  341.3297 17.9443 4.7764 36.5172 210.7620 0.3900 0.0440   -9.9900
20100002 1997.076126 31.6330 64.2520  346  343.3126 17.9408 4.7761 36.5166 210.6770 0.3900 0.0410   -9.9900
20100002 1997.076126 31.6330 64.2520  348  345.2953 17.9363 4.7757 36.5162 210.6500 0.3900 0.0360   -9.9900
20100002 1997.076126 31.6330 64.2520  350  347.2781 17.9333 4.7754 36.5155 210.7990 0.3900 0.0350   -9.9900
20100002 1997.076126 31.6330 64.2520  352  349.2609 17.9236 4.7742 36.5138 210.4390 0.3900 0.0430   -9.9900
20100002 1997.076126 31.6330 64.2520  354  351.2436 17.9118 4.7729 36.5119 210.6030 0.3900 0.0380   -9.9900
20100002 1997.076126 31.6330 64.2520  356  353.2264 17.9079 4.7725 36.5113 210.5910 0.3900 0.0360   -9.9900
20100002 1997.076126 31.6330 64.2520  358  355.2091 17.9035 4.7720 36.5106 210.3960 0.3900 0.0230   -9.9900
20100002 1997.076126 31.6330 64.2520  360  357.1917 17.9002 4.7718 36.5103 210.4910 0.3900 0.0220   -9.9900
20100002 1997.076126 31.6330 64.2520  362  359.1744 17.9025 4.7722 36.5115 210.5590 0.3900 0.0300   -9.9900
20100002 1997.076126 31.6330 64.2520  364  361.1571 17.9023 4.7725 36.5131 210.6660 0.3900 0.0290   -9.9900
20100002 1997.076126 31.6330 64.2520  366  363.1397 17.8961 4.7718 36.5117 210.6900 0.3900 0.0360   -9.9900
20100002 1997.076126 31.6330 64.2520  368  365.1223 17.8840 4.7704 36.5097 210.7870 0.3900 0.0350   -9.9900
20100002 1997.076126 31.6330 64.2520  370  367.1049 17.8756 4.7694 36.5082 210.8200 0.3900 0.0300   -9.9900
20100002 1997.076126 31.6330 64.2520  372  369.0875 17.8689 4.7686 36.5069 210.7040 0.3900 0.0380   -9.9900
20100002 1997.076126 31.6330 64.2520  374  371.0700 17.8632 4.7680 36.5058 210.6480 0.3900 0.0390   -9.9900
20100002 1997.076126 31.6330 64.2520  376  373.0525 17.8547 4.7670 36.5041 210.4700 0.3900 0.0390   -9.9900
20100002 1997.076126 31.6330 64.2520  378  375.0350 17.8470 4.7661 36.5025 210.3540 0.3900 0.0370   -9.9900
20100002 1997.076126 31.6330 64.2520  380  377.0175 17.8284 4.7638 36.4987 210.0010 0.3900 0.0360   -9.9900
20100002 1997.076126 31.6330 64.2520  382  379.0000 17.8178 4.7625 36.4963 209.9000 0.3900 0.0320   -9.9900
20100002 1997.076126 31.6330 64.2520  384  380.9825 17.8010 4.7604 36.4922 209.5550 0.3900 0.0300   -9.9900
20100002 1997.076126 31.6330 64.2520  386  382.9649 17.7905 4.7591 36.4898 209.2360 0.3900 0.0310   -9.9900
20100002 1997.076126 31.6330 64.2520  388  384.9473 17.7732 4.7570 36.4859 208.8730 0.3900 0.0310   -9.9900
20100002 1997.076126 31.6330 64.2520  390  386.9297 17.7610 4.7555 36.4832 208.6450 0.3900 0.0290   -9.9900
20100002 1997.076126 31.6330 64.2520  392  388.9121 17.7452 4.7535 36.4798 208.3980 0.3900 0.0320   -9.9900
20100002 1997.076126 31.6330 64.2520  394  390.8945 17.7283 4.7514 36.4760 207.9600 0.3900 0.0290   -9.9900
20100002 1997.076126 31.6330 64.2520  396  392.8768 17.7163 4.7500 36.4736 207.7110 0.3900 0.0330   -9.9900
20100002 1997.076126 31.6330 64.2520  398  394.8591 17.6974 4.7477 36.4700 207.4580 0.3900 0.0370   -9.9900
20100002 1997.076126 31.6330 64.2520  400  396.8414 17.6723 4.7447 36.4657 207.1120 0.3900 0.0350   -9.9900
20100002 1997.076126 31.6330 64.2520  402  398.8237 17.6614 4.7434 36.4639 206.8920 0.3900 0.0330   -9.9900
20100002 1997.076126 31.6330 64.2520  404  400.8060 17.6398 4.7409 36.4603 206.4510 0.3900 0.0290   -9.9900
20100003 1997.076182 31.6340 64.2540   12   11.9164 20.3657 5.0518 36.8154 222.8630 0.4500 0.4020   -9.9900
20100003 1997.076182 31.6340 64.2540   14   13.9024 20.3644 5.0518 36.8155 222.7080 0.4500 0.4080   -9.9900
20100003 1997.076182 31.6340 64.2540   16   15.8884 20.3634 5.0517 36.8154 222.6450 0.4510 0.4070   -9.9900
20100003 1997.076182 31.6340 64.2540   18   17.8744 20.3641 5.0519 36.8156 222.8170 0.4500 0.4140   -9.9900
20100003 1997.076182 31.6340 64.2540   20   19.8603 20.3646 5.0520 36.8155 223.0950 0.4500 0.4070   -9.9900
20100003 1997.076182 31.6340 64.2540   22   21.8462 20.3644 5.0521 36.8156 223.0140 0.4510 0.4010   -9.9900
20100003 1997.076182 31.6340 64.2540   24   23.8321 20.3640 5.0522 36.8156 222.8940 0.4510 0.4180   -9.9900
20100003 1997.076182 31.6340 64.2540   26   25.8180 20.3668 5.0525 36.8153 223.1250 0.4510 0.4210   -9.9900
20100003 1997.076182 31.6340 64.2540   28   27.8039 20.3679 5.0528 36.8156 223.0870 0.4510 0.4230   -9.9900
20100003 1997.076182 31.6340 64.2540   30   29.7898 20.3657 5.0524 36.8139 222.9490 0.4510 0.4310   -9.9900
20100003 1997.076182 31.6340 64.2540   32   31.7756 20.3661 5.0524 36.8128 222.8200 0.4520 0.4340   -9.9900
20100003 1997.076182 31.6340 64.2540   34   33.7614 20.3640 5.0523 36.8125 222.9010 0.4500 0.4300   -9.9900
20100003 1997.076182 31.6340 64.2540   36   35.7472 20.3632 5.0521 36.8116 222.8230 0.4510 0.4360   -9.9900
20100003 1997.076182 31.6340 64.2540   38   37.7330 20.3627 5.0521 36.8113 222.8840 0.4510 0.4480   -9.9900
20100003 1997.076182 31.6340 64.2540   40   39.7187 20.3630 5.0523 36.8116 222.8690 0.4510 0.4480   -9.9900
20100003 1997.076182 31.6340 64.2540   42   41.7044 20.3618 5.0522 36.8112 222.9320 0.4510 0.4420   -9.9900
20100003 1997.076182 31.6340 64.2540   44   43.6902 20.3591 5.0519 36.8104 222.8990 0.4500 0.4420   -9.9900
20100003 1997.076182 31.6340 64.2540   46   45.6758 20.3592 5.0520 36.8102 222.5740 0.4490 0.4420   -9.9900
20100003 1997.076182 31.6340 64.2540   48   47.6615 20.3604 5.0523 36.8106 222.5550 0.4580 0.4510   -9.9900
20100003 1997.076182 31.6340 64.2540   50   49.6472 20.3584 5.0521 36.8100 222.5540 0.4570 0.4440   -9.9900
20100003 1997.076182 31.6340 64.2540   52   51.6328 20.3558 5.0518 36.8095 222.5520 0.4450 0.4390   -9.9900
20100003 1997.076182 31.6340 64.2540   54   53.6184 20.3560 5.0520 36.8097 222.4880 0.4430 0.4480   -9.9900
20100003 1997.076182 31.6340 64.2540   56   55.6040 20.3557 5.0520 36.8094 222.4080 0.4420 0.4580   -9.9900
20100003 1997.076182 31.6340 64.2540   58   57.5896 20.3559 5.0521 36.8095 222.4320 0.4420 0.4630   -9.9900
20100003 1997.076182 31.6340 64.2540   60   59.5752 20.3567 5.0523 36.8098 222.2380 0.4420 0.4580   -9.9900
20100003 1997.076182 31.6340 64.2540   62   61.5607 20.3572 5.0525 36.8097 222.0600 0.4410 0.4550   -9.9900
20100003 1997.076182 31.6340 64.2540   64   63.5462 20.3571 5.0525 36.8097 222.0230 0.4420 0.4620   -9.9900
20100003 1997.076182 31.6340 64.2540   66   65.5317 20.3576 5.0527 36.8097 222.1720 0.4420 0.4570   -9.9900
20100003 1997.076182 31.6340 64.2540   68   67.5172 20.3585 5.0529 36.8101 222.3000 0.4410 0.4480   -9.9900
20100003 1997.076182 31.6340 64.2540   70   69.5027 20.3596 5.0532 36.8104 222.2970 0.4410 0.4540   -9.9900
20100003 1997.076182 31.6340 64.2540   72   71.4881 20.3606 5.0534 36.8106 222.2690 0.4410 0.4590   -9.9900
20100003 1997.076182 31.6340 64.2540   74   73.4735 20.3606 5.0535 36.8106 222.1760 0.4410 0.4570   -9.9900
20100003 1997.076182 31.6340 64.2540   76   75.4590 20.3598 5.0534 36.8103 222.0350 0.4410 0.4540   -9.9900
20100003 1997.076182 31.6340 64.2540   78   77.4443 20.3590 5.0534 36.8099 222.1250 0.4410 0.4480   -9.9900
20100003 1997.076182 31.6340 64.2540   80   79.4297 20.3573 5.0532 36.8093 222.1700 0.4400 0.4520   -9.9900
20100003 1997.076182 31.6340 64.2540   82   81.4151 20.3554 5.0530 36.8086 222.2250 0.4390 0.4580   -9.9900
20100003 1997.076182 31.6340 64.2540   84   83.4004 20.3561 5.0532 36.8088 222.1300 0.4380 0.4520   -9.9900
20100003 1997.076182 31.6340 64.2540   86   85.3857 20.3554 5.0532 36.8085 222.1790 0.4390 0.4440   -9.9900
20100003 1997.076182 31.6340 64.2540   88   87.3710 20.3550 5.0532 36.8082 222.3200 0.4390 0.4330   -9.9900
20100003 1997.076182 31.6340 64.2540   90   89.3563 20.3555 5.0534 36.8083 222.2680 0.4390 0.4280   -9.9900
20100003 1997.076182 31.6340 64.2540   92   91.3415 20.3555 5.0534 36.8081 222.1730 0.4390 0.4280   -9.9900
20100003 1997.076182 31.6340 64.2540   94   93.3267 20.3552 5.0535 36.8080 222.0230 0.4390 0.4330   -9.9900
20100003 1997.076182 31.6340 64.2540   96   95.3120 20.3528 5.0532 36.8070 221.8540 0.4380 0.4210   -9.9900
20100003 1997.076182 31.6340 64.2540   98   97.2971 20.3507 5.0530 36.8066 222.1180 0.4370 0.4190   -9.9900
20100003 1997.076182 31.6340 64.2540  100   99.2823 20.3513 5.0531 36.8065 222.3420 0.4370 0.4230   -9.9900
20100003 1997.076182 31.6340 64.2540  102  101.2675 20.3500 5.0531 36.8061 222.1050 0.4370 0.4160   -9.9900
20100003 1997.076182 31.6340 64.2540  104  103.2526 20.3473 5.0527 36.8052 221.9710 0.4360 0.4190   -9.9900
20100003 1997.076182 31.6340 64.2540  106  105.2377 20.3432 5.0523 36.8040 221.8150 0.4350 0.4150   -9.9900
20100003 1997.076182 31.6340 64.2540  108  107.2228 20.3356 5.0513 36.8018 221.5330 0.4340 0.4010   -9.9900
20100003 1997.076182 31.6340 64.2540  110  109.2079 20.3164 5.0489 36.7980 221.1820 0.4320 0.3850   -9.9900
20100003 1997.076182 31.6340 64.2540  112  111.1930 20.3051 5.0475 36.7957 221.0150 0.4310 0.3760   -9.9900
20100003 1997.076182 31.6340 64.2540  114  113.1780 20.3005 5.0469 36.7944 220.4380 0.4300 0.3720   -9.9900
20100003 1997.076182 31.6340 64.2540  116  115.1630 20.2557 5.0409 36.7837 219.5140 0.4260 0.3470   -9.9900
20100003 1997.076182 31.6340 64.2540  118  117.1480 20.1986 5.0335 36.7715 218.4210 0.4220 0.3160   -9.9900
20100003 1997.076182 31.6340 64.2540  120  119.1330 20.1587 5.0283 36.7631 217.7380 0.4190 0.2960   -9.9900
20100003 1997.076182 31.6340 64.2540  122  121.1180 20.1038 5.0212 36.7514 216.8570 0.4140 0.2670   -9.9900
20100003 1997.076182 31.6340 64.2540  124  123.1029 20.0606 5.0155 36.7416 215.6620 0.4110 0.2420   -9.9900
20100003 1997.076182 31.6340 64.2540  126  125.0878 20.0172 5.0098 36.7318 214.8770 0.4100 0.2220   -9.9900
20100003 1997.076182 31.6340 64.2540  128  127.0727 19.9493 5.0011 36.7186 214.0830 0.4080 0.1890   -9.9900
20100003 1997.076182 31.6340 64.2540  130  129.0576 19.9206 4.9977 36.7152 214.0730 0.4070 0.1690   -9.9900
20100003 1997.076182 31.6340 64.2540  132  131.0425 19.8396 4.9880 36.7050 213.4730 0.4050 0.1670   -9.9900
20100003 1997.076182 31.6340 64.2540  134  133.0273 19.7320 4.9753 36.6932 212.4750 0.4060 0.1660   -9.9900
20100003 1997.076182 31.6340 64.2540  136  135.0122 19.6566 4.9665 36.6856 212.0520 0.4050 0.1590   -9.9900
20100003 1997.076182 31.6340 64.2540  138  136.9970 19.5295 4.9519 36.6748 211.1510 0.4040 0.1610   -9.9900
20100003 1997.076182 31.6340 64.2540  140  138.9818 19.4481 4.9426 36.6682 210.4510 0.4030 0.1480   -9.9900
20100003 1997.076182 31.6340 64.2540  142  140.9665 19.3962 4.9366 36.6629 209.5870 0.4020 0.1460   -9.9900
20100003 1997.076182 31.6340 64.2540  144  142.9513 19.3435 4.9304 36.6572 208.6350 0.4010 0.1520   -9.9900
20100003 1997.076182 31.6340 64.2540  146  144.9360 19.2565 4.9202 36.6472 207.3970 0.4000 0.1640   -9.9900
20100003 1997.076182 31.6340 64.2540  148  146.9207 19.1235 4.9046 36.6327 205.6860 0.3970 0.1390   -9.9900
20100003 1997.076182 31.6340 64.2540  150  148.9054 18.8974 4.8782 36.6097 204.4500 0.3950 0.1300   -9.9900
20100003 1997.076182 31.6340 64.2540  152  150.8901 18.8547 4.8734 36.6061 203.0920 0.3940 0.1360   -9.9900
20100003 1997.076182 31.6340 64.2540  154  152.8748 18.7885 4.8659 36.6006 202.9550 0.3940 0.1370   -9.9900
20100003 1997.076182 31.6340 64.2540  156  154.8594 18.7519 4.8619 36.5987 202.7590 0.3930 0.1270   -9.9900
20100003 1997.076182 31.6340 64.2540  158  156.8440 18.7227 4.8587 36.5968 202.4400 0.3930 0.1220   -9.9900
20100003 1997.076182 31.6340 64.2540  160  158.8286 18.7057 4.8569 36.5957 202.1100 0.3910 0.1210   -9.9900
20100003 1997.076182 31.6340 64.2540  162  160.8132 18.6936 4.8556 36.5947 201.9020 0.3900 0.1130   -9.9900
20100003 1997.076182 31.6340 64.2540  164  162.7978 18.6774 4.8538 36.5931 201.5510 0.3900 0.1190   -9.9900
20100003 1997.076182 31.6340 64.2540  166  164.7823 18.6648 4.8524 36.5921 201.7150 0.3900 0.1080   -9.9900
20100003 1997.076182 31.6340 64.2540  168  166.7668 18.6518 4.8510 36.5909 201.5520 0.3900 0.1030   -9.9900
20100003 1997.076182 31.6340 64.2540  170  168.7513 18.6429 4.8501 36.5899 201.4780 0.3900 0.0970   -9.9900
20100003 1997.076182 31.6340 64.2540  172  170.7358 18.6344 4.8492 36.5890 201.4370 0.3900 0.0980   -9.9900
20100003 1997.076182 31.6340 64.2540  174  172.7203 18.6246 4.8481 36.5876 201.4370 0.3900 0.0970   -9.9900
20100003 1997.076182 31.6340 64.2540  176  174.7047 18.5873 4.8437 36.5831 201.4870 0.3890 0.1010   -9.9900
20100003 1997.076182 31.6340 64.2540  178  176.6891 18.5527 4.8399 36.5803 201.6860 0.3890 0.0980   -9.9900
20100003 1997.076182 31.6340 64.2540  180  178.6736 18.5404 4.8385 36.5789 201.9810 0.3880 0.1030   -9.9900
20100003 1997.076182 31.6340 64.2540  182  180.6579 18.5278 4.8372 36.5785 202.0930 0.3880 0.0950   -9.9900
20100003 1997.076182 31.6340 64.2540  184  182.6423 18.5109 4.8354 36.5769 201.9710 0.3880 0.0860   -9.9900
20100003 1997.076182 31.6340 64.2540  186  184.6267 18.4901 4.8331 36.5751 202.0710 0.3870 0.0790   -9.9900
20100003 1997.076182 31.6340 64.2540  188  186.6110 18.4741 4.8313 36.5737 202.2320 0.3870 0.0850   -9.9900
20100003 1997.076182 31.6340 64.2540  190  188.5953 18.4656 4.8305 36.5732 202.4840 0.3860 0.0870   -9.9900
20100003 1997.076182 31.6340 64.2540  192  190.5796 18.4625 4.8302 36.5728 202.4590 0.3860 0.0830   -9.9900
20100003 1997.076182 31.6340 64.2540  194  192.5639 18.4535 4.8292 36.5718 202.5850 0.3860 0.0640   -9.9900
20100003 1997.076182 31.6340 64.2540  196  194.5481 18.4354 4.8272 36.5697 202.9700 0.3860 0.0610   -9.9900
20100003 1997.076182 31.6340 64.2540  198  196.5323 18.4166 4.8250 36.5677 203.3750 0.3860 0.0650   -9.9900
20100003 1997.076182 31.6340 64.2540  200  198.5166 18.4061 4.8239 36.5667 203.6550 0.3860 0.0620   -9.9900
20100003 1997.076182 31.6340 64.2540  202  200.5008 18.4020 4.8235 36.5663 203.7300 0.3860 0.0590   -9.9900
20100003 1997.076182 31.6340 64.2540  204  202.4849 18.3949 4.8228 36.5657 203.8180 0.3860 0.0570   -9.9900
20100003 1997.076182 31.6340 64.2540  206  204.4691 18.3914 4.8225 36.5654 203.8740 0.3860 0.0660   -9.9900
20100003 1997.076182 31.6340 64.2540  208  206.4532 18.3851 4.8218 36.5646 204.0600 0.3860 0.0550   -9.9900
20100003 1997.076182 31.6340 64.2540  210  208.4373 18.3754 4.8208 36.5637 204.3920 0.3860 0.0450   -9.9900
20100003 1997.076182 31.6340 64.2540  212  210.4214 18.3639 4.8195 36.5624 204.4670 0.3860 0.0500   -9.9900
20100003 1997.076182 31.6340 64.2540  214  212.4055 18.3440 4.8173 36.5600 204.6460 0.3850 0.0440   -9.9900
20100003 1997.076182 31.6340 64.2540  216  214.3896 18.3307 4.8158 36.5583 204.7920 0.3850 0.0520   -9.9900
20100003 1997.076182 31.6340 64.2540  218  216.3736 18.3177 4.8144 36.5573 204.9880 0.3840 0.0530   -9.9900
20100003 1997.076182 31.6340 64.2540  220  218.3577 18.3086 4.8135 36.5567 205.4110 0.3830 0.0500   -9.9900
20100003 1997.076182 31.6340 64.2540  222  220.3417 18.2987 4.8124 36.5559 205.6420 0.3830 0.0470   -9.9900
20100003 1997.076182 31.6340 64.2540  224  222.3256 18.2877 4.8112 36.5546 205.8310 0.3830 0.0450   -9.9900
20100003 1997.076182 31.6340 64.2540  226  224.3096 18.2878 4.8113 36.5542 205.9950 0.3830 0.0390   -9.9900
20100003 1997.076182 31.6340 64.2540  228  226.2936 18.2657 4.8087 36.5514 206.2730 0.3830 0.0500   -9.9900
20100003 1997.076182 31.6340 64.2540  230  228.2775 18.2600 4.8081 36.5507 206.3890 0.3830 0.0490   -9.9900
20100003 1997.076182 31.6340 64.2540  232  230.2614 18.2516 4.8073 36.5499 206.5690 0.3830 0.0440   -9.9900
20100003 1997.076182 31.6340 64.2540  234  232.2453 18.2427 4.8063 36.5491 206.7220 0.3830 0.0430   -9.9900
20100003 1997.076182 31.6340 64.2540  236  234.2291 18.2327 4.8053 36.5482 206.8000 0.3830 0.0370   -9.9900
20100003 1997.076182 31.6340 64.2540  238  236.2130 18.2252 4.8045 36.5472 206.7400 0.3830 0.0340   -9.9900
20100003 1997.076182 31.6340 64.2540  240  238.1968 18.2084 4.8024 36.5437 206.5960 0.3830 0.0400   -9.9900
20100003 1997.076182 31.6340 64.2540  242  240.1806 18.1961 4.8009 36.5413 206.5550 0.3830 0.0450   -9.9900
20100003 1997.076182 31.6340 64.2540  244  242.1644 18.1859 4.7997 36.5396 206.6150 0.3830 0.0460   -9.9900
20100003 1997.076182 31.6340 64.2540  246  244.1482 18.1838 4.7997 36.5400 206.6940 0.3830 0.0460   -9.9900
20100003 1997.076182 31.6340 64.2540  248  246.1320 18.1813 4.7995 36.5404 206.7860 0.3830 0.0440   -9.9900
20100003 1997.076182 31.6340 64.2540  250  248.1157 18.1780 4.7993 36.5404 206.8500 0.3840 0.0410   -9.9900
20100003 1997.076182 31.6340 64.2540  252  250.0994 18.1743 4.7991 36.5415 206.9870 0.3830 0.0430   -9.9900
20100003 1997.076182 31.6340 64.2540  254  252.0831 18.1680 4.7985 36.5411 206.9650 0.3830 0.0390   -9.9900
20100003 1997.076182 31.6340 64.2540  256  254.0668 18.1642 4.7982 36.5416 206.7370 0.3830 0.0430   -9.9900
20100003 1997.076182 31.6340 64.2540  258  256.0505 18.1611 4.7980 36.5413 206.8840 0.3830 0.0430   -9.9900
20100003 1997.076182 31.6340 64.2540  260  258.0341 18.1568 4.7976 36.5407 207.1110 0.3830 0.0410   -9.9900
20100003 1997.076182 31.6340 64.2540  262  260.0177 18.1479 4.7966 36.5395 207.2820 0.3830 0.0400   -9.9900
20100003 1997.076182 31.6340 64.2540  264  262.0013 18.1438 4.7963 36.5398 207.3190 0.3830 0.0380   -9.9900
20100003 1997.076182 31.6340 64.2540  266  263.9849 18.1394 4.7959 36.5400 207.3620 0.3830 0.0380   -9.9900
20100003 1997.076182 31.6340 64.2540  268  265.9685 18.1363 4.7956 36.5396 207.5100 0.3840 0.0430   -9.9900
20100003 1997.076182 31.6340 64.2540  270  267.9520 18.1312 4.7951 36.5389 207.6340 0.3840 0.0440   -9.9900
20100003 1997.076182 31.6340 64.2540  272  269.9355 18.1219 4.7941 36.5377 207.7070 0.3840 0.0370   -9.9900
20100003 1997.076182 31.6340 64.2540  274  271.9190 18.1179 4.7937 36.5370 207.8810 0.3840 0.0390   -9.9900
20100003 1997.076182 31.6340 64.2540  276  273.9025 18.1110 4.7930 36.5363 208.0280 0.3840 0.0350   -9.9900
20100003 1997.076182 31.6340 64.2540  278  275.8860 18.1036 4.7922 36.5356 208.2190 0.3840 0.0320   -9.9900
20100003 1997.076182 31.6340 64.2540  280  277.8694 18.1005 4.7920 36.5355 208.4370 0.3830 0.0360   -9.9900
20100003 1997.076182 31.6340 64.2540  282  279.8529 18.0933 4.7912 36.5346 208.3460 0.3830 0.0380   -9.9900
20100003 1997.076182 31.6340 64.2540  284  281.8363 18.0928 4.7913 36.5355 208.5260 0.3830 0.0380   -9.9900
20100003 1997.076182 31.6340 64.2540  286  283.8197 18.0940 4.7916 36.5359 208.7240 0.3830 0.0390   -9.9900
20100003 1997.076182 31.6340 64.2540  288  285.8030 18.0881 4.7910 36.5355 208.8290 0.3830 0.0340   -9.9900
20100003 1997.076182 31.6340 64.2540  290  287.7864 18.0872 4.7910 36.5354 208.5970 0.3840 0.0320   -9.9900
20100003 1997.076182 31.6340 64.2540  292  289.7697 18.0777 4.7900 36.5346 208.6980 0.3840 0.0350   -9.9900
20100003 1997.076182 31.6340 64.2540  294  291.7530 18.0715 4.7894 36.5337 208.7850 0.3850 0.0480   -9.9900
20100003 1997.076182 31.6340 64.2540  296  293.7363 18.0611 4.7882 36.5325 208.8250 0.3850 0.0260   -9.9900
20100003 1997.076182 31.6340 64.2540  298  295.7196 18.0594 4.7881 36.5322 208.9120 0.3850 0.0330   -9.9900
20100003 1997.076182 31.6340 64.2540  300  297.7029 18.0531 4.7875 36.5316 208.9910 0.3850 0.0410   -9.9900
20100003 1997.076182 31.6340 64.2540  302  299.6861 18.0483 4.7871 36.5315 209.2150 0.3840 0.0410   -9.9900
20100003 1997.076182 31.6340 64.2540  304  301.6693 18.0464 4.7869 36.5315 209.1440 0.3850 0.0330   -9.9900
20100003 1997.076182 31.6340 64.2540  306  303.6525 18.0414 4.7865 36.5314 209.2820 0.3850 0.0310   -9.9900
20100003 1997.076182 31.6340 64.2540  308  305.6357 18.0386 4.7863 36.5310 209.2470 0.3840 0.0380   -9.9900
20100003 1997.076182 31.6340 64.2540  310  307.6189 18.0309 4.7854 36.5298 209.1550 0.3850 0.0390   -9.9900
20100003 1997.076182 31.6340 64.2540  312  309.6020 18.0222 4.7844 36.5286 209.2730 0.3850 0.0430   -9.9900
20100003 1997.076182 31.6340 64.2540  314  311.5851 18.0179 4.7840 36.5281 209.3860 0.3850 0.0430   -9.9900
20100003 1997.076182 31.6340 64.2540  316  313.5682 18.0122 4.7834 36.5272 209.5460 0.3850 0.0370   -9.9900
20100003 1997.076182 31.6340 64.2540  318  315.5513 18.0082 4.7830 36.5266 209.4550 0.3850 0.0360   -9.9900
20100003 1997.076182 31.6340 64.2540  320  317.5344 18.0024 4.7824 36.5259 209.2860 0.3850 0.0360   -9.9900
20100003 1997.076182 31.6340 64.2540  322  319.5174 17.9965 4.7818 36.5249 209.2650 0.3850 0.0340   -9.9900
20100003 1997.076182 31.6340 64.2540  324  321.5005 17.9910 4.7812 36.5240 209.2820 0.3850 0.0330   -9.9900
20100003 1997.076182 31.6340 64.2540  326  323.4835 17.9865 4.7807 36.5233 209.3370 0.3850 0.0300   -9.9900
20100003 1997.076182 31.6340 64.2540  328  325.4665 17.9812 4.7802 36.5225 209.3390 0.3850 0.0280   -9.9900
20100003 1997.076182 31.6340 64.2540  330  327.4494 17.9763 4.7797 36.5218 209.3760 0.3850 0.0280   -9.9900
20100003 1997.076182 31.6340 64.2540  332  329.4324 17.9730 4.7794 36.5212 209.3630 0.3850 0.0390   -9.9900
20100003 1997.076182 31.6340 64.2540  334  331.4153 17.9694 4.7790 36.5206 209.3790 0.3850 0.0400   -9.9900
20100003 1997.076182 31.6340 64.2540  336  333.3982 17.9651 4.7786 36.5201 209.4510 0.3850 0.0390   -9.9900
20100003 1997.076182 31.6340 64.2540  338  335.3811 17.9631 4.7784 36.5200 209.5230 0.3850 0.0370   -9.9900
20100003 1997.076182 31.6340 64.2540  340  337.3640 17.9614 4.7783 36.5199 209.5420 0.3850 0.0390   -9.9900
20100003 1997.076182 31.6340 64.2540  342  339.3469 17.9567 4.7779 36.5192 209.3850 0.3850 0.0380   -9.9900
20100003 1997.076182 31.6340 64.2540  344  341.3297 17.9502 4.7772 36.5185 209.3300 0.3850 0.0360   -9.9900
20100003 1997.076182 31.6340 64.2540  346  343.3125 17.9476 4.7770 36.5180 209.3690 0.3850 0.0380   -9.9900
20100003 1997.076182 31.6340 64.2540  348  345.2953 17.9455 4.7768 36.5176 209.3150 0.3850 0.0330   -9.9900
20100003 1997.076182 31.6340 64.2540  350  347.2781 17.9376 4.7759 36.5164 209.3280 0.3860 0.0350   -9.9900
20100003 1997.076182 31.6340 64.2540  352  349.2609 17.9311 4.7752 36.5152 209.0570 0.3860 0.0380   -9.9900
20100003 1997.076182 31.6340 64.2540  354  351.2436 17.9191 4.7738 36.5129 209.0390 0.3850 0.0340   -9.9900
20100003 1997.076182 31.6340 64.2540  356  353.2263 17.9106 4.7728 36.5117 209.0730 0.3860 0.0380   -9.9900
20100003 1997.076182 31.6340 64.2540  358  355.2090 17.9056 4.7723 36.5110 209.1380 0.3850 0.0430   -9.9900
20100003 1997.076182 31.6340 64.2540  360  357.1917 17.9014 4.7719 36.5102 209.1160 0.3860 0.0400   -9.9900
20100003 1997.076182 31.6340 64.2540  362  359.1744 17.9034 4.7724 36.5121 209.1760 0.3860 0.0450   -9.9900
20100003 1997.076182 31.6340 64.2540  364  361.1570 17.9032 4.7726 36.5129 209.3640 0.3860 0.0390   -9.9900
20100003 1997.076182 31.6340 64.2540  366  363.1397 17.8997 4.7722 36.5122 209.4150 0.3860 0.0380   -9.9900
20100003 1997.076182 31.6340 64.2540  368  365.1223 17.8862 4.7706 36.5096 209.1280 0.3860 0.0400   -9.9900
20100003 1997.076182 31.6340 64.2540  370  367.1049 17.8707 4.7688 36.5073 209.1410 0.3860 0.0260   -9.9900
20100003 1997.076182 31.6340 64.2540  372  369.0874 17.8687 4.7686 36.5068 209.1230 0.3860 0.0330   -9.9900
20100003 1997.076182 31.6340 64.2540  374  371.0700 17.8621 4.7679 36.5058 209.0750 0.3860 0.0310   -9.9900
20100003 1997.076182 31.6340 64.2540  376  373.0525 17.8548 4.7671 36.5043 208.9070 0.3860 0.0290   -9.9900
20100003 1997.076182 31.6340 64.2540  378  375.0350 17.8431 4.7656 36.5015 208.8290 0.3860 0.0290   -9.9900
20100003 1997.076182 31.6340 64.2540  380  377.0175 17.8244 4.7633 36.4976 208.6410 0.3860 0.0390   -9.9900
20100003 1997.076182 31.6340 64.2540  382  379.0000 17.8085 4.7613 36.4941 208.4770 0.3860 0.0380   -9.9900
20100003 1997.076182 31.6340 64.2540  384  380.9824 17.7964 4.7598 36.4911 208.2930 0.3870 0.0410   -9.9900
20100003 1997.076182 31.6340 64.2540  386  382.9649 17.7778 4.7574 36.4864 208.0580 0.3870 0.0390   -9.9900
20100003 1997.076182 31.6340 64.2540  388  384.9473 17.7585 4.7550 36.4823 207.7870 0.3860 0.0370   -9.9900
20100003 1997.076182 31.6340 64.2540  390  386.9297 17.7389 4.7526 36.4785 207.3200 0.3860 0.0320   -9.9900
20100003 1997.076182 31.6340 64.2540  392  388.9121 17.7231 4.7507 36.4752 206.9450 0.3860 0.0300   -9.9900
20100003 1997.076182 31.6340 64.2540  394  390.8944 17.7005 4.7479 36.4706 206.5950 0.3860 0.0300   -9.9900
20100003 1997.076182 31.6340 64.2540  396  392.8768 17.6774 4.7451 36.4665 206.4520 0.3860 0.0410   -9.9900
20100003 1997.076182 31.6340 64.2540  398  394.8591 17.6678 4.7440 36.4643 206.1390 0.3860 0.0400   -9.9900
20100003 1997.076182 31.6340 64.2540  400  396.8414 17.6517 4.7421 36.4617 205.7610 0.3860 0.0390   -9.9900
20100003 1997.076182 31.6340 64.2540  402  398.8237 17.6355 4.7402 36.4593 205.6470 0.3860 0.0390   -9.9900
20100003 1997.076182 31.6340 64.2540  404  400.8060 17.6187 4.7383 36.4567 205.5690 0.3860 0.0360   -9.9900
20100003 1997.076182 31.6340 64.2540  406  402.7882 17.5962 4.7356 36.4526 205.4690 0.3860 0.0320   -9.9900
20100003 1997.076182 31.6340 64.2540  408  404.7704 17.5753 4.7331 36.4492 205.0330 0.3860 0.0340   -9.9900
20100003 1997.076182 31.6340 64.2540  410  406.7526 17.5632 4.7317 36.4473 204.6010 0.3870 0.0330   -9.9900
20100003 1997.076182 31.6340 64.2540  412  408.7348 17.5304 4.7275 36.4397 204.5620 0.3870 0.0340   -9.9900
20100003 1997.076182 31.6340 64.2540  414  410.7170 17.5292 4.7273 36.4385 203.9630 0.3870 0.0360   -9.9900
20100003 1997.076182 31.6340 64.2540  416  412.6991 17.4731 4.7205 36.4285 203.8270 0.3870 0.0400   -9.9900
20100003 1997.076182 31.6340 64.2540  418  414.6813 17.4524 4.7181 36.4258 203.6800 0.3870 0.0380   -9.9900
20100003 1997.076182 31.6340 64.2540  420  416.6634 17.4259 4.7149 36.4206 203.2590 0.3870 0.0280   -9.9900
20100003 1997.076182 31.6340 64.2540  422  418.6455 17.3925 4.7107 36.4141 202.9110 0.3870 0.0260   -9.9900
20100003 1997.076182 31.6340 64.2540  424  420.6276 17.3800 4.7093 36.4119 202.7090 0.3870 0.0330   -9.9900
20100003 1997.076182 31.6340 64.2540  426  422.6096 17.3672 4.7077 36.4092 202.3440 0.3880 0.0420   -9.9900
20100003 1997.076182 31.6340 64.2540  428  424.5916 17.3292 4.7031 36.4018 201.8810 0.3880 0.0400   -9.9900
20100003 1997.076182 31.6340 64.2540  430  426.5737 17.3152 4.7014 36.3994 201.6300 0.3870 0.0390   -9.9900
20100003 1997.076182 31.6340 64.2540  432  428.5557 17.3047 4.7002 36.3971 201.5240 0.3880 0.0380   -9.9900
20100003 1997.076182 31.6340 64.2540  434  430.5376 17.2582 4.6944 36.3882 201.0320 0.3880 0.0400   -9.9900
20100003 1997.076182 31.6340 64.2540  436  432.5196 17.2186 4.6896 36.3809 200.5870 0.3880 0.0430   -9.9900
20100003 1997.076182 31.6340 64.2540  438  434.5015 17.1768 4.6845 36.3732 200.0930 0.3870 0.0410   -9.9900
20100003 1997.076182 31.6340 64.2540  440  436.4835 17.1695 4.6836 36.3716 200.0670 0.3880 0.0450   -9.9900
20100003 1997.076182 31.6340 64.2540  442  438.4654 17.1469 4.6809 36.3672 199.5290 0.3880 0.0360   -9.9900
20100003 1997.076182 31.6340 64.2540  444  440.4473 17.1142 4.6769 36.3612 199.0520 0.3870 0.0380   -9.9900
20100003 1997.076182 31.6340 64.2540  446  442.4291 17.0941 4.6745 36.3576 199.1840 0.3870 0.0460   -9.9900
20100003 1997.076182 31.6340 64.2540  448  444.4110 17.0852 4.6733 36.3544 198.7440 0.3870 0.0460   -9.9900
20100003 1997.076182 31.6340 64.2540  450  446.3928 17.0473 4.6687 36.3476 198.6180 0.3870 0.0430   -9.9900
20100003 1997.076182 31.6340 64.2540  452  448.3746 16.9979 4.6628 36.3398 198.3910 0.3880 0.0390   -9.9900
20100003 1997.076182 31.6340 64.2540  454  450.3564 16.9587 4.6581 36.3332 198.0870 0.3880 0.0310   -9.9900
20100003 1997.076182 31.6340 64.2540  456  452.3382 16.9471 4.6568 36.3313 197.9700 0.3870 0.0350   -9.9900
20100003 1997.076182 31.6340 64.2540  458  454.3199 16.9417 4.6562 36.3303 197.7370 0.3880 0.0360   -9.9900
20100003 1997.076182 31.6340 64.2540  460  456.3016 16.9266 4.6545 36.3276 197.5070 0.3880 0.0340   -9.9900
20100003 1997.076182 31.6340 64.2540  462  458.2834 16.9041 4.6518 36.3237 197.2850 0.3880 0.0320   -9.9900
20100003 1997.076182 31.6340 64.2540  464  460.2651 16.8862 4.6498 36.3211 197.0770 0.3880 0.0290   -9.9900
20100003 1997.076182 31.6340 64.2540  466  462.2467 16.8751 4.6485 36.3194 196.8410 0.3880 0.0290   -9.9900
20100003 1997.076182 31.6340 64.2540  468  464.2284 16.8600 4.6468 36.3169 196.6540 0.3880 0.0290   -9.9900
20100003 1997.076182 31.6340 64.2540  470  466.2100 16.8144 4.6412 36.3088 196.2890 0.3930 0.0320   -9.9900
20100003 1997.076182 31.6340 64.2540  472  468.1916 16.7696 4.6358 36.3008 195.9610 0.3920 0.0350   -9.9900
20100003 1997.076182 31.6340 64.2540  474  470.1732 16.7117 4.6289 36.2910 195.5690 0.3870 0.0370   -9.9900
20100003 1997.076182 31.6340 64.2540  476  472.1548 16.6979 4.6272 36.2882 195.7590 0.3880 0.0370   -9.9900
20100003 1997.076182 31.6340 64.2540  478  474.1364 16.6777 4.6248 36.2842 195.6090 0.3880 0.0340   -9.9900
20100003 1997.076182 31.6340 64.2540  480  476.1179 16.6479 4.6213 36.2796 195.2590 0.3880 0.0290   -9.9900
20100003 1997.076182 31.6340 64.2540  482  478.0994 16.6344 4.6197 36.2774 194.4850 0.3880 0.0340   -9.9900
20100003 1997.076182 31.6340 64.2540  484  480.0809 16.6208 4.6182 36.2753 194.3610 0.3880 0.0310   -9.9900
20100003 1997.076182 31.6340 64.2540  486  482.0624 16.6057 4.6164 36.2726 194.0600 0.3880 0.0300   -9.9900
20100003 1997.076182 31.6340 64.2540  488  484.0439 16.5884 4.6144 36.2694 193.8600 0.3880 0.0340   -9.9900
20100003 1997.076182 31.6340 64.2540  490  486.0253 16.5250 4.6067 36.2578 193.4690 0.3880 0.0270   -9.9900
20100003 1997.076182 31.6340 64.2540  492  488.0068 16.4875 4.6022 36.2517 192.6460 0.3880 0.0370   -9.9900
20100003 1997.076182 31.6340 64.2540  494  489.9882 16.4572 4.5986 36.2461 191.7940 0.3880 0.0470   -9.9900
20100003 1997.076182 31.6340 64.2540  496  491.9696 16.4417 4.5967 36.2431 190.9420 0.3880 0.0430   -9.9900
20100003 1997.076182 31.6340 64.2540  498  493.9509 16.4247 4.5947 36.2401 190.0740 0.3880 0.0390   -9.9900
20100003 1997.076182 31.6340 64.2540  500  495.9323 16.4086 4.5928 36.2371 189.3730 0.3880 0.0390   -9.9900
20100003 1997.076182 31.6340 64.2540  502  497.9136 16.3693 4.5881 36.2298 188.2840 0.3880 0.0370   -9.9900
20100003 1997.076182 31.6340 64.2540  504  499.8949 16.3189 4.5819 36.2199 187.3290 0.3890 0.0400   -9.9900
