20215001 2006.703881 31.6655 65.3434    6    5.9583 25.1128 5.5360 36.6131 211.1000 -9.9900 0.0120   -9.9900
20215001 2006.703881 31.6655 65.3434    8    7.9443 24.9952 5.5232 36.6128 211.3700 -9.9900 0.0120   -9.9900
20215001 2006.703881 31.6655 65.3434   10    9.9304 24.9116 5.5141 36.6126 211.5700 -9.9900 0.0120   -9.9900
20215001 2006.703881 31.6655 65.3434   12   11.9164 24.8706 5.5096 36.6126 211.7000 -9.9900 0.0110   -9.9900
20215001 2006.703881 31.6655 65.3434   14   13.9024 24.8500 5.5074 36.6126 211.8700 -9.9900 0.0110   -9.9900
20215001 2006.703881 31.6655 65.3434   16   15.8884 24.8369 5.5059 36.6121 212.0800 -9.9900 0.0110   -9.9900
20215001 2006.703881 31.6655 65.3434   18   17.8743 24.8096 5.5028 36.6113 212.6600 -9.9900 0.0110   -9.9900
20215001 2006.703881 31.6655 65.3434   20   19.8603 24.7580 5.4971 36.6106 213.1400 -9.9900 0.0130   -9.9900
20215001 2006.703881 31.6655 65.3434   22   21.8462 24.6889 5.4895 36.6092 213.3400 -9.9900 0.0110   -9.9900
20215001 2006.703881 31.6655 65.3434   24   23.8321 24.6090 5.4810 36.6108 213.6800 -9.9900 0.0140   -9.9900
20215001 2006.703881 31.6655 65.3434   26   25.8180 24.5318 5.4729 36.6125 214.9800 -9.9900 0.0110   -9.9900
20215001 2006.703881 31.6655 65.3434   28   27.8038 24.4349 5.4624 36.6127 215.6500 -9.9900 0.0130   -9.9900
20215001 2006.703881 31.6655 65.3434   30   29.7897 24.3016 5.4478 36.6117 215.5300 -9.9900 0.0110   -9.9900
20215001 2006.703881 31.6655 65.3434   32   31.7755 24.0088 5.4160 36.6107 216.4800 -9.9900 0.0140   -9.9900
20215001 2006.703881 31.6655 65.3434   34   33.7613 23.6547 5.3789 36.6189 216.8200 -9.9900 0.0140   -9.9900
20215001 2006.703881 31.6655 65.3434   36   35.7471 23.3569 5.3476 36.6249 217.7100 -9.9900 0.0150   -9.9900
20215001 2006.703881 31.6655 65.3434   38   37.7329 23.1411 5.3248 36.6288 218.5500 -9.9900 0.0150   -9.9900
20215001 2006.703881 31.6655 65.3434   40   39.7186 22.6906 5.2774 36.6362 219.3700 -9.9900 0.0150   -9.9900
20215001 2006.703881 31.6655 65.3434   42   41.7043 22.2103 5.2272 36.6462 220.6500 -9.9900 0.0140   -9.9900
20215001 2006.703881 31.6655 65.3434   44   43.6900 21.5510 5.1584 36.6599 221.1000 -9.9900 0.0150   -9.9900
20215001 2006.703881 31.6655 65.3434   46   45.6757 21.2513 5.1262 36.6583 221.3700 -9.9900 0.0170   -9.9900
20215001 2006.703881 31.6655 65.3434   48   47.6614 20.5873 5.0543 36.6474 221.4800 -9.9900 0.0210   -9.9900
20215001 2006.703881 31.6655 65.3434   50   49.6470 19.6975 4.9609 36.6541 220.9500 -9.9900 0.0180   -9.9900
20215001 2006.703881 31.6655 65.3434   52   51.6327 19.3477 4.9250 36.6618 220.0000 -9.9900 0.0160   -9.9900
20215001 2006.703881 31.6655 65.3434   54   53.6183 19.1415 4.9022 36.6531 219.3000 -9.9900 0.0170   -9.9900
20215001 2006.703881 31.6655 65.3434   56   55.6039 19.0456 4.8916 36.6487 217.7800 -9.9900 0.0190   -9.9900
20215001 2006.703881 31.6655 65.3434   58   57.5895 18.9978 4.8863 36.6464 216.7400 -9.9900 0.0210   -9.9900
20215001 2006.703881 31.6655 65.3434   60   59.5750 18.9181 4.8775 36.6424 214.6800 -9.9900 0.0240   -9.9900
20215001 2006.703881 31.6655 65.3434   62   61.5605 18.8717 4.8723 36.6398 214.0700 -9.9900 0.0220   -9.9900
20215001 2006.703881 31.6655 65.3434   64   63.5461 18.8446 4.8693 36.6382 212.7800 -9.9900 0.0240   -9.9900
20215001 2006.703881 31.6655 65.3434   66   65.5316 18.8159 4.8660 36.6361 211.3700 -9.9900 0.0240   -9.9900
20215001 2006.703881 31.6655 65.3434   68   67.5170 18.7764 4.8616 36.6335 211.2100 -9.9900 0.0230   -9.9900
20215001 2006.703881 31.6655 65.3434   70   69.5025 18.7446 4.8580 36.6319 211.2700 -9.9900 0.0220   -9.9900
20215001 2006.703881 31.6655 65.3434   72   71.4879 18.7057 4.8537 36.6298 211.3400 -9.9900 0.0210   -9.9900
20215001 2006.703881 31.6655 65.3434   74   73.4734 18.6989 4.8529 36.6291 211.1400 -9.9900 0.0190   -9.9900
20215001 2006.703881 31.6655 65.3434   76   75.4588 18.6884 4.8517 36.6286 211.2100 -9.9900 0.0170   -9.9900
20215001 2006.703881 31.6655 65.3434   78   77.4441 18.6844 4.8513 36.6285 211.4800 -9.9900 0.0190   -9.9900
20215001 2006.703881 31.6655 65.3434   80   79.4295 18.6760 4.8503 36.6274 211.4000 -9.9900 0.0200   -9.9900
20215001 2006.703881 31.6655 65.3434   82   81.4148 18.6630 4.8489 36.6272 211.8100 -9.9900 0.0210   -9.9900
20215001 2006.703881 31.6655 65.3434   84   83.4002 18.6579 4.8484 36.6270 211.9000 -9.9900 0.0190   -9.9900
20215001 2006.703881 31.6655 65.3434   86   85.3855 18.6487 4.8474 36.6267 212.0300 -9.9900 0.0180   -9.9900
20215001 2006.703881 31.6655 65.3434   88   87.3708 18.6443 4.8469 36.6267 212.1400 -9.9900 0.0160   -9.9900
20215001 2006.703881 31.6655 65.3434   90   89.3560 18.6405 4.8465 36.6268 212.5600 -9.9900 0.0140   -9.9900
20215001 2006.703881 31.6655 65.3434   92   91.3413 18.6355 4.8460 36.6269 212.7200 -9.9900 0.0160   -9.9900
20215001 2006.703881 31.6655 65.3434   94   93.3265 18.6334 4.8458 36.6271 212.3900 -9.9900 0.0150   -9.9900
20215001 2006.703881 31.6655 65.3434   96   95.3117 18.6305 4.8455 36.6273 212.9100 -9.9900 0.0130   -9.9900
20215001 2006.703881 31.6655 65.3434   98   97.2969 18.6288 4.8454 36.6276 213.0500 -9.9900 0.0090   -9.9900
20215001 2006.703881 31.6655 65.3434  100   99.2821 18.6285 4.8453 36.6273 213.1600 -9.9900 0.0130   -9.9900
20215001 2006.703881 31.6655 65.3434  102  101.2672 18.6278 4.8453 36.6275 213.6200 -9.9900 0.0120   -9.9900
20215001 2006.703881 31.6655 65.3434  104  103.2523 18.6266 4.8451 36.6271 213.7400 -9.9900 0.0110   -9.9900
20215001 2006.703881 31.6655 65.3434  106  105.2375 18.6258 4.8450 36.6272 213.6600 -9.9900 0.0130   -9.9900
20215001 2006.703881 31.6655 65.3434  108  107.2225 18.6249 4.8449 36.6273 213.9300 -9.9900 0.0110   -9.9900
20215001 2006.703881 31.6655 65.3434  110  109.2076 18.6240 4.8448 36.6273 214.0900 -9.9900 0.0100   -9.9900
20215001 2006.703881 31.6655 65.3434  112  111.1927 18.6229 4.8447 36.6272 214.2000 -9.9900 0.0090   -9.9900
20215001 2006.703881 31.6655 65.3434  114  113.1777 18.6216 4.8446 36.6271 214.1600 -9.9900 0.0090   -9.9900
20215001 2006.703881 31.6655 65.3434  116  115.1627 18.6208 4.8445 36.6271 214.2700 -9.9900 0.0100   -9.9900
20215001 2006.703881 31.6655 65.3434  118  117.1477 18.6204 4.8444 36.6271 214.4400 -9.9900 0.0110   -9.9900
20215001 2006.703881 31.6655 65.3434  120  119.1327 18.6200 4.8444 36.6272 214.6600 -9.9900 0.0100   -9.9900
20215001 2006.703881 31.6655 65.3434  122  121.1177 18.6195 4.8444 36.6272 214.8700 -9.9900 0.0100   -9.9900
20215001 2006.703881 31.6655 65.3434  124  123.1026 18.6187 4.8443 36.6270 214.7000 -9.9900 0.0100   -9.9900
20215001 2006.703881 31.6655 65.3434  126  125.0875 18.6170 4.8441 36.6269 214.7800 -9.9900 0.0100   -9.9900
20215001 2006.703881 31.6655 65.3434  128  127.0724 18.6144 4.8438 36.6269 215.0600 -9.9900 0.0100   -9.9900
20215001 2006.703881 31.6655 65.3434  130  129.0573 18.6136 4.8437 36.6269 215.0400 -9.9900 0.0100   -9.9900
20215001 2006.703881 31.6655 65.3434  132  131.0422 18.6119 4.8436 36.6271 215.0800 -9.9900 0.0110   -9.9900
20215001 2006.703881 31.6655 65.3434  134  133.0270 18.6103 4.8434 36.6270 215.2800 -9.9900 0.0120   -9.9900
20215001 2006.703881 31.6655 65.3434  136  135.0118 18.6086 4.8432 36.6270 215.1400 -9.9900 0.0090   -9.9900
20215001 2006.703881 31.6655 65.3434  138  136.9966 18.6078 4.8431 36.6269 215.1600 -9.9900 0.0090   -9.9900
20215001 2006.703881 31.6655 65.3434  140  138.9814 18.6071 4.8430 36.6268 215.1500 -9.9900 0.0090   -9.9900
20215001 2006.703881 31.6655 65.3434  142  140.9662 18.6051 4.8428 36.6267 215.3400 -9.9900 0.0090   -9.9900
20215001 2006.703881 31.6655 65.3434  144  142.9509 18.6033 4.8426 36.6265 215.5200 -9.9900 0.0100   -9.9900
20215001 2006.703881 31.6655 65.3434  146  144.9357 18.6011 4.8423 36.6264 215.6300 -9.9900 0.0100   -9.9900
20215001 2006.703881 31.6655 65.3434  148  146.9204 18.5977 4.8419 36.6260 215.6500 -9.9900 0.0100   -9.9900
20215001 2006.703881 31.6655 65.3434  150  148.9051 18.5947 4.8416 36.6259 215.4700 -9.9900 0.0060   -9.9900
20215001 2006.703881 31.6655 65.3434  152  150.8897 18.5929 4.8414 36.6256 215.3300 -9.9900 0.0080   -9.9900
20215001 2006.703881 31.6655 65.3434  154  152.8744 18.5895 4.8410 36.6253 215.2800 -9.9900 0.0100   -9.9900
20215001 2006.703881 31.6655 65.3434  156  154.8590 18.5854 4.8405 36.6250 215.4100 -9.9900 0.0100   -9.9900
20215001 2006.703881 31.6655 65.3434  158  156.8436 18.5827 4.8402 36.6248 215.3200 -9.9900 0.0100   -9.9900
20215001 2006.703881 31.6655 65.3434  160  158.8282 18.5790 4.8398 36.6246 215.6200 -9.9900 0.0080   -9.9900
20215001 2006.703881 31.6655 65.3434  162  160.8128 18.5748 4.8393 36.6240 215.5200 -9.9900 0.0090   -9.9900
20215001 2006.703881 31.6655 65.3434  164  162.7973 18.5667 4.8383 36.6231 215.5100 -9.9900 0.0110   -9.9900
20215001 2006.703881 31.6655 65.3434  166  164.7819 18.5574 4.8373 36.6222 215.6700 -9.9900 0.0080   -9.9900
20215001 2006.703881 31.6655 65.3434  168  166.7664 18.5539 4.8369 36.6220 215.4400 -9.9900 0.0070   -9.9900
20215001 2006.703881 31.6655 65.3434  170  168.7509 18.5528 4.8368 36.6220 215.3900 -9.9900 0.0100   -9.9900
20215001 2006.703881 31.6655 65.3434  172  170.7354 18.5498 4.8364 36.6217 215.3400 -9.9900 0.0090   -9.9900
20215001 2006.703881 31.6655 65.3434  174  172.7198 18.5468 4.8361 36.6217 215.3600 -9.9900 0.0090   -9.9900
20215001 2006.703881 31.6655 65.3434  176  174.7043 18.5449 4.8359 36.6214 215.2900 -9.9900 0.0100   -9.9900
20215001 2006.703881 31.6655 65.3434  178  176.6887 18.5403 4.8353 36.6208 215.2100 -9.9900 0.0110   -9.9900
20215001 2006.703881 31.6655 65.3434  180  178.6731 18.5345 4.8346 36.6203 215.2600 -9.9900 0.0100   -9.9900
20215001 2006.703881 31.6655 65.3434  182  180.6575 18.5312 4.8343 36.6201 215.3300 -9.9900 0.0090   -9.9900
20215001 2006.703881 31.6655 65.3434  184  182.6418 18.5276 4.8339 36.6198 215.4100 -9.9900 0.0100   -9.9900
20215001 2006.703881 31.6655 65.3434  186  184.6262 18.5250 4.8336 36.6195 215.4400 -9.9900 0.0110   -9.9900
20215001 2006.703881 31.6655 65.3434  188  186.6105 18.5221 4.8332 36.6193 215.2900 -9.9900 0.0090   -9.9900
20215001 2006.703881 31.6655 65.3434  190  188.5948 18.5186 4.8328 36.6189 215.1300 -9.9900 0.0060   -9.9900
20215001 2006.703881 31.6655 65.3434  192  190.5791 18.5095 4.8318 36.6180 214.8900 -9.9900 0.0060   -9.9900
20215001 2006.703881 31.6655 65.3434  194  192.5634 18.4988 4.8305 36.6172 214.9200 -9.9900 0.0100   -9.9900
20215001 2006.703881 31.6655 65.3434  196  194.5476 18.4923 4.8298 36.6168 215.0700 -9.9900 0.0090   -9.9900
20215001 2006.703881 31.6655 65.3434  198  196.5318 18.4849 4.8290 36.6161 215.1400 -9.9900 0.0090   -9.9900
20215001 2006.703881 31.6655 65.3434  200  198.5160 18.4773 4.8281 36.6153 214.9800 -9.9900 0.0090   -9.9900
20215001 2006.703881 31.6655 65.3434  202  200.5002 18.4648 4.8266 36.6141 214.7800 -9.9900 0.0080   -9.9900
20215001 2006.703881 31.6655 65.3434  204  202.4844 18.4503 4.8249 36.6125 214.6700 -9.9900 0.0050   -9.9900
20215001 2006.703881 31.6655 65.3434  206  204.4686 18.4442 4.8242 36.6117 214.7100 -9.9900 0.0060   -9.9900
20215001 2006.703881 31.6655 65.3434  208  206.4527 18.4387 4.8235 36.6111 214.8300 -9.9900 0.0090   -9.9900
20215001 2006.703881 31.6655 65.3434  210  208.4368 18.4365 4.8234 36.6115 214.9300 -9.9900 0.0100   -9.9900
20215001 2006.703881 31.6655 65.3434  212  210.4209 18.4346 4.8232 36.6118 214.9100 -9.9900 0.0090   -9.9900
20215001 2006.703881 31.6655 65.3434  214  212.4050 18.4320 4.8229 36.6114 215.0700 -9.9900 0.0090   -9.9900
20215001 2006.703881 31.6655 65.3434  216  214.3890 18.4288 4.8225 36.6108 215.0600 -9.9900 0.0100   -9.9900
20215001 2006.703881 31.6655 65.3434  218  216.3731 18.4244 4.8219 36.6103 215.2100 -9.9900 0.0070   -9.9900
20215001 2006.703881 31.6655 65.3434  220  218.3571 18.4164 4.8210 36.6092 215.0700 -9.9900 0.0100   -9.9900
20215001 2006.703881 31.6655 65.3434  222  220.3411 18.4070 4.8198 36.6079 214.5100 -9.9900 0.0070   -9.9900
20215001 2006.703881 31.6655 65.3434  224  222.3251 18.3978 4.8188 36.6071 215.0100 -9.9900 0.0090   -9.9900
20215001 2006.703881 31.6655 65.3434  226  224.3090 18.3926 4.8182 36.6068 214.8000 -9.9900 0.0080   -9.9900
20215001 2006.703881 31.6655 65.3434  228  226.2930 18.3856 4.8174 36.6065 214.8000 -9.9900 0.0050   -9.9900
20215001 2006.703881 31.6655 65.3434  230  228.2769 18.3827 4.8171 36.6064 215.0600 -9.9900 0.0060   -9.9900
20215001 2006.703881 31.6655 65.3434  232  230.2608 18.3800 4.8168 36.6062 215.2500 -9.9900 0.0070   -9.9900
20215001 2006.703881 31.6655 65.3434  234  232.2447 18.3776 4.8166 36.6061 215.3400 -9.9900 0.0080   -9.9900
20215001 2006.703881 31.6655 65.3434  236  234.2285 18.3742 4.8162 36.6060 215.3700 -9.9900 0.0090   -9.9900
20215001 2006.703881 31.6655 65.3434  238  236.2124 18.3742 4.8162 36.6061 214.9400 -9.9900 0.0070   -9.9900
20215001 2006.703881 31.6655 65.3434  240  238.1962 18.3741 4.8162 36.6059 214.9700 -9.9900 0.0080   -9.9900
20215001 2006.703881 31.6655 65.3434  242  240.1800 18.3728 4.8160 36.6056 215.3800 -9.9900 0.0080   -9.9900
20215001 2006.703881 31.6655 65.3434  244  242.1638 18.3679 4.8154 36.6047 215.7900 -9.9900 0.0090   -9.9900
20215001 2006.703881 31.6655 65.3434  246  244.1476 18.3597 4.8144 36.6039 215.7500 -9.9900 0.0090   -9.9900
20215001 2006.703881 31.6655 65.3434  248  246.1313 18.3530 4.8137 36.6035 215.6700 -9.9900 0.0090   -9.9900
20215001 2006.703881 31.6655 65.3434  250  248.1151 18.3505 4.8134 36.6035 215.7200 -9.9900 0.0090   -9.9900
20215001 2006.703881 31.6655 65.3434  252  250.0988 18.3501 4.8134 36.6036 215.7900 -9.9900 0.0080   -9.9900
20215001 2006.703881 31.6655 65.3434  254  252.0825 18.3505 4.8135 36.6044 214.7100 -9.9900 0.0050   -9.9900
20215001 2006.703881 31.6655 65.3434  256  254.0661 18.3495 4.8135 36.6054 214.7300 -9.9900 0.0070   -9.9900
20215001 2006.703881 31.6655 65.3434  258  256.0498 18.3496 4.8136 36.6059 214.5800 -9.9900 0.0090   -9.9900
20215001 2006.703881 31.6655 65.3434  260  258.0334 18.3509 4.8138 36.6065 214.4700 -9.9900 0.0090   -9.9900
20215001 2006.703881 31.6655 65.3434  262  260.0170 18.3457 4.8131 36.6054 215.2200 -9.9900 0.0080   -9.9900
20215001 2006.703881 31.6655 65.3434  264  262.0006 18.3382 4.8121 36.6036 215.6000 -9.9900 0.0090   -9.9900
20215001 2006.703881 31.6655 65.3434  266  263.9842 18.3293 4.8110 36.6015 215.7300 -9.9900 0.0080   -9.9900
20215001 2006.703881 31.6655 65.3434  268  265.9678 18.3258 4.8105 36.6008 215.8600 -9.9900 0.0080   -9.9900
20215001 2006.703881 31.6655 65.3434  270  267.9513 18.3226 4.8101 36.6003 216.0700 -9.9900 0.0080   -9.9900
20215001 2006.703881 31.6655 65.3434  272  269.9348 18.3190 4.8097 36.5994 216.2500 -9.9900 0.0080   -9.9900
20215001 2006.703881 31.6655 65.3434  274  271.9183 18.3136 4.8090 36.5983 216.2300 -9.9900 0.0070   -9.9900
20215001 2006.703881 31.6655 65.3434  276  273.9018 18.3058 4.8080 36.5969 216.0800 -9.9900 0.0080   -9.9900
20215001 2006.703881 31.6655 65.3434  278  275.8853 18.2997 4.8072 36.5958 216.0000 -9.9900 0.0110   -9.9900
20215001 2006.703881 31.6655 65.3434  280  277.8687 18.2919 4.8062 36.5944 215.9300 -9.9900 0.0110   -9.9900
20215001 2006.703881 31.6655 65.3434  282  279.8521 18.2851 4.8055 36.5938 215.6400 -9.9900 0.0080   -9.9900
20215001 2006.703881 31.6655 65.3434  284  281.8355 18.2860 4.8056 36.5939 215.8500 -9.9900 0.0100   -9.9900
20215001 2006.703881 31.6655 65.3434  286  283.8189 18.2831 4.8052 36.5933 215.9500 -9.9900 0.0080   -9.9900
20215001 2006.703881 31.6655 65.3434  288  285.8023 18.2757 4.8043 36.5924 215.6400 -9.9900 0.0060   -9.9900
20215001 2006.703881 31.6655 65.3434  290  287.7856 18.2750 4.8043 36.5926 215.9100 -9.9900 0.0070   -9.9900
20215001 2006.703881 31.6655 65.3434  292  289.7690 18.2727 4.8040 36.5922 215.6400 -9.9900 0.0080   -9.9900
20215001 2006.703881 31.6655 65.3434  294  291.7523 18.2637 4.8028 36.5905 215.8400 -9.9900 0.0070   -9.9900
20215001 2006.703881 31.6655 65.3434  296  293.7356 18.2604 4.8024 36.5901 215.8300 -9.9900 0.0090   -9.9900
20215001 2006.703881 31.6655 65.3434  298  295.7188 18.2557 4.8019 36.5898 215.9600 -9.9900 0.0090   -9.9900
20215001 2006.703881 31.6655 65.3434  300  297.7021 18.2517 4.8014 36.5894 216.0700 -9.9900 0.0080   -9.9900
20215001 2006.703881 31.6655 65.3434  302  299.6853 18.2495 4.8012 36.5892 216.0400 -9.9900 0.0070   -9.9900
20215001 2006.703881 31.6655 65.3434  304  301.6685 18.2443 4.8007 36.5892 215.7800 -9.9900 0.0050   -9.9900
20215001 2006.703881 31.6655 65.3434  306  303.6517 18.2436 4.8006 36.5890 215.4800 -9.9900 0.0060   -9.9900
20215001 2006.703881 31.6655 65.3434  308  305.6349 18.2401 4.8001 36.5883 215.4100 -9.9900 0.0090   -9.9900
20215001 2006.703881 31.6655 65.3434  310  307.6181 18.2305 4.7989 36.5864 215.4200 -9.9900 0.0110   -9.9900
20215001 2006.703881 31.6655 65.3434  312  309.6012 18.2265 4.7984 36.5859 215.5100 -9.9900 0.0100   -9.9900
20215001 2006.703881 31.6655 65.3434  314  311.5843 18.2207 4.7977 36.5850 215.6000 -9.9900 0.0090   -9.9900
20215001 2006.703881 31.6655 65.3434  316  313.5674 18.2148 4.7970 36.5843 215.6100 -9.9900 0.0080   -9.9900
20215001 2006.703881 31.6655 65.3434  318  315.5505 18.2112 4.7966 36.5838 215.5800 -9.9900 0.0080   -9.9900
20215001 2006.703881 31.6655 65.3434  320  317.5336 18.2090 4.7963 36.5835 215.5600 -9.9900 0.0090   -9.9900
20215001 2006.703881 31.6655 65.3434  322  319.5166 18.2063 4.7960 36.5834 215.6200 -9.9900 0.0090   -9.9900
20215001 2006.703881 31.6655 65.3434  324  321.4996 18.2032 4.7957 36.5834 215.6500 -9.9900 0.0080   -9.9900
20215001 2006.703881 31.6655 65.3434  326  323.4826 18.1999 4.7953 36.5832 215.6000 -9.9900 0.0080   -9.9900
20215001 2006.703881 31.6655 65.3434  328  325.4656 18.1950 4.7947 36.5825 215.6700 -9.9900 0.0100   -9.9900
20215001 2006.703881 31.6655 65.3434  330  327.4486 18.1937 4.7946 36.5825 215.6000 -9.9900 0.0100   -9.9900
20215001 2006.703881 31.6655 65.3434  332  329.4315 18.1917 4.7944 36.5825 215.6200 -9.9900 0.0110   -9.9900
20215001 2006.703881 31.6655 65.3434  334  331.4145 18.1902 4.7942 36.5826 215.6400 -9.9900 0.0120   -9.9900
20215001 2006.703881 31.6655 65.3434  336  333.3974 18.1898 4.7942 36.5827 215.7600 -9.9900 0.0100   -9.9900
20215001 2006.703881 31.6655 65.3434  338  335.3803 18.1887 4.7941 36.5830 215.8000 -9.9900 0.0060   -9.9900
20215001 2006.703881 31.6655 65.3434  340  337.3631 18.1874 4.7940 36.5834 215.8500 -9.9900 0.0060   -9.9900
20215001 2006.703881 31.6655 65.3434  342  339.3460 18.1857 4.7939 36.5840 215.8000 -9.9900 0.0060   -9.9900
20215001 2006.703881 31.6655 65.3434  344  341.3288 18.1839 4.7938 36.5846 215.6900 -9.9900 0.0100   -9.9900
20215001 2006.703881 31.6655 65.3434  346  343.3116 18.1821 4.7937 36.5849 215.5300 -9.9900 0.0100   -9.9900
20215001 2006.703881 31.6655 65.3434  348  345.2944 18.1795 4.7935 36.5856 215.3500 -9.9900 0.0110   -9.9900
20215001 2006.703881 31.6655 65.3434  350  347.2772 18.1755 4.7931 36.5862 215.2000 -9.9900 0.0110   -9.9900
20215001 2006.703881 31.6655 65.3434  352  349.2600 18.1730 4.7929 36.5865 214.9500 -9.9900 0.0080   -9.9900
20215001 2006.703881 31.6655 65.3434  354  351.2427 18.1710 4.7927 36.5864 214.8600 -9.9900 0.0060   -9.9900
20215001 2006.703881 31.6655 65.3434  356  353.2254 18.1653 4.7920 36.5859 215.0000 -9.9900 0.0060   -9.9900
20215001 2006.703881 31.6655 65.3434  358  355.2081 18.1628 4.7918 36.5862 215.2300 -9.9900 0.0080   -9.9900
20215001 2006.703881 31.6655 65.3434  360  357.1908 18.1623 4.7917 36.5861 215.0300 -9.9900 0.0120   -9.9900
20215001 2006.703881 31.6655 65.3434  362  359.1734 18.1613 4.7916 36.5859 214.9600 -9.9900 0.0100   -9.9900
20215001 2006.703881 31.6655 65.3434  364  361.1561 18.1552 4.7909 36.5850 214.4600 -9.9900 0.0090   -9.9900
20215001 2006.703881 31.6655 65.3434  366  363.1387 18.1500 4.7903 36.5846 214.0900 -9.9900 0.0120   -9.9900
20215001 2006.703881 31.6655 65.3434  368  365.1213 18.1460 4.7899 36.5846 214.1600 -9.9900 0.0100   -9.9900
20215001 2006.703881 31.6655 65.3434  370  367.1039 18.1422 4.7895 36.5848 214.2300 -9.9900 0.0090   -9.9900
20215001 2006.703881 31.6655 65.3434  372  369.0865 18.1395 4.7892 36.5847 214.0500 -9.9900 0.0070   -9.9900
20215001 2006.703881 31.6655 65.3434  374  371.0690 18.1363 4.7888 36.5843 214.5700 -9.9900 0.0070   -9.9900
20215001 2006.703881 31.6655 65.3434  376  373.0515 18.1342 4.7886 36.5840 214.6600 -9.9900 0.0090   -9.9900
20215001 2006.703881 31.6655 65.3434  378  375.0340 18.1325 4.7884 36.5838 214.5400 -9.9900 0.0090   -9.9900
20215001 2006.703881 31.6655 65.3434  380  377.0165 18.1301 4.7881 36.5838 214.5000 -9.9900 0.0080   -9.9900
20215001 2006.703881 31.6655 65.3434  382  378.9990 18.1253 4.7876 36.5835 214.6800 -9.9900 0.0080   -9.9900
20215001 2006.703881 31.6655 65.3434  384  380.9815 18.1165 4.7865 36.5819 214.3200 -9.9900 0.0090   -9.9900
20215001 2006.703881 31.6655 65.3434  386  382.9639 18.1095 4.7856 36.5805 213.9000 -9.9900 0.0090   -9.9900
20215001 2006.703881 31.6655 65.3434  388  384.9463 18.1046 4.7850 36.5800 213.9400 -9.9900 0.0090   -9.9900
20215001 2006.703881 31.6655 65.3434  390  386.9287 18.1009 4.7845 36.5793 213.8300 -9.9900 0.0110   -9.9900
20215001 2006.703881 31.6655 65.3434  392  388.9111 18.0973 4.7841 36.5789 213.7100 -9.9900 0.0120   -9.9900
20215001 2006.703881 31.6655 65.3434  394  390.8934 18.0917 4.7834 36.5782 213.5200 -9.9900 0.0120   -9.9900
20215001 2006.703881 31.6655 65.3434  396  392.8758 18.0846 4.7826 36.5774 213.4000 -9.9900 0.0110   -9.9900
20215001 2006.703881 31.6655 65.3434  398  394.8581 18.0768 4.7817 36.5766 213.3300 -9.9900 0.0110   -9.9900
20215001 2006.703881 31.6655 65.3434  400  396.8404 18.0731 4.7812 36.5760 213.0700 -9.9900 0.0100   -9.9900
20215001 2006.703881 31.6655 65.3434  402  398.8227 18.0661 4.7803 36.5741 212.6100 -9.9900 0.0080   -9.9900
20215002 2006.704467 31.6668 64.7547    5    4.9652 25.6491 5.5958 36.6238 183.6100 -9.9900 0.0180   -9.9900
20215002 2006.704467 31.6668 64.7547    7    6.9513 25.5318 5.5827 36.6217 207.5000 -9.9900 0.0160   -9.9900
20215002 2006.704467 31.6668 64.7547    9    8.9374 25.4777 5.5766 36.6202 210.9200 -9.9900 0.0180   -9.9900
20215002 2006.704467 31.6668 64.7547   11   10.9234 25.3881 5.5664 36.6162 210.5000 -9.9900 0.0180   -9.9900
20215002 2006.704467 31.6668 64.7547   13   12.9094 25.3907 5.5668 36.6177 210.9700 -9.9900 0.0170   -9.9900
20215002 2006.704467 31.6668 64.7547   15   14.8954 25.3455 5.5621 36.6189 211.0500 -9.9900 0.0150   -9.9900
20215002 2006.704467 31.6668 64.7547   17   16.8813 25.3234 5.5599 36.6204 211.0500 -9.9900 0.0160   -9.9900
20215002 2006.704467 31.6668 64.7547   19   18.8673 25.3095 5.5585 36.6211 211.6200 -9.9900 0.0140   -9.9900
20215002 2006.704467 31.6668 64.7547   21   20.8532 25.2955 5.5571 36.6221 211.8000 -9.9900 0.0140   -9.9900
20215002 2006.704467 31.6668 64.7547   23   22.8391 25.2814 5.5556 36.6224 211.5500 -9.9900 0.0160   -9.9900
20215002 2006.704467 31.6668 64.7547   25   24.8250 25.2721 5.5549 36.6246 211.3600 -9.9900 0.0180   -9.9900
20215002 2006.704467 31.6668 64.7547   27   26.8109 25.2532 5.5530 36.6259 212.2900 -9.9900 0.0150   -9.9900
20215002 2006.704467 31.6668 64.7547   29   28.7968 25.2380 5.5511 36.6244 213.8000 -9.9900 0.0180   -9.9900
20215002 2006.704467 31.6668 64.7547   31   30.7826 25.1245 5.5386 36.6228 214.6800 -9.9900 0.0120   -9.9900
20215002 2006.704467 31.6668 64.7547   33   32.7684 24.9883 5.5240 36.6248 216.5100 -9.9900 0.0180   -9.9900
20215002 2006.704467 31.6668 64.7547   35   34.7542 24.7783 5.5017 36.6284 216.8500 -9.9900 0.0180   -9.9900
20215002 2006.704467 31.6668 64.7547   37   36.7400 24.6578 5.4888 36.6298 218.2500 -9.9900 0.0140   -9.9900
20215002 2006.704467 31.6668 64.7547   39   38.7257 24.4754 5.4689 36.6287 221.6000 -9.9900 0.0160   -9.9900
20215002 2006.704467 31.6668 64.7547   41   40.7115 23.9208 5.4107 36.6424 224.4200 -9.9900 0.0180   -9.9900
20215002 2006.704467 31.6668 64.7547   43   42.6972 23.6826 5.3863 36.6529 225.0300 -9.9900 0.0170   -9.9900
20215002 2006.704467 31.6668 64.7547   45   44.6829 23.3864 5.3564 36.6685 226.0700 -9.9900 0.0160   -9.9900
20215002 2006.704467 31.6668 64.7547   47   46.6686 23.2002 5.3369 36.6728 226.2700 -9.9900 0.0150   -9.9900
20215002 2006.704467 31.6668 64.7547   49   48.6542 22.8830 5.3038 36.6809 226.2400 -9.9900 0.0150   -9.9900
20215002 2006.704467 31.6668 64.7547   51   50.6399 22.3171 5.2450 36.6966 224.6200 -9.9900 0.0160   -9.9900
20215002 2006.704467 31.6668 64.7547   53   52.6255 21.8311 5.1944 36.7080 222.9500 -9.9900 0.0150   -9.9900
20215002 2006.704467 31.6668 64.7547   55   54.6111 21.4373 5.1534 36.7168 221.5800 -9.9900 0.0150   -9.9900
20215002 2006.704467 31.6668 64.7547   57   56.5967 20.6544 5.0719 36.7325 219.0400 -9.9900 0.0140   -9.9900
20215002 2006.704467 31.6668 64.7547   59   58.5822 20.5756 5.0638 36.7349 218.2900 -9.9900 0.0150   -9.9900
20215002 2006.704467 31.6668 64.7547   61   60.5678 20.4424 5.0496 36.7347 217.4000 -9.9900 0.0160   -9.9900
20215002 2006.704467 31.6668 64.7547   63   62.5533 20.3293 5.0372 36.7319 216.7000 -9.9900 0.0150   -9.9900
20215002 2006.704467 31.6668 64.7547   65   64.5388 20.2396 5.0272 36.7275 216.6000 -9.9900 0.0180   -9.9900
20215002 2006.704467 31.6668 64.7547   67   66.5243 20.1742 5.0198 36.7234 216.5300 -9.9900 0.0210   -9.9900
20215002 2006.704467 31.6668 64.7547   69   68.5098 20.0996 5.0112 36.7180 216.7800 -9.9900 0.0240   -9.9900
20215002 2006.704467 31.6668 64.7547   71   70.4952 20.0622 5.0069 36.7154 217.9600 -9.9900 0.0230   -9.9900
20215002 2006.704467 31.6668 64.7547   73   72.4806 19.9219 4.9907 36.7045 219.2600 -9.9900 0.0230   -9.9900
20215002 2006.704467 31.6668 64.7547   75   74.4661 19.7572 4.9715 36.6895 216.8100 -9.9900 0.0240   -9.9900
20215002 2006.704467 31.6668 64.7547   77   76.4514 19.6086 4.9546 36.6798 214.4400 -9.9900 0.0240   -9.9900
20215002 2006.704467 31.6668 64.7547   79   78.4368 19.5498 4.9492 36.6860 211.8600 -9.9900 0.0250   -9.9900
20215002 2006.704467 31.6668 64.7547   81   80.4222 19.4191 4.9346 36.6797 209.9500 -9.9900 0.0260   -9.9900
20215002 2006.704467 31.6668 64.7547   83   82.4075 19.2230 4.9123 36.6655 208.2100 -9.9900 0.0230   -9.9900
20215002 2006.704467 31.6668 64.7547   85   84.3928 19.1865 4.9085 36.6663 208.3000 -9.9900 0.0210   -9.9900
20215002 2006.704467 31.6668 64.7547   87   86.3781 19.1339 4.9027 36.6636 207.6300 -9.9900 0.0200   -9.9900
20215002 2006.704467 31.6668 64.7547   89   88.3634 19.0778 4.8962 36.6585 205.1100 -9.9900 0.0190   -9.9900
20215002 2006.704467 31.6668 64.7547   91   90.3486 19.0529 4.8935 36.6580 205.0000 -9.9900 0.0160   -9.9900
20215002 2006.704467 31.6668 64.7547   93   92.3339 19.0005 4.8879 36.6572 205.5600 -9.9900 0.0150   -9.9900
20215002 2006.704467 31.6668 64.7547   95   94.3191 18.9714 4.8845 36.6548 206.0600 -9.9900 0.0150   -9.9900
20215002 2006.704467 31.6668 64.7547   97   96.3043 18.9357 4.8803 36.6508 205.7000 -9.9900 0.0150   -9.9900
20215002 2006.704467 31.6668 64.7547   99   98.2895 18.9273 4.8794 36.6501 205.9700 -9.9900 0.0200   -9.9900
20215002 2006.704467 31.6668 64.7547  101  100.2746 18.9030 4.8767 36.6489 206.7200 -9.9900 0.0140   -9.9900
20215002 2006.704467 31.6668 64.7547  103  102.2598 18.8705 4.8729 36.6456 206.6500 -9.9900 0.0150   -9.9900
20215002 2006.704467 31.6668 64.7547  105  104.2449 18.8485 4.8703 36.6437 207.1600 -9.9900 0.0150   -9.9900
20215002 2006.704467 31.6668 64.7547  107  106.2300 18.8360 4.8688 36.6418 207.8500 -9.9900 0.0160   -9.9900
20215002 2006.704467 31.6668 64.7547  109  108.2151 18.8189 4.8667 36.6390 208.4200 -9.9900 0.0150   -9.9900
20215002 2006.704467 31.6668 64.7547  111  110.2001 18.8035 4.8647 36.6363 207.6300 -9.9900 0.0170   -9.9900
20215002 2006.704467 31.6668 64.7547  113  112.1852 18.7804 4.8620 36.6340 206.8500 -9.9900 0.0180   -9.9900
20215002 2006.704467 31.6668 64.7547  115  114.1702 18.7588 4.8599 36.6349 207.8500 -9.9900 0.0160   -9.9900
20215002 2006.704467 31.6668 64.7547  117  116.1552 18.7419 4.8581 36.6348 208.8600 -9.9900 0.0140   -9.9900
20215002 2006.704467 31.6668 64.7547  119  118.1402 18.7157 4.8551 36.6324 209.9400 -9.9900 0.0120   -9.9900
20215002 2006.704467 31.6668 64.7547  121  120.1252 18.7025 4.8535 36.6307 209.3100 -9.9900 0.0140   -9.9900
20215002 2006.704467 31.6668 64.7547  123  122.1101 18.6973 4.8529 36.6308 208.6700 -9.9900 0.0140   -9.9900
20215002 2006.704467 31.6668 64.7547  125  124.0950 18.6844 4.8516 36.6307 208.3500 -9.9900 0.0120   -9.9900
20215002 2006.704467 31.6668 64.7547  127  126.0800 18.6756 4.8506 36.6300 208.5000 -9.9900 0.0120   -9.9900
20215002 2006.704467 31.6668 64.7547  129  128.0648 18.6524 4.8479 36.6277 208.6500 -9.9900 0.0120   -9.9900
20215002 2006.704467 31.6668 64.7547  131  130.0497 18.6327 4.8455 36.6255 209.2300 -9.9900 0.0130   -9.9900
20215002 2006.704467 31.6668 64.7547  133  132.0346 18.6160 4.8436 36.6241 209.5300 -9.9900 0.0130   -9.9900
20215002 2006.704467 31.6668 64.7547  135  134.0194 18.6025 4.8421 36.6231 209.5000 -9.9900 0.0110   -9.9900
20215002 2006.704467 31.6668 64.7547  137  136.0042 18.5948 4.8412 36.6227 209.7200 -9.9900 0.0120   -9.9900
20215002 2006.704467 31.6668 64.7547  139  137.9890 18.5824 4.8399 36.6223 209.8400 -9.9900 0.0110   -9.9900
20215002 2006.704467 31.6668 64.7547  141  139.9738 18.5666 4.8382 36.6218 209.6700 -9.9900 0.0110   -9.9900
20215002 2006.704467 31.6668 64.7547  143  141.9585 18.5500 4.8364 36.6214 209.8500 -9.9900 0.0120   -9.9900
20215002 2006.704467 31.6668 64.7547  145  143.9433 18.5402 4.8354 36.6213 210.0000 -9.9900 0.0100   -9.9900
20215002 2006.704467 31.6668 64.7547  147  145.9280 18.5364 4.8350 36.6212 209.9800 -9.9900 0.0100   -9.9900
20215002 2006.704467 31.6668 64.7547  149  147.9127 18.5283 4.8341 36.6208 209.7000 -9.9900 0.0110   -9.9900
20215002 2006.704467 31.6668 64.7547  151  149.8974 18.5153 4.8327 36.6205 209.1200 -9.9900 0.0110   -9.9900
20215002 2006.704467 31.6668 64.7547  153  151.8820 18.5029 4.8314 36.6205 208.5400 -9.9900 0.0130   -9.9900
20215002 2006.704467 31.6668 64.7547  155  153.8667 18.4947 4.8305 36.6205 208.1000 -9.9900 0.0100   -9.9900
20215002 2006.704467 31.6668 64.7547  157  155.8513 18.4838 4.8293 36.6199 208.1400 -9.9900 0.0100   -9.9900
20215002 2006.704467 31.6668 64.7547  159  157.8359 18.4742 4.8282 36.6194 208.1600 -9.9900 0.0100   -9.9900
20215002 2006.704467 31.6668 64.7547  161  159.8205 18.4669 4.8274 36.6188 208.1700 -9.9900 0.0090   -9.9900
20215002 2006.704467 31.6668 64.7547  163  161.8050 18.4602 4.8266 36.6183 208.2700 -9.9900 0.0090   -9.9900
20215002 2006.704467 31.6668 64.7547  165  163.7896 18.4531 4.8259 36.6180 208.3400 -9.9900 0.0080   -9.9900
20215002 2006.704467 31.6668 64.7547  167  165.7741 18.4491 4.8255 36.6185 208.4000 -9.9900 0.0070   -9.9900
20215002 2006.704467 31.6668 64.7547  169  167.7586 18.4465 4.8253 36.6191 208.5100 -9.9900 0.0090   -9.9900
20215002 2006.704467 31.6668 64.7547  171  169.7431 18.4443 4.8251 36.6197 208.7600 -9.9900 0.0130   -9.9900
20215002 2006.704467 31.6668 64.7547  173  171.7276 18.4398 4.8246 36.6195 208.9800 -9.9900 0.0100   -9.9900
20215002 2006.704467 31.6668 64.7547  175  173.7120 18.4358 4.8241 36.6188 209.0600 -9.9900 0.0090   -9.9900
20215002 2006.704467 31.6668 64.7547  177  175.6965 18.4291 4.8234 36.6187 209.1700 -9.9900 0.0080   -9.9900
20215002 2006.704467 31.6668 64.7547  179  177.6809 18.4209 4.8227 36.6196 209.3900 -9.9900 0.0090   -9.9900
20215002 2006.704467 31.6668 64.7547  181  179.6653 18.4115 4.8216 36.6189 209.6200 -9.9900 0.0110   -9.9900
20215002 2006.704467 31.6668 64.7547  183  181.6496 18.4062 4.8210 36.6181 209.7000 -9.9900 0.0110   -9.9900
20215002 2006.704467 31.6668 64.7547  185  183.6340 18.4037 4.8206 36.6177 209.6900 -9.9900 0.0100   -9.9900
20215002 2006.704467 31.6668 64.7547  187  185.6183 18.4017 4.8204 36.6173 209.7400 -9.9900 0.0090   -9.9900
20215002 2006.704467 31.6668 64.7547  189  187.6026 18.3989 4.8201 36.6170 210.0300 -9.9900 0.0090   -9.9900
20215002 2006.704467 31.6668 64.7547  191  189.5869 18.3951 4.8196 36.6167 210.4800 -9.9900 0.0070   -9.9900
20215002 2006.704467 31.6668 64.7547  193  191.5712 18.3930 4.8194 36.6166 210.6200 -9.9900 0.0090   -9.9900
20215002 2006.704467 31.6668 64.7547  195  193.5555 18.3876 4.8188 36.6166 210.8000 -9.9900 0.0120   -9.9900
20215002 2006.704467 31.6668 64.7547  197  195.5397 18.3815 4.8182 36.6166 211.0600 -9.9900 0.0120   -9.9900
20215002 2006.704467 31.6668 64.7547  199  197.5239 18.3779 4.8179 36.6170 211.3100 -9.9900 0.0090   -9.9900
20215002 2006.704467 31.6668 64.7547  201  199.5081 18.3766 4.8178 36.6173 211.2900 -9.9900 0.0100   -9.9900
20215002 2006.704467 31.6668 64.7547  203  201.4923 18.3729 4.8173 36.6169 211.2700 -9.9900 0.0100   -9.9900
20215002 2006.704467 31.6668 64.7547  205  203.4765 18.3680 4.8168 36.6164 211.0200 -9.9900 0.0090   -9.9900
20215002 2006.704467 31.6668 64.7547  207  205.4606 18.3669 4.8167 36.6167 211.2300 -9.9900 0.0100   -9.9900
20215002 2006.704467 31.6668 64.7547  209  207.4447 18.3668 4.8167 36.6172 211.3000 -9.9900 0.0100   -9.9900
20215002 2006.704467 31.6668 64.7547  211  209.4288 18.3686 4.8170 36.6181 211.1200 -9.9900 0.0100   -9.9900
20215002 2006.704467 31.6668 64.7547  213  211.4129 18.3694 4.8172 36.6186 211.3300 -9.9900 0.0100   -9.9900
20215002 2006.704467 31.6668 64.7547  215  213.3970 18.3590 4.8160 36.6182 211.8200 -9.9900 0.0060   -9.9900
20215002 2006.704467 31.6668 64.7547  217  215.3810 18.3582 4.8161 36.6196 212.0600 -9.9900 0.0080   -9.9900
20215002 2006.704467 31.6668 64.7547  219  217.3651 18.3533 4.8156 36.6193 211.4900 -9.9900 0.0110   -9.9900
20215002 2006.704467 31.6668 64.7547  221  219.3491 18.3449 4.8145 36.6173 211.2200 -9.9900 0.0070   -9.9900
20215002 2006.704467 31.6668 64.7547  223  221.3331 18.3271 4.8120 36.6126 210.5400 -9.9900 0.0090   -9.9900
20215002 2006.704467 31.6668 64.7547  225  223.3170 18.3109 4.8099 36.6090 210.7400 -9.9900 0.0080   -9.9900
20215002 2006.704467 31.6668 64.7547  227  225.3010 18.2962 4.8081 36.6068 210.6500 -9.9900 0.0090   -9.9900
20215002 2006.704467 31.6668 64.7547  229  227.2849 18.2930 4.8078 36.6070 210.7400 -9.9900 0.0110   -9.9900
20215002 2006.704467 31.6668 64.7547  231  229.2688 18.2889 4.8073 36.6064 211.0600 -9.9900 0.0110   -9.9900
20215002 2006.704467 31.6668 64.7547  233  231.2527 18.2856 4.8070 36.6062 211.1700 -9.9900 0.0120   -9.9900
20215002 2006.704467 31.6668 64.7547  235  233.2366 18.2835 4.8067 36.6059 211.0900 -9.9900 0.0100   -9.9900
20215002 2006.704467 31.6668 64.7547  237  235.2204 18.2818 4.8065 36.6059 211.0100 -9.9900 0.0080   -9.9900
20215002 2006.704467 31.6668 64.7547  239  237.2043 18.2819 4.8066 36.6062 211.0400 -9.9900 0.0090   -9.9900
20215002 2006.704467 31.6668 64.7547  241  239.1881 18.2837 4.8068 36.6068 211.1500 -9.9900 0.0080   -9.9900
20215002 2006.704467 31.6668 64.7547  243  241.1719 18.2864 4.8072 36.6079 211.2600 -9.9900 0.0070   -9.9900
20215002 2006.704467 31.6668 64.7547  245  243.1557 18.2908 4.8079 36.6096 211.5200 -9.9900 0.0070   -9.9900
20215002 2006.704467 31.6668 64.7547  247  245.1394 18.2944 4.8086 36.6121 212.0000 -9.9900 0.0070   -9.9900
20215002 2006.704467 31.6668 64.7547  249  247.1232 18.2954 4.8087 36.6125 211.8100 -9.9900 0.0100   -9.9900
20215002 2006.704467 31.6668 64.7547  251  249.1069 18.2937 4.8085 36.6124 211.7400 -9.9900 0.0070   -9.9900
20215002 2006.704467 31.6668 64.7547  253  251.0906 18.2919 4.8083 36.6121 211.4600 -9.9900 0.0060   -9.9900
20215002 2006.704467 31.6668 64.7547  255  253.0743 18.2887 4.8079 36.6114 211.3600 -9.9900 0.0060   -9.9900
20215002 2006.704467 31.6668 64.7547  257  255.0579 18.2838 4.8072 36.6102 211.1100 -9.9900 0.0060   -9.9900
20215002 2006.704467 31.6668 64.7547  259  257.0416 18.2709 4.8055 36.6067 210.7700 -9.9900 0.0080   -9.9900
20215002 2006.704467 31.6668 64.7547  261  259.0252 18.2546 4.8034 36.6033 210.4800 -9.9900 0.0080   -9.9900
20215002 2006.704467 31.6668 64.7547  263  261.0088 18.2421 4.8018 36.6009 210.3000 -9.9900 0.0090   -9.9900
20215002 2006.704467 31.6668 64.7547  265  262.9924 18.2299 4.8003 36.5988 210.3200 -9.9900 0.0080   -9.9900
20215002 2006.704467 31.6668 64.7547  267  264.9760 18.2195 4.7991 36.5979 210.5200 -9.9900 0.0070   -9.9900
20215002 2006.704467 31.6668 64.7547  269  266.9595 18.2113 4.7982 36.5974 210.6600 -9.9900 0.0070   -9.9900
20215002 2006.704467 31.6668 64.7547  271  268.9430 18.2005 4.7970 36.5967 210.9900 -9.9900 0.0070   -9.9900
20215002 2006.704467 31.6668 64.7547  273  270.9266 18.1965 4.7964 36.5959 211.2200 -9.9900 0.0080   -9.9900
20215002 2006.704467 31.6668 64.7547  275  272.9100 18.1916 4.7958 36.5950 211.4600 -9.9900 0.0090   -9.9900
20215002 2006.704467 31.6668 64.7547  277  274.8935 18.1903 4.7957 36.5949 211.5700 -9.9900 0.0090   -9.9900
20215002 2006.704467 31.6668 64.7547  279  276.8770 18.1894 4.7955 36.5946 211.5900 -9.9900 0.0100   -9.9900
20215002 2006.704467 31.6668 64.7547  281  278.8604 18.1805 4.7945 36.5936 211.8900 -9.9900 0.0080   -9.9900
20215002 2006.704467 31.6668 64.7547  283  280.8438 18.1801 4.7945 36.5939 211.9100 -9.9900 0.0080   -9.9900
20215002 2006.704467 31.6668 64.7547  285  282.8272 18.1812 4.7946 36.5941 211.8700 -9.9900 0.0090   -9.9900
20215002 2006.704467 31.6668 64.7547  287  284.8106 18.1827 4.7948 36.5942 212.0000 -9.9900 0.0050   -9.9900
20215002 2006.704467 31.6668 64.7547  289  286.7939 18.1838 4.7949 36.5944 211.2900 -9.9900 0.0080   -9.9900
20215002 2006.704467 31.6668 64.7547  291  288.7773 18.1843 4.7950 36.5944 211.1500 -9.9900 0.0110   -9.9900
20215002 2006.704467 31.6668 64.7547  293  290.7606 18.1838 4.7950 36.5945 211.6200 -9.9900 0.0110   -9.9900
20215002 2006.704467 31.6668 64.7547  295  292.7439 18.1824 4.7948 36.5945 211.9500 -9.9900 0.0060   -9.9900
20215002 2006.704467 31.6668 64.7547  297  294.7272 18.1814 4.7947 36.5943 211.6500 -9.9900 0.0070   -9.9900
20215002 2006.704467 31.6668 64.7547  299  296.7104 18.1780 4.7942 36.5936 211.9200 -9.9900 0.0080   -9.9900
20215002 2006.704467 31.6668 64.7547  301  298.6937 18.1758 4.7939 36.5929 212.2200 -9.9900 0.0100   -9.9900
20215002 2006.704467 31.6668 64.7547  303  300.6769 18.1746 4.7938 36.5926 212.5900 -9.9900 0.0100   -9.9900
20215002 2006.704467 31.6668 64.7547  305  302.6601 18.1744 4.7937 36.5925 212.0600 -9.9900 0.0090   -9.9900
20215002 2006.704467 31.6668 64.7547  307  304.6433 18.1741 4.7937 36.5925 211.7700 -9.9900 0.0090   -9.9900
20215002 2006.704467 31.6668 64.7547  309  306.6265 18.1706 4.7933 36.5920 211.3400 -9.9900 0.0090   -9.9900
20215002 2006.704467 31.6668 64.7547  311  308.6096 18.1633 4.7924 36.5909 211.2600 -9.9900 0.0080   -9.9900
20215002 2006.704467 31.6668 64.7547  313  310.5927 18.1536 4.7912 36.5894 211.0600 -9.9900 0.0080   -9.9900
20215002 2006.704467 31.6668 64.7547  315  312.5758 18.1385 4.7893 36.5869 210.8600 -9.9900 0.0080   -9.9900
20215002 2006.704467 31.6668 64.7547  317  314.5589 18.1268 4.7879 36.5852 210.5300 -9.9900 0.0070   -9.9900
20215002 2006.704467 31.6668 64.7547  319  316.5420 18.1218 4.7873 36.5841 210.3600 -9.9900 0.0050   -9.9900
20215002 2006.704467 31.6668 64.7547  321  318.5251 18.1151 4.7864 36.5830 210.3400 -9.9900 0.0060   -9.9900
20215002 2006.704467 31.6668 64.7547  323  320.5081 18.0981 4.7843 36.5799 210.1300 -9.9900 0.0070   -9.9900
20215002 2006.704467 31.6668 64.7547  325  322.4911 18.0928 4.7836 36.5789 209.9800 -9.9900 0.0060   -9.9900
20215002 2006.704467 31.6668 64.7547  327  324.4741 18.0807 4.7821 36.5768 209.6500 -9.9900 0.0050   -9.9900
20215002 2006.704467 31.6668 64.7547  329  326.4571 18.0749 4.7814 36.5753 210.1400 -9.9900 0.0050   -9.9900
20215002 2006.704467 31.6668 64.7547  331  328.4400 18.0646 4.7800 36.5730 210.6800 -9.9900 0.0080   -9.9900
20215002 2006.704467 31.6668 64.7547  333  330.4230 18.0589 4.7793 36.5721 210.7700 -9.9900 0.0090   -9.9900
20215002 2006.704467 31.6668 64.7547  335  332.4059 18.0533 4.7786 36.5710 210.6600 -9.9900 0.0080   -9.9900
20215002 2006.704467 31.6668 64.7547  337  334.3888 18.0483 4.7779 36.5699 210.1700 -9.9900 0.0080   -9.9900
20215002 2006.704467 31.6668 64.7547  339  336.3717 18.0449 4.7775 36.5691 209.6700 -9.9900 0.0090   -9.9900
20215002 2006.704467 31.6668 64.7547  341  338.3545 18.0350 4.7762 36.5668 209.3100 -9.9900 0.0110   -9.9900
20215002 2006.704467 31.6668 64.7547  343  340.3374 18.0219 4.7745 36.5640 209.0700 -9.9900 0.0120   -9.9900
20215002 2006.704467 31.6668 64.7547  345  342.3202 18.0029 4.7721 36.5603 209.0600 -9.9900 0.0100   -9.9900
20215002 2006.704467 31.6668 64.7547  347  344.3030 17.9975 4.7714 36.5592 208.8300 -9.9900 0.0090   -9.9900
20215002 2006.704467 31.6668 64.7547  349  346.2858 17.9956 4.7712 36.5587 208.3400 -9.9900 0.0120   -9.9900
20215002 2006.704467 31.6668 64.7547  351  348.2685 17.9866 4.7700 36.5569 207.9300 -9.9900 0.0110   -9.9900
20215002 2006.704467 31.6668 64.7547  353  350.2513 17.9817 4.7694 36.5558 207.7600 -9.9900 0.0100   -9.9900
20215002 2006.704467 31.6668 64.7547  355  352.2340 17.9754 4.7685 36.5543 207.7400 -9.9900 0.0140   -9.9900
20215002 2006.704467 31.6668 64.7547  357  354.2167 17.9709 4.7680 36.5534 208.1200 -9.9900 0.0120   -9.9900
20215002 2006.704467 31.6668 64.7547  359  356.1994 17.9703 4.7679 36.5532 208.0000 -9.9900 0.0110   -9.9900
20215002 2006.704467 31.6668 64.7547  361  358.1821 17.9700 4.7678 36.5531 207.9900 -9.9900 0.0110   -9.9900
20215002 2006.704467 31.6668 64.7547  363  360.1647 17.9692 4.7678 36.5531 207.9700 -9.9900 0.0070   -9.9900
20215002 2006.704467 31.6668 64.7547  365  362.1474 17.9680 4.7676 36.5528 207.9400 -9.9900 0.0120   -9.9900
20215002 2006.704467 31.6668 64.7547  367  364.1300 17.9662 4.7673 36.5521 208.0000 -9.9900 0.0080   -9.9900
20215002 2006.704467 31.6668 64.7547  369  366.1126 17.9632 4.7670 36.5516 207.9100 -9.9900 0.0090   -9.9900
20215002 2006.704467 31.6668 64.7547  371  368.0951 17.9632 4.7670 36.5516 207.9700 -9.9900 0.0120   -9.9900
20215002 2006.704467 31.6668 64.7547  373  370.0777 17.9621 4.7668 36.5511 208.1500 -9.9900 0.0100   -9.9900
20215002 2006.704467 31.6668 64.7547  375  372.0602 17.9612 4.7667 36.5510 208.4900 -9.9900 0.0090   -9.9900
20215002 2006.704467 31.6668 64.7547  377  374.0428 17.9603 4.7666 36.5509 208.9300 -9.9900 0.0080   -9.9900
20215002 2006.704467 31.6668 64.7547  379  376.0253 17.9601 4.7666 36.5511 209.3000 -9.9900 0.0070   -9.9900
20215002 2006.704467 31.6668 64.7547  381  378.0077 17.9613 4.7668 36.5518 209.3400 -9.9900 0.0070   -9.9900
20215002 2006.704467 31.6668 64.7547  383  379.9902 17.9476 4.7651 36.5496 209.1600 -9.9900 0.0080   -9.9900
20215002 2006.704467 31.6668 64.7547  385  381.9726 17.9342 4.7634 36.5471 209.0900 -9.9900 0.0090   -9.9900
20215002 2006.704467 31.6668 64.7547  387  383.9551 17.9289 4.7627 36.5457 209.1300 -9.9900 0.0100   -9.9900
20215002 2006.704467 31.6668 64.7547  389  385.9375 17.9126 4.7606 36.5419 209.2000 -9.9900 0.0110   -9.9900
20215002 2006.704467 31.6668 64.7547  391  387.9198 17.8859 4.7573 36.5376 209.0000 -9.9900 0.0100   -9.9900
20215002 2006.704467 31.6668 64.7547  393  389.9022 17.8753 4.7560 36.5362 208.6600 -9.9900 0.0080   -9.9900
20215002 2006.704467 31.6668 64.7547  395  391.8845 17.8695 4.7552 36.5344 208.3900 -9.9900 0.0080   -9.9900
20215002 2006.704467 31.6668 64.7547  397  393.8669 17.8582 4.7537 36.5319 207.8700 -9.9900 0.0060   -9.9900
20215002 2006.704467 31.6668 64.7547  399  395.8492 17.8416 4.7516 36.5285 207.5900 -9.9900 0.0070   -9.9900
20215002 2006.704467 31.6668 64.7547  401  397.8315 17.8302 4.7502 36.5262 207.2700 -9.9900 0.0080   -9.9900
20215003 2006.704994 31.6654 64.1518    5    4.9652 26.8774 5.7355 36.6627 203.8900 -9.9900 0.0130   -9.9900
20215003 2006.704994 31.6654 64.1518    7    6.9513 26.7230 5.7174 36.6545 204.3600 -9.9900 0.0120   -9.9900
20215003 2006.704994 31.6654 64.1518    9    8.9374 26.6642 5.7108 36.6537 204.5100 -9.9900 0.0140   -9.9900
20215003 2006.704994 31.6654 64.1518   11   10.9234 26.6487 5.7091 36.6530 204.4400 -9.9900 0.0140   -9.9900
20215003 2006.704994 31.6654 64.1518   13   12.9094 26.6404 5.7081 36.6528 204.3300 -9.9900 0.0140   -9.9900
20215003 2006.704994 31.6654 64.1518   15   14.8954 26.6240 5.7060 36.6505 204.8400 -9.9900 0.0130   -9.9900
20215003 2006.704994 31.6654 64.1518   17   16.8813 26.6178 5.7052 36.6496 204.9700 -9.9900 0.0140   -9.9900
20215003 2006.704994 31.6654 64.1518   19   18.8673 26.6133 5.7047 36.6498 204.7400 -9.9900 0.0130   -9.9900
20215003 2006.704994 31.6654 64.1518   21   20.8532 26.6033 5.7034 36.6484 204.7200 -9.9900 0.0120   -9.9900
20215003 2006.704994 31.6654 64.1518   23   22.8391 26.5970 5.7027 36.6477 204.8500 -9.9900 0.0150   -9.9900
20215003 2006.704994 31.6654 64.1518   25   24.8250 26.5934 5.7023 36.6479 205.2000 -9.9900 0.0150   -9.9900
20215003 2006.704994 31.6654 64.1518   27   26.8109 26.5903 5.7019 36.6479 204.8200 -9.9900 0.0130   -9.9900
20215003 2006.704994 31.6654 64.1518   29   28.7968 26.5864 5.7014 36.6473 205.3100 -9.9900 0.0150   -9.9900
20215003 2006.704994 31.6654 64.1518   31   30.7826 26.5846 5.7014 36.6481 205.5900 -9.9900 0.0110   -9.9900
20215003 2006.704994 31.6654 64.1518   33   32.7684 26.5741 5.6997 36.6442 207.5100 -9.9900 0.0130   -9.9900
20215003 2006.704994 31.6654 64.1518   35   34.7542 26.5612 5.6977 36.6400 207.2400 -9.9900 0.0120   -9.9900
20215003 2006.704994 31.6654 64.1518   37   36.7400 26.5059 5.6901 36.6293 206.6100 -9.9900 0.0120   -9.9900
20215003 2006.704994 31.6654 64.1518   39   38.7257 26.2412 5.6586 36.6101 211.9700 -9.9900 0.0120   -9.9900
20215003 2006.704994 31.6654 64.1518   41   40.7115 25.7689 5.6082 36.6186 216.8200 -9.9900 0.0130   -9.9900
20215003 2006.704994 31.6654 64.1518   43   42.6972 25.2946 5.5582 36.6312 218.6000 -9.9900 0.0130   -9.9900
20215003 2006.704994 31.6654 64.1518   45   44.6829 24.8349 5.5101 36.6451 218.7700 -9.9900 0.0110   -9.9900
20215003 2006.704994 31.6654 64.1518   47   46.6686 24.8072 5.5065 36.6405 223.6700 -9.9900 0.0160   -9.9900
20215003 2006.704994 31.6654 64.1518   49   48.6542 24.4921 5.4733 36.6482 225.9300 -9.9900 0.0170   -9.9900
20215003 2006.704994 31.6654 64.1518   51   50.6399 24.2397 5.4468 36.6544 228.2600 -9.9900 0.0170   -9.9900
20215003 2006.704994 31.6654 64.1518   53   52.6255 23.8063 5.4010 36.6630 231.7200 -9.9900 0.0160   -9.9900
20215003 2006.704994 31.6654 64.1518   55   54.6111 23.1624 5.3329 36.6736 234.1500 -9.9900 0.0150   -9.9900
20215003 2006.704994 31.6654 64.1518   57   56.5967 22.3335 5.2473 36.7007 236.0000 -9.9900 0.0130   -9.9900
20215003 2006.704994 31.6654 64.1518   59   58.5822 22.0155 5.2147 36.7126 235.4000 -9.9900 0.0140   -9.9900
20215003 2006.704994 31.6654 64.1518   61   60.5678 21.7749 5.1903 36.7238 234.8100 -9.9900 0.0150   -9.9900
20215003 2006.704994 31.6654 64.1518   63   62.5533 21.5537 5.1669 36.7260 233.5100 -9.9900 0.0150   -9.9900
20215003 2006.704994 31.6654 64.1518   65   64.5388 21.3163 5.1404 36.7166 233.3500 -9.9900 0.0160   -9.9900
20215003 2006.704994 31.6654 64.1518   67   66.5243 20.9237 5.0918 36.6615 234.0300 -9.9900 0.0180   -9.9900
20215003 2006.704994 31.6654 64.1518   69   68.5098 20.8284 5.0820 36.6645 231.6200 -9.9900 0.0170   -9.9900
20215003 2006.704994 31.6654 64.1518   71   70.4952 20.6526 5.0618 36.6521 228.6900 -9.9900 0.0170   -9.9900
20215003 2006.704994 31.6654 64.1518   73   72.4806 20.4757 5.0439 36.6589 229.2700 -9.9900 0.0200   -9.9900
20215003 2006.704994 31.6654 64.1518   75   74.4661 20.2901 5.0249 36.6645 224.3800 -9.9900 0.0180   -9.9900
20215003 2006.704994 31.6654 64.1518   77   76.4515 20.1962 5.0149 36.6642 222.7300 -9.9900 0.0170   -9.9900
20215003 2006.704994 31.6654 64.1518   79   78.4368 20.0670 5.0022 36.6722 221.5700 -9.9900 0.0190   -9.9900
20215003 2006.704994 31.6654 64.1518   81   80.4222 19.9891 4.9948 36.6794 211.7600 -9.9900 0.0180   -9.9900
20215003 2006.704994 31.6654 64.1518   83   82.4075 19.8949 4.9855 36.6849 210.2500 -9.9900 0.0180   -9.9900
20215003 2006.704994 31.6654 64.1518   85   84.3928 19.7849 4.9738 36.6842 212.0700 -9.9900 0.0250   -9.9900
20215003 2006.704994 31.6654 64.1518   87   86.3781 19.6783 4.9617 36.6773 212.3900 -9.9900 0.0270   -9.9900
20215003 2006.704994 31.6654 64.1518   89   88.3634 19.6170 4.9548 36.6737 210.4800 -9.9900 0.0270   -9.9900
20215003 2006.704994 31.6654 64.1518   91   90.3486 19.5787 4.9511 36.6765 208.7300 -9.9900 0.0260   -9.9900
20215003 2006.704994 31.6654 64.1518   93   92.3339 19.5209 4.9451 36.6776 209.7200 -9.9900 0.0270   -9.9900
20215003 2006.704994 31.6654 64.1518   95   94.3191 19.4141 4.9331 36.6714 210.0600 -9.9900 0.0250   -9.9900
20215003 2006.704994 31.6654 64.1518   97   96.3043 19.3291 4.9234 36.6650 211.0600 -9.9900 0.0230   -9.9900
20215003 2006.704994 31.6654 64.1518   99   98.2895 19.2612 4.9155 36.6586 211.2900 -9.9900 0.0230   -9.9900
20215003 2006.704994 31.6654 64.1518  101  100.2746 19.2296 4.9119 36.6564 210.9100 -9.9900 0.0210   -9.9900
20215003 2006.704994 31.6654 64.1518  103  102.2598 19.1650 4.9047 36.6531 210.3400 -9.9900 0.0200   -9.9900
20215003 2006.704994 31.6654 64.1518  105  104.2449 19.1177 4.8993 36.6495 209.2000 -9.9900 0.0210   -9.9900
20215003 2006.704994 31.6654 64.1518  107  106.2300 19.0800 4.8954 36.6500 207.7000 -9.9900 0.0210   -9.9900
20215003 2006.704994 31.6654 64.1518  109  108.2151 19.0428 4.8914 36.6494 206.7000 -9.9900 0.0200   -9.9900
20215003 2006.704994 31.6654 64.1518  111  110.2002 18.9976 4.8864 36.6471 206.0000 -9.9900 0.0190   -9.9900
20215003 2006.704994 31.6654 64.1518  113  112.1852 18.9602 4.8820 36.6434 207.2200 -9.9900 0.0180   -9.9900
20215003 2006.704994 31.6654 64.1518  115  114.1702 18.9094 4.8762 36.6390 208.2000 -9.9900 0.0190   -9.9900
20215003 2006.704994 31.6654 64.1518  117  116.1552 18.8642 4.8712 36.6371 207.5700 -9.9900 0.0180   -9.9900
20215003 2006.704994 31.6654 64.1518  119  118.1402 18.8263 4.8671 36.6365 207.0200 -9.9900 0.0170   -9.9900
20215003 2006.704994 31.6654 64.1518  121  120.1252 18.7945 4.8637 36.6359 206.9200 -9.9900 0.0170   -9.9900
20215003 2006.704994 31.6654 64.1518  123  122.1101 18.7782 4.8621 36.6365 207.0800 -9.9900 0.0150   -9.9900
20215003 2006.704994 31.6654 64.1518  125  124.0951 18.7444 4.8582 36.6337 207.2100 -9.9900 0.0150   -9.9900
20215003 2006.704994 31.6654 64.1518  127  126.0800 18.7223 4.8556 36.6307 207.0100 -9.9900 0.0160   -9.9900
20215003 2006.704994 31.6654 64.1518  129  128.0649 18.6986 4.8527 36.6277 206.6600 -9.9900 0.0160   -9.9900
20215003 2006.704994 31.6654 64.1518  131  130.0497 18.6509 4.8472 36.6234 206.9200 -9.9900 0.0160   -9.9900
20215003 2006.704994 31.6654 64.1518  133  132.0346 18.6431 4.8462 36.6222 206.5000 -9.9900 0.0150   -9.9900
20215003 2006.704994 31.6654 64.1518  135  134.0194 18.6201 4.8436 36.6206 205.7900 -9.9900 0.0150   -9.9900
20215003 2006.704994 31.6654 64.1518  137  136.0042 18.6054 4.8420 36.6194 204.6800 -9.9900 0.0140   -9.9900
20215003 2006.704994 31.6654 64.1518  139  137.9890 18.5921 4.8403 36.6175 204.2800 -9.9900 0.0140   -9.9900
20215003 2006.704994 31.6654 64.1518  141  139.9738 18.5782 4.8387 36.6155 204.2200 -9.9900 0.0140   -9.9900
20215003 2006.704994 31.6654 64.1518  143  141.9586 18.5663 4.8373 36.6142 204.1400 -9.9900 0.0130   -9.9900
20215003 2006.704994 31.6654 64.1518  145  143.9433 18.5518 4.8357 36.6137 204.1300 -9.9900 0.0120   -9.9900
20215003 2006.704994 31.6654 64.1518  147  145.9280 18.5393 4.8343 36.6127 204.4000 -9.9900 0.0110   -9.9900
20215003 2006.704994 31.6654 64.1518  149  147.9127 18.5266 4.8328 36.6117 204.9200 -9.9900 0.0110   -9.9900
20215003 2006.704994 31.6654 64.1518  151  149.8974 18.5167 4.8317 36.6113 205.2700 -9.9900 0.0120   -9.9900
20215003 2006.704994 31.6654 64.1518  153  151.8821 18.5065 4.8307 36.6114 205.7200 -9.9900 0.0100   -9.9900
20215003 2006.704994 31.6654 64.1518  155  153.8667 18.4925 4.8291 36.6106 206.0700 -9.9900 0.0110   -9.9900
20215003 2006.704994 31.6654 64.1518  157  155.8513 18.4780 4.8274 36.6093 206.0600 -9.9900 0.0110   -9.9900
20215003 2006.704994 31.6654 64.1518  159  157.8359 18.4667 4.8261 36.6082 205.9100 -9.9900 0.0110   -9.9900
20215003 2006.704994 31.6654 64.1518  161  159.8205 18.4539 4.8246 36.6065 205.8900 -9.9900 0.0100   -9.9900
20215003 2006.704994 31.6654 64.1518  163  161.8051 18.4424 4.8232 36.6049 206.1900 -9.9900 0.0110   -9.9900
20215003 2006.704994 31.6654 64.1518  165  163.7896 18.4268 4.8214 36.6032 206.8200 -9.9900 0.0120   -9.9900
20215003 2006.704994 31.6654 64.1518  167  165.7741 18.4202 4.8207 36.6036 207.2000 -9.9900 0.0110   -9.9900
20215003 2006.704994 31.6654 64.1518  169  167.7586 18.4121 4.8198 36.6028 207.3600 -9.9900 0.0100   -9.9900
20215003 2006.704994 31.6654 64.1518  171  169.7431 18.3997 4.8183 36.6013 207.7000 -9.9900 0.0090   -9.9900
20215003 2006.704994 31.6654 64.1518  173  171.7276 18.3852 4.8166 36.5998 208.1600 -9.9900 0.0090   -9.9900
20215003 2006.704994 31.6654 64.1518  175  173.7121 18.3751 4.8156 36.5997 208.3600 -9.9900 0.0070   -9.9900
20215003 2006.704994 31.6654 64.1518  177  175.6965 18.3681 4.8148 36.5997 208.5100 -9.9900 0.0070   -9.9900
20215003 2006.704994 31.6654 64.1518  179  177.6809 18.3609 4.8141 36.6002 209.0000 -9.9900 0.0080   -9.9900
20215003 2006.704994 31.6654 64.1518  181  179.6653 18.3559 4.8136 36.6004 209.2800 -9.9900 0.0090   -9.9900
20215003 2006.704994 31.6654 64.1518  183  181.6497 18.3504 4.8131 36.6006 209.5800 -9.9900 0.0090   -9.9900
20215003 2006.704994 31.6654 64.1518  185  183.6340 18.3475 4.8128 36.6007 209.8600 -9.9900 0.0090   -9.9900
20215003 2006.704994 31.6654 64.1518  187  185.6183 18.3381 4.8116 36.5994 210.1800 -9.9900 0.0110   -9.9900
20215003 2006.704994 31.6654 64.1518  189  187.6027 18.3279 4.8105 36.5983 210.4400 -9.9900 0.0110   -9.9900
20215003 2006.704994 31.6654 64.1518  191  189.5870 18.3247 4.8103 36.6000 211.0000 -9.9900 0.0120   -9.9900
20215003 2006.704994 31.6654 64.1518  193  191.5712 18.3264 4.8107 36.6019 211.1500 -9.9900 0.0100   -9.9900
20215003 2006.704994 31.6654 64.1518  195  193.5555 18.3250 4.8106 36.6023 211.2300 -9.9900 0.0090   -9.9900
20215003 2006.704994 31.6654 64.1518  197  195.5397 18.3193 4.8100 36.6017 211.4700 -9.9900 0.0080   -9.9900
20215003 2006.704994 31.6654 64.1518  199  197.5239 18.3116 4.8090 36.6005 211.6300 -9.9900 0.0070   -9.9900
20215003 2006.704994 31.6654 64.1518  201  199.5081 18.3018 4.8078 36.5992 211.7800 -9.9900 0.0080   -9.9900
20215003 2006.704994 31.6654 64.1518  203  201.4923 18.3020 4.8080 36.6005 212.0300 -9.9900 0.0110   -9.9900
20215003 2006.704994 31.6654 64.1518  205  203.4765 18.2986 4.8076 36.6002 212.1700 -9.9900 0.0100   -9.9900
20215003 2006.704994 31.6654 64.1518  207  205.4606 18.2935 4.8070 36.5993 212.1900 -9.9900 0.0080   -9.9900
20215003 2006.704994 31.6654 64.1518  209  207.4448 18.2851 4.8058 36.5971 212.3600 -9.9900 0.0070   -9.9900
20215003 2006.704994 31.6654 64.1518  211  209.4289 18.2724 4.8042 36.5943 212.6400 -9.9900 0.0060   -9.9900
20215003 2006.704994 31.6654 64.1518  213  211.4129 18.2630 4.8031 36.5935 212.6700 -9.9900 0.0090   -9.9900
20215003 2006.704994 31.6654 64.1518  215  213.3970 18.2714 4.8046 36.5984 212.8300 -9.9900 0.0100   -9.9900
20215003 2006.704994 31.6654 64.1518  217  215.3811 18.2769 4.8055 36.6014 212.9600 -9.9900 0.0100   -9.9900
20215003 2006.704994 31.6654 64.1518  219  217.3651 18.2803 4.8060 36.6026 213.1300 -9.9900 0.0090   -9.9900
20215003 2006.704994 31.6654 64.1518  221  219.3491 18.2805 4.8060 36.6028 213.0100 -9.9900 0.0100   -9.9900
20215003 2006.704994 31.6654 64.1518  223  221.3331 18.2747 4.8052 36.6013 213.0800 -9.9900 0.0130   -9.9900
20215003 2006.704994 31.6654 64.1518  225  223.3170 18.2597 4.8033 36.5978 213.4600 -9.9900 0.0090   -9.9900
20215003 2006.704994 31.6654 64.1518  227  225.3010 18.2510 4.8021 36.5959 213.2800 -9.9900 0.0090   -9.9900
20215003 2006.704994 31.6654 64.1518  229  227.2849 18.2432 4.8012 36.5945 212.8700 -9.9900 0.0080   -9.9900
20215003 2006.704994 31.6654 64.1518  231  229.2688 18.2422 4.8011 36.5951 212.5600 -9.9900 0.0070   -9.9900
20215003 2006.704994 31.6654 64.1518  233  231.2527 18.2427 4.8013 36.5960 212.7300 -9.9900 0.0060   -9.9900
20215003 2006.704994 31.6654 64.1518  235  233.2366 18.2380 4.8007 36.5953 213.0800 -9.9900 0.0090   -9.9900
20215003 2006.704994 31.6654 64.1518  237  235.2205 18.2316 4.7999 36.5942 213.2600 -9.9900 0.0060   -9.9900
20215003 2006.704994 31.6654 64.1518  239  237.2043 18.2287 4.7996 36.5942 213.4700 -9.9900 0.0060   -9.9900
20215003 2006.704994 31.6654 64.1518  241  239.1881 18.2263 4.7994 36.5944 213.5600 -9.9900 0.0070   -9.9900
20215003 2006.704994 31.6654 64.1518  243  241.1719 18.2235 4.7991 36.5947 213.6400 -9.9900 0.0090   -9.9900
20215003 2006.704994 31.6654 64.1518  245  243.1557 18.2218 4.7990 36.5950 213.7200 -9.9900 0.0080   -9.9900
20215003 2006.704994 31.6654 64.1518  247  245.1395 18.2224 4.7992 36.5964 213.7500 -9.9900 0.0090   -9.9900
20215003 2006.704994 31.6654 64.1518  249  247.1232 18.2235 4.7994 36.5974 213.7000 -9.9900 0.0090   -9.9900
20215003 2006.704994 31.6654 64.1518  251  249.1069 18.2242 4.7996 36.5984 213.5700 -9.9900 0.0070   -9.9900
20215003 2006.704994 31.6654 64.1518  253  251.0906 18.2230 4.7995 36.5987 213.4700 -9.9900 0.0060   -9.9900
20215003 2006.704994 31.6654 64.1518  255  253.0743 18.2193 4.7991 36.5985 213.6900 -9.9900 0.0070   -9.9900
20215003 2006.704994 31.6654 64.1518  257  255.0580 18.2166 4.7989 36.5986 213.8200 -9.9900 0.0070   -9.9900
20215003 2006.704994 31.6654 64.1518  259  257.0416 18.2153 4.7988 36.5991 213.7800 -9.9900 0.0070   -9.9900
20215003 2006.704994 31.6654 64.1518  261  259.0252 18.2132 4.7986 36.5992 213.7500 -9.9900 0.0070   -9.9900
20215003 2006.704994 31.6654 64.1518  263  261.0088 18.2115 4.7984 36.5990 213.7400 -9.9900 0.0070   -9.9900
20215003 2006.704994 31.6654 64.1518  265  262.9924 18.2083 4.7980 36.5988 213.5300 -9.9900 0.0100   -9.9900
20215003 2006.704994 31.6654 64.1518  267  264.9760 18.2000 4.7969 36.5966 213.8100 -9.9900 0.0110   -9.9900
20215003 2006.704994 31.6654 64.1518  269  266.9595 18.1894 4.7956 36.5948 213.8000 -9.9900 0.0090   -9.9900
20215003 2006.704994 31.6654 64.1518  271  268.9431 18.1846 4.7950 36.5942 213.6100 -9.9900 0.0080   -9.9900
20215003 2006.704994 31.6654 64.1518  273  270.9266 18.1799 4.7945 36.5937 213.4700 -9.9900 0.0070   -9.9900
20215003 2006.704994 31.6654 64.1518  275  272.9101 18.1770 4.7941 36.5934 213.6300 -9.9900 0.0070   -9.9900
20215003 2006.704994 31.6654 64.1518  277  274.8935 18.1721 4.7936 36.5931 213.6200 -9.9900 0.0070   -9.9900
20215003 2006.704994 31.6654 64.1518  279  276.8770 18.1715 4.7936 36.5937 213.5400 -9.9900 0.0080   -9.9900
20215003 2006.704994 31.6654 64.1518  281  278.8604 18.1666 4.7929 36.5924 213.1100 -9.9900 0.0100   -9.9900
20215003 2006.704994 31.6654 64.1518  283  280.8438 18.1536 4.7913 36.5898 213.2300 -9.9900 0.0090   -9.9900
20215003 2006.704994 31.6654 64.1518  285  282.8272 18.1495 4.7908 36.5894 213.4100 -9.9900 0.0110   -9.9900
20215003 2006.704994 31.6654 64.1518  287  284.8106 18.1431 4.7899 36.5876 213.0600 -9.9900 0.0100   -9.9900
20215003 2006.704994 31.6654 64.1518  289  286.7940 18.1392 4.7894 36.5868 213.2500 -9.9900 0.0050   -9.9900
20215003 2006.704994 31.6654 64.1518  291  288.7773 18.1265 4.7878 36.5842 213.0900 -9.9900 0.0060   -9.9900
20215003 2006.704994 31.6654 64.1518  293  290.7606 18.1191 4.7869 36.5830 212.8200 -9.9900 0.0070   -9.9900
20215003 2006.704994 31.6654 64.1518  295  292.7439 18.1197 4.7871 36.5843 212.6800 -9.9900 0.0110   -9.9900
20215003 2006.704994 31.6654 64.1518  297  294.7272 18.1175 4.7868 36.5842 213.0100 -9.9900 0.0100   -9.9900
20215003 2006.704994 31.6654 64.1518  299  296.7105 18.1122 4.7861 36.5829 212.8100 -9.9900 0.0120   -9.9900
20215003 2006.704994 31.6654 64.1518  301  298.6937 18.1126 4.7863 36.5836 212.8000 -9.9900 0.0080   -9.9900
20215003 2006.704994 31.6654 64.1518  303  300.6769 18.1081 4.7857 36.5831 212.8800 -9.9900 0.0080   -9.9900
20215003 2006.704994 31.6654 64.1518  305  302.6601 18.1034 4.7851 36.5823 212.6300 -9.9900 0.0100   -9.9900
20215003 2006.704994 31.6654 64.1518  307  304.6433 18.0986 4.7845 36.5814 212.4600 -9.9900 0.0100   -9.9900
20215003 2006.704994 31.6654 64.1518  309  306.6265 18.0941 4.7840 36.5809 212.4100 -9.9900 0.0100   -9.9900
20215003 2006.704994 31.6654 64.1518  311  308.6096 18.0898 4.7835 36.5804 212.2700 -9.9900 0.0110   -9.9900
20215003 2006.704994 31.6654 64.1518  313  310.5928 18.0758 4.7817 36.5779 212.2300 -9.9900 0.0130   -9.9900
20215003 2006.704994 31.6654 64.1518  315  312.5759 18.0705 4.7812 36.5778 211.8500 -9.9900 0.0110   -9.9900
20215003 2006.704994 31.6654 64.1518  317  314.5590 18.0643 4.7804 36.5765 211.5200 -9.9900 0.0050   -9.9900
20215003 2006.704994 31.6654 64.1518  319  316.5420 18.0567 4.7795 36.5753 211.6200 -9.9900 0.0050   -9.9900
20215003 2006.704994 31.6654 64.1518  321  318.5251 18.0487 4.7785 36.5741 211.7000 -9.9900 0.0100   -9.9900
20215003 2006.704994 31.6654 64.1518  323  320.5081 18.0381 4.7771 36.5719 211.3100 -9.9900 0.0090   -9.9900
20215003 2006.704994 31.6654 64.1518  325  322.4911 18.0251 4.7755 36.5695 211.1700 -9.9900 0.0090   -9.9900
20215003 2006.704994 31.6654 64.1518  327  324.4741 18.0098 4.7735 36.5664 211.1500 -9.9900 0.0080   -9.9900
20215003 2006.704994 31.6654 64.1518  329  326.4571 18.0002 4.7723 36.5644 211.3000 -9.9900 0.0080   -9.9900
20215003 2006.704994 31.6654 64.1518  331  328.4401 17.9930 4.7713 36.5624 211.5500 -9.9900 0.0100   -9.9900
20215003 2006.704994 31.6654 64.1518  333  330.4230 17.9751 4.7690 36.5587 211.4500 -9.9900 0.0110   -9.9900
20215003 2006.704994 31.6654 64.1518  335  332.4059 17.9695 4.7683 36.5573 211.3200 -9.9900 0.0100   -9.9900
20215003 2006.704994 31.6654 64.1518  337  334.3888 17.9587 4.7669 36.5550 211.4200 -9.9900 0.0080   -9.9900
20215003 2006.704994 31.6654 64.1518  339  336.3717 17.9514 4.7660 36.5536 211.4500 -9.9900 0.0080   -9.9900
20215003 2006.704994 31.6654 64.1518  341  338.3546 17.9450 4.7652 36.5524 211.4200 -9.9900 0.0080   -9.9900
20215003 2006.704994 31.6654 64.1518  343  340.3374 17.9262 4.7627 36.5483 211.2200 -9.9900 0.0070   -9.9900
20215003 2006.704994 31.6654 64.1518  345  342.3202 17.9106 4.7607 36.5448 211.0000 -9.9900 0.0060   -9.9900
20215003 2006.704994 31.6654 64.1518  347  344.3030 17.8999 4.7593 36.5427 211.2500 -9.9900 0.0070   -9.9900
20215003 2006.704994 31.6654 64.1518  349  346.2858 17.8965 4.7589 36.5418 211.7300 -9.9900 0.0090   -9.9900
20215003 2006.704994 31.6654 64.1518  351  348.2686 17.8889 4.7579 36.5402 212.1600 -9.9900 0.0100   -9.9900
20215003 2006.704994 31.6654 64.1518  353  350.2513 17.8765 4.7563 36.5374 212.2700 -9.9900 0.0110   -9.9900
20215003 2006.704994 31.6654 64.1518  355  352.2341 17.8685 4.7553 36.5358 212.4900 -9.9900 0.0080   -9.9900
20215003 2006.704994 31.6654 64.1518  357  354.2168 17.8629 4.7545 36.5345 212.8400 -9.9900 0.0070   -9.9900
20215003 2006.704994 31.6654 64.1518  359  356.1995 17.8527 4.7532 36.5324 212.7100 -9.9900 0.0080   -9.9900
20215003 2006.704994 31.6654 64.1518  361  358.1821 17.8417 4.7518 36.5301 212.5200 -9.9900 0.0080   -9.9900
20215003 2006.704994 31.6654 64.1518  363  360.1648 17.8278 4.7500 36.5273 212.6300 -9.9900 0.0060   -9.9900
20215003 2006.704994 31.6654 64.1518  365  362.1474 17.8167 4.7486 36.5248 212.3700 -9.9900 0.0090   -9.9900
20215003 2006.704994 31.6654 64.1518  367  364.1300 17.8041 4.7470 36.5222 212.2600 -9.9900 0.0090   -9.9900
20215003 2006.704994 31.6654 64.1518  369  366.1126 17.7903 4.7452 36.5191 211.8900 -9.9900 0.0080   -9.9900
20215003 2006.704994 31.6654 64.1518  371  368.0952 17.7784 4.7436 36.5164 211.6400 -9.9900 0.0080   -9.9900
20215003 2006.704994 31.6654 64.1518  373  370.0777 17.7561 4.7407 36.5113 211.4900 -9.9900 0.0070   -9.9900
20215003 2006.704994 31.6654 64.1518  375  372.0603 17.7312 4.7376 36.5062 211.4000 -9.9900 0.0070   -9.9900
20215003 2006.704994 31.6654 64.1518  377  374.0428 17.7035 4.7340 36.5005 211.1400 -9.9900 0.0070   -9.9900
20215003 2006.704994 31.6654 64.1518  379  376.0253 17.6927 4.7326 36.4981 211.0700 -9.9900 0.0070   -9.9900
20215003 2006.704994 31.6654 64.1518  381  378.0078 17.6842 4.7315 36.4962 211.0500 -9.9900 0.0050   -9.9900
20215003 2006.704994 31.6654 64.1518  383  379.9902 17.6664 4.7292 36.4925 210.9200 -9.9900 0.0060   -9.9900
20215003 2006.704994 31.6654 64.1518  385  381.9727 17.6513 4.7273 36.4891 210.7800 -9.9900 0.0100   -9.9900
20215003 2006.704994 31.6654 64.1518  387  383.9551 17.6329 4.7249 36.4853 210.4700 -9.9900 0.0070   -9.9900
20215003 2006.704994 31.6654 64.1518  389  385.9375 17.6152 4.7227 36.4815 210.2300 -9.9900 0.0040   -9.9900
20215003 2006.704994 31.6654 64.1518  391  387.9199 17.5818 4.7184 36.4747 209.9000 -9.9900 0.0070   -9.9900
20215003 2006.704994 31.6654 64.1518  393  389.9022 17.5669 4.7166 36.4720 209.5500 -9.9900 0.0090   -9.9900
20215003 2006.704994 31.6654 64.1518  395  391.8846 17.5557 4.7151 36.4695 209.2600 -9.9900 0.0090   -9.9900
20215003 2006.704994 31.6654 64.1518  397  393.8669 17.5403 4.7131 36.4658 209.0400 -9.9900 0.0090   -9.9900
20215003 2006.704994 31.6654 64.1518  399  395.8492 17.5157 4.7100 36.4611 207.2700 -9.9900 0.0070   -9.9900
20215003 2006.704994 31.6654 64.1518  401  397.8315 17.5033 4.7085 36.4589 206.1700 -9.9900 0.0060   -9.9900
20215004 2006.705460 31.6681 63.8505    7    6.9513 27.0622 5.7621 36.7080 203.0000 -9.9900 0.0130   -9.9900
20215004 2006.705460 31.6681 63.8505    9    8.9374 27.0580 5.7615 36.7073 202.9000 -9.9900 0.0130   -9.9900
20215004 2006.705460 31.6681 63.8505   11   10.9234 27.0512 5.7606 36.7062 202.6200 -9.9900 0.0130   -9.9900
20215004 2006.705460 31.6681 63.8505   13   12.9094 27.0343 5.7584 36.7039 203.0100 -9.9900 0.0150   -9.9900
20215004 2006.705460 31.6681 63.8505   15   14.8954 27.0093 5.7553 36.7012 203.0900 -9.9900 0.0160   -9.9900
20215004 2006.705460 31.6681 63.8505   17   16.8813 26.9996 5.7542 36.7006 203.0000 -9.9900 0.0130   -9.9900
20215004 2006.705460 31.6681 63.8505   19   18.8673 26.9953 5.7537 36.7006 203.1900 -9.9900 0.0110   -9.9900
20215004 2006.705460 31.6681 63.8505   21   20.8532 26.9941 5.7536 36.7009 203.7600 -9.9900 0.0130   -9.9900
20215004 2006.705460 31.6681 63.8505   23   22.8391 26.9914 5.7533 36.7009 203.6800 -9.9900 0.0130   -9.9900
20215004 2006.705460 31.6681 63.8505   25   24.8250 26.9859 5.7526 36.7004 203.6500 -9.9900 0.0120   -9.9900
20215004 2006.705460 31.6681 63.8505   27   26.8109 26.9831 5.7523 36.7005 203.4100 -9.9900 0.0140   -9.9900
20215004 2006.705460 31.6681 63.8505   29   28.7968 26.9807 5.7520 36.7004 203.8900 -9.9900 0.0150   -9.9900
20215004 2006.705460 31.6681 63.8505   31   30.7826 26.9788 5.7519 36.7005 204.5600 -9.9900 0.0110   -9.9900
20215004 2006.705460 31.6681 63.8505   33   32.7684 26.9649 5.7502 36.6994 204.5100 -9.9900 0.0140   -9.9900
20215004 2006.705460 31.6681 63.8505   35   34.7542 26.8601 5.7384 36.6977 205.9900 -9.9900 0.0140   -9.9900
20215004 2006.705460 31.6681 63.8505   37   36.7400 26.7196 5.7227 36.6956 206.9000 -9.9900 0.0120   -9.9900
20215004 2006.705460 31.6681 63.8505   39   38.7257 26.5732 5.7064 36.6941 208.5400 -9.9900 0.0110   -9.9900
20215004 2006.705460 31.6681 63.8505   41   40.7115 26.3892 5.6863 36.6940 211.9100 -9.9900 0.0130   -9.9900
20215004 2006.705460 31.6681 63.8505   43   42.6972 25.9990 5.6433 36.6922 218.7100 -9.9900 0.0140   -9.9900
20215004 2006.705460 31.6681 63.8505   45   44.6829 25.2839 5.5649 36.6899 228.1000 -9.9900 0.0160   -9.9900
20215004 2006.705460 31.6681 63.8505   47   46.6686 24.1592 5.4434 36.6951 233.8100 -9.9900 0.0140   -9.9900
20215004 2006.705460 31.6681 63.8505   49   48.6542 23.2307 5.3456 36.7144 236.0000 -9.9900 0.0150   -9.9900
20215004 2006.705460 31.6681 63.8505   51   50.6399 22.6723 5.2874 36.7302 236.9000 -9.9900 0.0150   -9.9900
20215004 2006.705460 31.6681 63.8505   53   52.6255 22.1447 5.2318 36.7383 237.6800 -9.9900 0.0170   -9.9900
20215004 2006.705460 31.6681 63.8505   55   54.6111 21.6705 5.1804 36.7340 237.9100 -9.9900 0.0160   -9.9900
20215004 2006.705460 31.6681 63.8505   57   56.5967 21.5746 5.1698 36.7308 236.8900 -9.9900 0.0130   -9.9900
20215004 2006.705460 31.6681 63.8505   59   58.5822 21.3898 5.1500 36.7306 236.1000 -9.9900 0.0110   -9.9900
20215004 2006.705460 31.6681 63.8505   61   60.5678 21.2118 5.1307 36.7284 236.0100 -9.9900 0.0120   -9.9900
20215004 2006.705460 31.6681 63.8505   63   62.5533 20.9742 5.1049 36.7243 234.2900 -9.9900 0.0130   -9.9900
20215004 2006.705460 31.6681 63.8505   65   64.5388 20.7894 5.0845 36.7188 232.0000 -9.9900 0.0140   -9.9900
20215004 2006.705460 31.6681 63.8505   67   66.5243 20.5864 5.0627 36.7167 230.9100 -9.9900 0.0170   -9.9900
20215004 2006.705460 31.6681 63.8505   69   68.5098 20.4300 5.0459 36.7156 229.3400 -9.9900 0.0170   -9.9900
20215004 2006.705460 31.6681 63.8505   71   70.4952 20.3086 5.0330 36.7152 228.5500 -9.9900 0.0160   -9.9900
20215004 2006.705460 31.6681 63.8505   73   72.4806 20.2009 5.0214 36.7137 226.7000 -9.9900 0.0160   -9.9900
20215004 2006.705460 31.6681 63.8505   75   74.4660 20.1190 5.0124 36.7112 225.0300 -9.9900 0.0160   -9.9900
20215004 2006.705460 31.6681 63.8505   77   76.4514 20.0274 5.0025 36.7096 224.5200 -9.9900 0.0160   -9.9900
20215004 2006.705460 31.6681 63.8505   79   78.4368 19.9615 4.9947 36.7025 224.8400 -9.9900 0.0170   -9.9900
20215004 2006.705460 31.6681 63.8505   81   80.4222 19.8584 4.9829 36.6956 224.1400 -9.9900 0.0180   -9.9900
20215004 2006.705460 31.6681 63.8505   83   82.4075 19.7432 4.9702 36.6910 223.1500 -9.9900 0.0190   -9.9900
20215004 2006.705460 31.6681 63.8505   85   84.3928 19.7124 4.9669 36.6906 221.9500 -9.9900 0.0160   -9.9900
20215004 2006.705460 31.6681 63.8505   87   86.3781 19.6546 4.9605 36.6879 220.9800 -9.9900 0.0160   -9.9900
20215004 2006.705460 31.6681 63.8505   89   88.3634 19.6034 4.9548 36.6855 220.2300 -9.9900 0.0160   -9.9900
20215004 2006.705460 31.6681 63.8505   91   90.3486 19.5607 4.9501 36.6837 219.3800 -9.9900 0.0150   -9.9900
20215004 2006.705460 31.6681 63.8505   93   92.3339 19.5044 4.9438 36.6807 218.0200 -9.9900 0.0190   -9.9900
20215004 2006.705460 31.6681 63.8505   95   94.3191 19.4406 4.9366 36.6774 216.5200 -9.9900 0.0210   -9.9900
20215004 2006.705460 31.6681 63.8505   97   96.3043 19.3790 4.9298 36.6747 215.9000 -9.9900 0.0180   -9.9900
20215004 2006.705460 31.6681 63.8505   99   98.2895 19.3436 4.9259 36.6734 215.4100 -9.9900 0.0160   -9.9900
20215004 2006.705460 31.6681 63.8505  101  100.2746 19.3228 4.9236 36.6722 215.2500 -9.9900 0.0150   -9.9900
20215004 2006.705460 31.6681 63.8505  103  102.2598 19.3044 4.9216 36.6713 214.2600 -9.9900 0.0190   -9.9900
20215004 2006.705460 31.6681 63.8505  105  104.2449 19.2584 4.9162 36.6673 213.7300 -9.9900 0.0190   -9.9900
20215004 2006.705460 31.6681 63.8505  107  106.2300 19.2007 4.9098 36.6643 211.8500 -9.9900 0.0200   -9.9900
20215004 2006.705460 31.6681 63.8505  109  108.2151 19.1402 4.9030 36.6611 209.8500 -9.9900 0.0200   -9.9900
20215004 2006.705460 31.6681 63.8505  111  110.2001 19.0480 4.8927 36.6556 207.0300 -9.9900 0.0200   -9.9900
20215004 2006.705460 31.6681 63.8505  113  112.1852 19.0073 4.8882 36.6538 206.4400 -9.9900 0.0180   -9.9900
20215004 2006.705460 31.6681 63.8505  115  114.1702 18.9867 4.8863 36.6558 205.9600 -9.9900 0.0190   -9.9900
20215004 2006.705460 31.6681 63.8505  117  116.1552 18.9644 4.8836 36.6533 205.1400 -9.9900 0.0190   -9.9900
20215004 2006.705460 31.6681 63.8505  119  118.1402 18.9088 4.8772 36.6484 204.0500 -9.9900 0.0170   -9.9900
20215004 2006.705460 31.6681 63.8505  121  120.1252 18.9064 4.8769 36.6481 204.1500 -9.9900 0.0170   -9.9900
20215004 2006.705460 31.6681 63.8505  123  122.1101 18.8827 4.8741 36.6456 203.6300 -9.9900 0.0150   -9.9900
20215004 2006.705460 31.6681 63.8505  125  124.0950 18.8579 4.8711 36.6419 202.9900 -9.9900 0.0150   -9.9900
20215004 2006.705460 31.6681 63.8505  127  126.0799 18.8280 4.8675 36.6378 202.9500 -9.9900 0.0150   -9.9900
20215004 2006.705460 31.6681 63.8505  129  128.0648 18.8145 4.8659 36.6364 203.1000 -9.9900 0.0150   -9.9900
20215004 2006.705460 31.6681 63.8505  131  130.0497 18.8015 4.8647 36.6378 203.3100 -9.9900 0.0140   -9.9900
20215004 2006.705460 31.6681 63.8505  133  132.0346 18.7893 4.8635 36.6385 203.0800 -9.9900 0.0160   -9.9900
20215004 2006.705460 31.6681 63.8505  135  134.0194 18.7679 4.8609 36.6358 203.0400 -9.9900 0.0150   -9.9900
20215004 2006.705460 31.6681 63.8505  137  136.0042 18.7497 4.8587 36.6332 203.2400 -9.9900 0.0150   -9.9900
20215004 2006.705460 31.6681 63.8505  139  137.9890 18.7299 4.8564 36.6312 203.5400 -9.9900 0.0140   -9.9900
20215004 2006.705460 31.6681 63.8505  141  139.9738 18.7134 4.8545 36.6301 203.7800 -9.9900 0.0150   -9.9900
20215004 2006.705460 31.6681 63.8505  143  141.9585 18.6943 4.8524 36.6291 204.0600 -9.9900 0.0150   -9.9900
20215004 2006.705460 31.6681 63.8505  145  143.9433 18.6849 4.8514 36.6290 204.3200 -9.9900 0.0160   -9.9900
20215004 2006.705460 31.6681 63.8505  147  145.9280 18.6761 4.8505 36.6290 204.6100 -9.9900 0.0130   -9.9900
20215004 2006.705460 31.6681 63.8505  149  147.9127 18.6581 4.8484 36.6270 204.6300 -9.9900 0.0150   -9.9900
20215004 2006.705460 31.6681 63.8505  151  149.8974 18.6446 4.8468 36.6252 204.5100 -9.9900 0.0140   -9.9900
20215004 2006.705460 31.6681 63.8505  153  151.8820 18.6310 4.8451 36.6233 204.6400 -9.9900 0.0130   -9.9900
20215004 2006.705460 31.6681 63.8505  155  153.8667 18.6249 4.8444 36.6226 204.7900 -9.9900 0.0140   -9.9900
20215004 2006.705460 31.6681 63.8505  157  155.8513 18.6104 4.8428 36.6221 204.6700 -9.9900 0.0150   -9.9900
20215004 2006.705460 31.6681 63.8505  159  157.8359 18.6061 4.8424 36.6222 204.5000 -9.9900 0.0150   -9.9900
20215004 2006.705460 31.6681 63.8505  161  159.8205 18.5954 4.8412 36.6220 204.0700 -9.9900 0.0130   -9.9900
20215004 2006.705460 31.6681 63.8505  163  161.8050 18.5896 4.8404 36.6204 204.5500 -9.9900 0.0130   -9.9900
20215004 2006.705460 31.6681 63.8505  165  163.7896 18.5735 4.8386 36.6188 205.3200 -9.9900 0.0140   -9.9900
20215004 2006.705460 31.6681 63.8505  167  165.7741 18.5671 4.8379 36.6188 205.6900 -9.9900 0.0120   -9.9900
20215004 2006.705460 31.6681 63.8505  169  167.7586 18.5605 4.8371 36.6183 205.8300 -9.9900 0.0120   -9.9900
20215004 2006.705460 31.6681 63.8505  171  169.7431 18.5477 4.8357 36.6174 205.8500 -9.9900 0.0120   -9.9900
20215004 2006.705460 31.6681 63.8505  173  171.7276 18.5346 4.8341 36.6157 205.7900 -9.9900 0.0130   -9.9900
20215004 2006.705460 31.6681 63.8505  175  173.7120 18.5159 4.8319 36.6136 206.1700 -9.9900 0.0110   -9.9900
20215004 2006.705460 31.6681 63.8505  177  175.6964 18.5035 4.8305 36.6123 206.4700 -9.9900 0.0080   -9.9900
20215004 2006.705460 31.6681 63.8505  179  177.6809 18.4986 4.8299 36.6120 206.4100 -9.9900 0.0070   -9.9900
20215004 2006.705460 31.6681 63.8505  181  179.6652 18.4853 4.8284 36.6112 206.4000 -9.9900 0.0080   -9.9900
20215004 2006.705460 31.6681 63.8505  183  181.6496 18.4825 4.8281 36.6110 206.3900 -9.9900 0.0100   -9.9900
20215004 2006.705460 31.6681 63.8505  185  183.6340 18.4681 4.8265 36.6099 206.4000 -9.9900 0.0110   -9.9900
20215004 2006.705460 31.6681 63.8505  187  185.6183 18.4636 4.8260 36.6096 206.3400 -9.9900 0.0110   -9.9900
20215004 2006.705460 31.6681 63.8505  189  187.6026 18.4534 4.8248 36.6088 206.4600 -9.9900 0.0110   -9.9900
20215004 2006.705460 31.6681 63.8505  191  189.5869 18.4447 4.8238 36.6077 206.7700 -9.9900 0.0090   -9.9900
20215004 2006.705460 31.6681 63.8505  193  191.5712 18.4349 4.8227 36.6073 206.8800 -9.9900 0.0080   -9.9900
20215004 2006.705460 31.6681 63.8505  195  193.5554 18.4267 4.8219 36.6081 207.5700 -9.9900 0.0080   -9.9900
20215004 2006.705460 31.6681 63.8505  197  195.5397 18.4231 4.8217 36.6090 208.1200 -9.9900 0.0090   -9.9900
20215004 2006.705460 31.6681 63.8505  199  197.5239 18.4189 4.8212 36.6091 208.3600 -9.9900 0.0100   -9.9900
20215004 2006.705460 31.6681 63.8505  201  199.5081 18.4079 4.8200 36.6080 208.5900 -9.9900 0.0110   -9.9900
20215004 2006.705460 31.6681 63.8505  203  201.4923 18.3992 4.8189 36.6069 208.0000 -9.9900 0.0090   -9.9900
20215004 2006.705460 31.6681 63.8505  205  203.4764 18.3903 4.8178 36.6057 207.8800 -9.9900 0.0080   -9.9900
20215004 2006.705460 31.6681 63.8505  207  205.4606 18.3756 4.8161 36.6036 207.3900 -9.9900 0.0080   -9.9900
20215004 2006.705460 31.6681 63.8505  209  207.4447 18.3700 4.8154 36.6031 207.4200 -9.9900 0.0080   -9.9900
20215004 2006.705460 31.6681 63.8505  211  209.4288 18.3602 4.8143 36.6021 207.7800 -9.9900 0.0080   -9.9900
20215004 2006.705460 31.6681 63.8505  213  211.4129 18.3553 4.8137 36.6016 208.2600 -9.9900 0.0100   -9.9900
20215004 2006.705460 31.6681 63.8505  215  213.3970 18.3531 4.8135 36.6018 208.2600 -9.9900 0.0090   -9.9900
20215004 2006.705460 31.6681 63.8505  217  215.3810 18.3517 4.8134 36.6022 208.4300 -9.9900 0.0090   -9.9900
20215004 2006.705460 31.6681 63.8505  219  217.3650 18.3458 4.8127 36.6012 208.4600 -9.9900 0.0080   -9.9900
20215004 2006.705460 31.6681 63.8505  221  219.3490 18.3371 4.8117 36.6009 208.9900 -9.9900 0.0070   -9.9900
20215004 2006.705460 31.6681 63.8505  223  221.3330 18.3334 4.8114 36.6011 208.9300 -9.9900 0.0120   -9.9900
20215004 2006.705460 31.6681 63.8505  225  223.3170 18.3275 4.8107 36.6007 209.2000 -9.9900 0.0080   -9.9900
20215004 2006.705460 31.6681 63.8505  227  225.3009 18.3262 4.8106 36.6009 209.1100 -9.9900 0.0090   -9.9900
20215004 2006.705460 31.6681 63.8505  229  227.2849 18.3202 4.8099 36.6002 208.9600 -9.9900 0.0080   -9.9900
20215004 2006.705460 31.6681 63.8505  231  229.2688 18.3151 4.8093 36.5998 209.0900 -9.9900 0.0080   -9.9900
20215004 2006.705460 31.6681 63.8505  233  231.2527 18.3098 4.8087 36.5998 209.4300 -9.9900 0.0080   -9.9900
20215004 2006.705460 31.6681 63.8505  235  233.2366 18.3019 4.8079 36.5995 209.7500 -9.9900 0.0070   -9.9900
20215004 2006.705460 31.6681 63.8505  237  235.2204 18.2983 4.8075 36.5993 210.1400 -9.9900 0.0070   -9.9900
20215004 2006.705460 31.6681 63.8505  239  237.2042 18.2947 4.8071 36.5993 210.3300 -9.9900 0.0090   -9.9900
20215004 2006.705460 31.6681 63.8505  241  239.1881 18.2863 4.8061 36.5984 210.5800 -9.9900 0.0090   -9.9900
20215004 2006.705460 31.6681 63.8505  243  241.1719 18.2838 4.8058 36.5981 210.0100 -9.9900 0.0090   -9.9900
20215004 2006.705460 31.6681 63.8505  245  243.1556 18.2763 4.8050 36.5974 209.3900 -9.9900 0.0080   -9.9900
20215004 2006.705460 31.6681 63.8505  247  245.1394 18.2683 4.8041 36.5970 209.4700 -9.9900 0.0090   -9.9900
20215004 2006.705460 31.6681 63.8505  249  247.1231 18.2578 4.8028 36.5953 209.4700 -9.9900 0.0110   -9.9900
20215004 2006.705460 31.6681 63.8505  251  249.1069 18.2580 4.8029 36.5966 209.7300 -9.9900 0.0090   -9.9900
20215004 2006.705460 31.6681 63.8505  253  251.0906 18.2564 4.8029 36.5979 210.2800 -9.9900 0.0090   -9.9900
20215004 2006.705460 31.6681 63.8505  255  253.0742 18.2608 4.8036 36.6001 210.4300 -9.9900 0.0070   -9.9900
20215004 2006.705460 31.6681 63.8505  257  255.0579 18.2562 4.8031 36.5996 210.4600 -9.9900 0.0060   -9.9900
20215004 2006.705460 31.6681 63.8505  259  257.0416 18.2490 4.8022 36.5984 210.2500 -9.9900 0.0050   -9.9900
20215004 2006.705460 31.6681 63.8505  261  259.0252 18.2378 4.8008 36.5967 210.3400 -9.9900 0.0090   -9.9900
20215004 2006.705460 31.6681 63.8505  263  261.0088 18.2319 4.8001 36.5958 210.1500 -9.9900 0.0100   -9.9900
20215004 2006.705460 31.6681 63.8505  265  262.9924 18.2238 4.7991 36.5946 209.7900 -9.9900 0.0090   -9.9900
20215004 2006.705460 31.6681 63.8505  267  264.9759 18.2137 4.7979 36.5929 209.5800 -9.9900 0.0090   -9.9900
20215004 2006.705460 31.6681 63.8505  269  266.9595 18.1985 4.7960 36.5900 209.1400 -9.9900 0.0100   -9.9900
20215004 2006.705460 31.6681 63.8505  271  268.9430 18.1893 4.7948 36.5883 208.6500 -9.9900 0.0110   -9.9900
20215004 2006.705460 31.6681 63.8505  273  270.9265 18.1760 4.7930 36.5851 207.9300 -9.9900 0.0090   -9.9900
20215004 2006.705460 31.6681 63.8505  275  272.9100 18.1583 4.7907 36.5809 207.7800 -9.9900 0.0060   -9.9900
20215004 2006.705460 31.6681 63.8505  277  274.8935 18.1496 4.7896 36.5792 208.4900 -9.9900 0.0080   -9.9900
20215004 2006.705460 31.6681 63.8505  279  276.8769 18.1577 4.7909 36.5832 208.1500 -9.9900 0.0100   -9.9900
20215004 2006.705460 31.6681 63.8505  281  278.8604 18.1476 4.7895 36.5804 207.0400 -9.9900 0.0120   -9.9900
20215004 2006.705460 31.6681 63.8505  283  280.8438 18.1212 4.7861 36.5743 207.6700 -9.9900 0.0090   -9.9900
20215004 2006.705460 31.6681 63.8505  285  282.8272 18.1198 4.7859 36.5745 207.6000 -9.9900 0.0080   -9.9900
20215004 2006.705460 31.6681 63.8505  287  284.8106 18.1235 4.7866 36.5765 207.1600 -9.9900 0.0090   -9.9900
20215004 2006.705460 31.6681 63.8505  289  286.7939 18.1058 4.7842 36.5722 207.4000 -9.9900 0.0080   -9.9900
20215004 2006.705460 31.6681 63.8505  291  288.7773 18.1042 4.7841 36.5729 207.5400 -9.9900 0.0080   -9.9900
20215004 2006.705460 31.6681 63.8505  293  290.7606 18.0954 4.7831 36.5717 207.6500 -9.9900 0.0060   -9.9900
20215004 2006.705460 31.6681 63.8505  295  292.7439 18.0887 4.7823 36.5709 207.4600 -9.9900 0.0070   -9.9900
20215004 2006.705460 31.6681 63.8505  297  294.7272 18.0852 4.7819 36.5711 207.3200 -9.9900 0.0110   -9.9900
20215004 2006.705460 31.6681 63.8505  299  296.7104 18.0713 4.7802 36.5689 207.4300 -9.9900 0.0090   -9.9900
20215004 2006.705460 31.6681 63.8505  301  298.6937 18.0629 4.7792 36.5677 207.4800 -9.9900 0.0080   -9.9900
20215004 2006.705460 31.6681 63.8505  303  300.6769 18.0587 4.7787 36.5673 207.5400 -9.9900 0.0080   -9.9900
20215004 2006.705460 31.6681 63.8505  305  302.6601 18.0500 4.7777 36.5663 207.5100 -9.9900 0.0070   -9.9900
20215004 2006.705460 31.6681 63.8505  307  304.6433 18.0478 4.7775 36.5663 207.5300 -9.9900 0.0070   -9.9900
20215004 2006.705460 31.6681 63.8505  309  306.6264 18.0453 4.7773 36.5666 207.5300 -9.9900 0.0060   -9.9900
20215004 2006.705460 31.6681 63.8505  311  308.6096 18.0456 4.7773 36.5669 207.5200 -9.9900 0.0060   -9.9900
20215004 2006.705460 31.6681 63.8505  313  310.5927 18.0421 4.7768 36.5660 207.6100 -9.9900 0.0050   -9.9900
20215004 2006.705460 31.6681 63.8505  315  312.5758 18.0369 4.7762 36.5648 207.9100 -9.9900 0.0040   -9.9900
20215004 2006.705460 31.6681 63.8505  317  314.5589 18.0339 4.7759 36.5655 207.9500 -9.9900 0.0040   -9.9900
20215004 2006.705460 31.6681 63.8505  319  316.5420 18.0310 4.7757 36.5659 207.8200 -9.9900 0.0050   -9.9900
20215004 2006.705460 31.6681 63.8505  321  318.5250 18.0255 4.7751 36.5657 207.6500 -9.9900 0.0060   -9.9900
20215004 2006.705460 31.6681 63.8505  323  320.5081 18.0171 4.7740 36.5638 207.7500 -9.9900 0.0070   -9.9900
20215004 2006.705460 31.6681 63.8505  325  322.4911 18.0029 4.7722 36.5611 207.8400 -9.9900 0.0100   -9.9900
20215004 2006.705460 31.6681 63.8505  327  324.4741 17.9999 4.7718 36.5608 207.7200 -9.9900 0.0100   -9.9900
20215004 2006.705460 31.6681 63.8505  329  326.4570 17.9957 4.7713 36.5596 207.4300 -9.9900 0.0090   -9.9900
20215004 2006.705460 31.6681 63.8505  331  328.4400 17.9844 4.7698 36.5571 207.2200 -9.9900 0.0080   -9.9900
20215004 2006.705460 31.6681 63.8505  333  330.4229 17.9698 4.7679 36.5542 207.0900 -9.9900 0.0060   -9.9900
20215004 2006.705460 31.6681 63.8505  335  332.4059 17.9474 4.7651 36.5500 206.7300 -9.9900 0.0040   -9.9900
20215004 2006.705460 31.6681 63.8505  337  334.3888 17.9445 4.7648 36.5494 206.4800 -9.9900 0.0060   -9.9900
20215004 2006.705460 31.6681 63.8505  339  336.3716 17.9386 4.7640 36.5482 206.1900 -9.9900 0.0070   -9.9900
20215004 2006.705460 31.6681 63.8505  341  338.3545 17.9248 4.7622 36.5453 205.9400 -9.9900 0.0070   -9.9900
20215004 2006.705460 31.6681 63.8505  343  340.3373 17.9126 4.7607 36.5429 205.7700 -9.9900 0.0060   -9.9900
20215004 2006.705460 31.6681 63.8505  345  342.3202 17.9010 4.7592 36.5405 205.6100 -9.9900 0.0050   -9.9900
20215004 2006.705460 31.6681 63.8505  347  344.3030 17.8882 4.7576 36.5380 205.5700 -9.9900 0.0060   -9.9900
20215004 2006.705460 31.6681 63.8505  349  346.2857 17.8746 4.7558 36.5352 205.1800 -9.9900 0.0080   -9.9900
20215004 2006.705460 31.6681 63.8505  351  348.2685 17.8638 4.7545 36.5333 205.3200 -9.9900 0.0100   -9.9900
20215004 2006.705460 31.6681 63.8505  353  350.2513 17.8542 4.7533 36.5314 205.3600 -9.9900 0.0110   -9.9900
20215004 2006.705460 31.6681 63.8505  355  352.2340 17.8449 4.7521 36.5296 204.9200 -9.9900 0.0100   -9.9900
20215004 2006.705460 31.6681 63.8505  357  354.2167 17.8295 4.7502 36.5268 204.3600 -9.9900 0.0080   -9.9900
20215004 2006.705460 31.6681 63.8505  359  356.1994 17.8117 4.7479 36.5233 204.3300 -9.9900 0.0080   -9.9900
20215004 2006.705460 31.6681 63.8505  361  358.1820 17.7892 4.7451 36.5189 204.1800 -9.9900 0.0090   -9.9900
20215004 2006.705460 31.6681 63.8505  363  360.1647 17.7757 4.7434 36.5164 203.2500 -9.9900 0.0110   -9.9900
20215004 2006.705460 31.6681 63.8505  365  362.1473 17.7570 4.7409 36.5122 203.2000 -9.9900 0.0090   -9.9900
20215004 2006.705460 31.6681 63.8505  367  364.1299 17.7265 4.7371 36.5062 202.7100 -9.9900 0.0050   -9.9900
20215004 2006.705460 31.6681 63.8505  369  366.1125 17.7077 4.7347 36.5023 202.4700 -9.9900 0.0060   -9.9900
20215004 2006.705460 31.6681 63.8505  371  368.0951 17.6735 4.7303 36.4955 202.1400 -9.9900 0.0080   -9.9900
20215004 2006.705460 31.6681 63.8505  373  370.0777 17.6636 4.7291 36.4937 202.3000 -9.9900 0.0080   -9.9900
20215004 2006.705460 31.6681 63.8505  375  372.0602 17.6595 4.7286 36.4929 202.2100 -9.9900 0.0090   -9.9900
20215004 2006.705460 31.6681 63.8505  377  374.0427 17.6495 4.7273 36.4907 201.8600 -9.9900 0.0090   -9.9900
20215004 2006.705460 31.6681 63.8505  379  376.0252 17.6347 4.7254 36.4879 201.5300 -9.9900 0.0100   -9.9900
20215004 2006.705460 31.6681 63.8505  381  378.0077 17.6146 4.7229 36.4839 201.2000 -9.9900 0.0100   -9.9900
20215004 2006.705460 31.6681 63.8505  383  379.9902 17.5903 4.7198 36.4789 200.7000 -9.9900 0.0090   -9.9900
20215004 2006.705460 31.6681 63.8505  385  381.9726 17.5644 4.7165 36.4735 200.1700 -9.9900 0.0080   -9.9900
20215004 2006.705460 31.6681 63.8505  387  383.9550 17.5330 4.7125 36.4675 199.6100 -9.9900 0.0070   -9.9900
20215004 2006.705460 31.6681 63.8505  389  385.9374 17.5039 4.7089 36.4619 199.2400 -9.9900 0.0080   -9.9900
20215004 2006.705460 31.6681 63.8505  391  387.9198 17.4718 4.7048 36.4559 198.8200 -9.9900 0.0090   -9.9900
20215004 2006.705460 31.6681 63.8505  393  389.9022 17.4457 4.7016 36.4513 198.4200 -9.9900 0.0080   -9.9900
20215004 2006.705460 31.6681 63.8505  395  391.8845 17.4308 4.6998 36.4486 198.1900 -9.9900 0.0070   -9.9900
20215004 2006.705460 31.6681 63.8505  397  393.8668 17.4137 4.6976 36.4450 198.1300 -9.9900 0.0070   -9.9900
20215004 2006.705460 31.6681 63.8505  399  395.8491 17.3993 4.6957 36.4420 198.0300 -9.9900 0.0060   -9.9900
20215004 2006.705460 31.6681 63.8505  401  397.8314 17.3831 4.6937 36.4390 197.9000 -9.9900 0.0070   -9.9900
