20219001 2007.107384 31.6524 63.7432    6    5.9583 20.1592 5.0146 36.6943 218.2400 -9.9900 0.1170   -9.9900
20219001 2007.107384 31.6524 63.7432    8    7.9443 20.1623 5.0149 36.6940 218.2000 -9.9900 0.1180   -9.9900
20219001 2007.107384 31.6524 63.7432   10    9.9304 20.1640 5.0151 36.6939 218.3200 -9.9900 0.1200   -9.9900
20219001 2007.107384 31.6524 63.7432   12   11.9164 20.1647 5.0152 36.6939 218.5200 -9.9900 0.1200   -9.9900
20219001 2007.107384 31.6524 63.7432   14   13.9024 20.1653 5.0152 36.6939 218.8100 -9.9900 0.1230   -9.9900
20219001 2007.107384 31.6524 63.7432   16   15.8884 20.1654 5.0152 36.6939 218.8900 -9.9900 0.1240   -9.9900
20219001 2007.107384 31.6524 63.7432   18   17.8743 20.1666 5.0154 36.6939 218.7000 -9.9900 0.1250   -9.9900
20219001 2007.107384 31.6524 63.7432   20   19.8603 20.1694 5.0156 36.6938 218.5300 -9.9900 0.1250   -9.9900
20219001 2007.107384 31.6524 63.7432   22   21.8462 20.1739 5.0161 36.6937 218.4400 -9.9900 0.1280   -9.9900
20219001 2007.107384 31.6524 63.7432   24   23.8321 20.1749 5.0162 36.6936 218.2700 -9.9900 0.1310   -9.9900
20219001 2007.107384 31.6524 63.7432   26   25.8180 20.1746 5.0160 36.6924 218.8200 -9.9900 0.1290   -9.9900
20219001 2007.107384 31.6524 63.7432   28   27.8039 20.1727 5.0158 36.6923 218.6000 -9.9900 0.1290   -9.9900
20219001 2007.107384 31.6524 63.7432   30   29.7897 20.1731 5.0159 36.6923 218.4600 -9.9900 0.1290   -9.9900
20219001 2007.107384 31.6524 63.7432   32   31.7755 20.1740 5.0159 36.6922 218.3700 -9.9900 0.1240   -9.9900
20219001 2007.107384 31.6524 63.7432   34   33.7613 20.1750 5.0160 36.6921 218.5600 -9.9900 0.1250   -9.9900
20219001 2007.107384 31.6524 63.7432   36   35.7471 20.1751 5.0161 36.6922 219.0500 -9.9900 0.1160   -9.9900
20219001 2007.107384 31.6524 63.7432   38   37.7329 20.1801 5.0167 36.6933 218.6500 -9.9900 0.1190   -9.9900
20219001 2007.107384 31.6524 63.7432   40   39.7186 20.1804 5.0168 36.6935 218.4700 -9.9900 0.1250   -9.9900
20219001 2007.107384 31.6524 63.7432   42   41.7044 20.1818 5.0170 36.6938 218.4400 -9.9900 0.1230   -9.9900
20219001 2007.107384 31.6524 63.7432   44   43.6901 20.1832 5.0171 36.6940 218.4300 -9.9900 0.1290   -9.9900
20219001 2007.107384 31.6524 63.7432   46   45.6758 20.1844 5.0173 36.6943 218.9200 -9.9900 0.1380   -9.9900
20219001 2007.107384 31.6524 63.7432   48   47.6615 20.1831 5.0171 36.6939 218.9100 -9.9900 0.1360   -9.9900
20219001 2007.107384 31.6524 63.7432   50   49.6471 20.1832 5.0172 36.6942 218.8500 -9.9900 0.1350   -9.9900
20219001 2007.107384 31.6524 63.7432   52   51.6327 20.1837 5.0172 36.6939 218.7200 -9.9900 0.1330   -9.9900
20219001 2007.107384 31.6524 63.7432   54   53.6184 20.1849 5.0173 36.6942 218.4100 -9.9900 0.1320   -9.9900
20219001 2007.107384 31.6524 63.7432   56   55.6039 20.1854 5.0174 36.6942 218.4900 -9.9900 0.1340   -9.9900
20219001 2007.107384 31.6524 63.7432   58   57.5895 20.1853 5.0174 36.6942 218.5500 -9.9900 0.1310   -9.9900
20219001 2007.107384 31.6524 63.7432   60   59.5751 20.1849 5.0173 36.6941 218.6500 -9.9900 0.1300   -9.9900
20219001 2007.107384 31.6524 63.7432   62   61.5606 20.1848 5.0173 36.6939 218.7600 -9.9900 0.1290   -9.9900
20219001 2007.107384 31.6524 63.7432   64   63.5461 20.1849 5.0173 36.6937 218.8300 -9.9900 0.1250   -9.9900
20219001 2007.107384 31.6524 63.7432   66   65.5316 20.1853 5.0173 36.6936 218.8600 -9.9900 0.1290   -9.9900
20219001 2007.107384 31.6524 63.7432   68   67.5171 20.1858 5.0174 36.6936 219.0100 -9.9900 0.1330   -9.9900
20219001 2007.107384 31.6524 63.7432   70   69.5026 20.1862 5.0174 36.6936 219.0000 -9.9900 0.1300   -9.9900
20219001 2007.107384 31.6524 63.7432   72   71.4880 20.1876 5.0176 36.6939 218.9500 -9.9900 0.1320   -9.9900
20219001 2007.107384 31.6524 63.7432   74   73.4734 20.1882 5.0177 36.6940 219.0900 -9.9900 0.1300   -9.9900
20219001 2007.107384 31.6524 63.7432   76   75.4588 20.1890 5.0178 36.6941 219.2700 -9.9900 0.1310   -9.9900
20219001 2007.107384 31.6524 63.7432   78   77.4442 20.1897 5.0178 36.6942 219.3700 -9.9900 0.1310   -9.9900
20219001 2007.107384 31.6524 63.7432   80   79.4296 20.1898 5.0178 36.6941 219.4500 -9.9900 0.1290   -9.9900
20219001 2007.107384 31.6524 63.7432   82   81.4149 20.1908 5.0180 36.6943 219.5900 -9.9900 0.1290   -9.9900
20219001 2007.107384 31.6524 63.7432   84   83.4003 20.1890 5.0177 36.6939 219.4300 -9.9900 0.1330   -9.9900
20219001 2007.107384 31.6524 63.7432   86   85.3856 20.1877 5.0176 36.6938 219.1200 -9.9900 0.1400   -9.9900
20219001 2007.107384 31.6524 63.7432   88   87.3708 20.1880 5.0176 36.6933 219.2000 -9.9900 0.1320   -9.9900
20219001 2007.107384 31.6524 63.7432   90   89.3561 20.1878 5.0175 36.6930 219.2800 -9.9900 0.1290   -9.9900
20219001 2007.107384 31.6524 63.7432   92   91.3414 20.1879 5.0175 36.6928 219.3900 -9.9900 0.1280   -9.9900
20219001 2007.107384 31.6524 63.7432   94   93.3266 20.1878 5.0175 36.6926 219.4900 -9.9900 0.1300   -9.9900
20219001 2007.107384 31.6524 63.7432   96   95.3118 20.1874 5.0174 36.6923 219.4000 -9.9900 0.1310   -9.9900
20219001 2007.107384 31.6524 63.7432   98   97.2970 20.1859 5.0172 36.6918 219.2500 -9.9900 0.1310   -9.9900
20219001 2007.107384 31.6524 63.7432  100   99.2822 20.1857 5.0171 36.6918 219.0400 -9.9900 0.1280   -9.9900
20219001 2007.107384 31.6524 63.7432  102  101.2673 20.1846 5.0170 36.6913 219.1500 -9.9900 0.1260   -9.9900
20219001 2007.107384 31.6524 63.7432  104  103.2525 20.1841 5.0169 36.6910 219.3000 -9.9900 0.1240   -9.9900
20219001 2007.107384 31.6524 63.7432  106  105.2376 20.1834 5.0168 36.6907 219.4600 -9.9900 0.1210   -9.9900
20219001 2007.107384 31.6524 63.7432  108  107.2227 20.1835 5.0168 36.6906 219.6000 -9.9900 0.1220   -9.9900
20219001 2007.107384 31.6524 63.7432  110  109.2077 20.1836 5.0168 36.6905 219.3600 -9.9900 0.1220   -9.9900
20219001 2007.107384 31.6524 63.7432  112  111.1928 20.1837 5.0168 36.6906 219.6300 -9.9900 0.1260   -9.9900
20219001 2007.107384 31.6524 63.7432  114  113.1778 20.1842 5.0168 36.6906 219.7700 -9.9900 0.1270   -9.9900
20219001 2007.107384 31.6524 63.7432  116  115.1629 20.1848 5.0169 36.6906 219.6600 -9.9900 0.1210   -9.9900
20219001 2007.107384 31.6524 63.7432  118  117.1478 20.1856 5.0170 36.6908 219.6500 -9.9900 0.1190   -9.9900
20219001 2007.107384 31.6524 63.7432  120  119.1328 20.1857 5.0170 36.6908 219.7100 -9.9900 0.1200   -9.9900
20219001 2007.107384 31.6524 63.7432  122  121.1178 20.1858 5.0170 36.6909 219.8300 -9.9900 0.1190   -9.9900
20219001 2007.107384 31.6524 63.7432  124  123.1027 20.1866 5.0171 36.6910 219.8300 -9.9900 0.1180   -9.9900
20219001 2007.107384 31.6524 63.7432  126  125.0877 20.1871 5.0172 36.6908 219.9500 -9.9900 0.1140   -9.9900
20219001 2007.107384 31.6524 63.7432  128  127.0726 20.1872 5.0172 36.6908 219.9900 -9.9900 0.1170   -9.9900
20219001 2007.107384 31.6524 63.7432  130  129.0574 20.1872 5.0172 36.6908 219.6500 -9.9900 0.1190   -9.9900
20219001 2007.107384 31.6524 63.7432  132  131.0423 20.1876 5.0172 36.6908 219.6200 -9.9900 0.1220   -9.9900
20219001 2007.107384 31.6524 63.7432  134  133.0271 20.1878 5.0172 36.6906 219.6400 -9.9900 0.1180   -9.9900
20219001 2007.107384 31.6524 63.7432  136  135.0120 20.1881 5.0172 36.6906 219.6900 -9.9900 0.1120   -9.9900
20219001 2007.107384 31.6524 63.7432  138  136.9968 20.1881 5.0172 36.6906 220.0000 -9.9900 0.1160   -9.9900
20219001 2007.107384 31.6524 63.7432  140  138.9816 20.1881 5.0172 36.6905 220.0400 -9.9900 0.1210   -9.9900
20219001 2007.107384 31.6524 63.7432  142  140.9663 20.1881 5.0172 36.6903 220.0000 -9.9900 0.1230   -9.9900
20219001 2007.107384 31.6524 63.7432  144  142.9511 20.1880 5.0172 36.6902 220.0100 -9.9900 0.1240   -9.9900
20219001 2007.107384 31.6524 63.7432  146  144.9358 20.1876 5.0171 36.6902 220.0800 -9.9900 0.1230   -9.9900
20219001 2007.107384 31.6524 63.7432  148  146.9205 20.1861 5.0170 36.6901 220.1100 -9.9900 0.1230   -9.9900
20219001 2007.107384 31.6524 63.7432  150  148.9052 20.1812 5.0164 36.6898 219.9900 -9.9900 0.1220   -9.9900
20219001 2007.107384 31.6524 63.7432  152  150.8899 20.1705 5.0151 36.6887 219.6700 -9.9900 0.1220   -9.9900
20219001 2007.107384 31.6524 63.7432  154  152.8745 20.1556 5.0134 36.6871 219.2500 -9.9900 0.1190   -9.9900
20219001 2007.107384 31.6524 63.7432  156  154.8592 20.1435 5.0119 36.6857 218.9300 -9.9900 0.1150   -9.9900
20219001 2007.107384 31.6524 63.7432  158  156.8438 20.1058 5.0074 36.6817 217.6200 -9.9900 0.1100   -9.9900
20219001 2007.107384 31.6524 63.7432  160  158.8284 19.9698 4.9914 36.6684 213.8200 -9.9900 0.1010   -9.9900
20219001 2007.107384 31.6524 63.7432  162  160.8130 19.6824 4.9587 36.6488 209.9300 -9.9900 0.0900   -9.9900
20219001 2007.107384 31.6524 63.7432  164  162.7975 19.3387 4.9198 36.6268 206.2500 -9.9900 0.0750   -9.9900
20219001 2007.107384 31.6524 63.7432  166  164.7821 19.0467 4.8873 36.6115 204.4700 -9.9900 0.0610   -9.9900
20219001 2007.107384 31.6524 63.7432  168  166.7666 18.8999 4.8711 36.6043 203.0600 -9.9900 0.0500   -9.9900
20219001 2007.107384 31.6524 63.7432  170  168.7511 18.8162 4.8622 36.6036 202.6700 -9.9900 0.0470   -9.9900
20219001 2007.107384 31.6524 63.7432  172  170.7356 18.7732 4.8572 36.5993 202.8000 -9.9900 0.0460   -9.9900
20219001 2007.107384 31.6524 63.7432  174  172.7200 18.7240 4.8513 36.5928 203.2200 -9.9900 0.0450   -9.9900
20219001 2007.107384 31.6524 63.7432  176  174.7045 18.6999 4.8487 36.5929 202.7000 -9.9900 0.0430   -9.9900
20219001 2007.107384 31.6524 63.7432  178  176.6889 18.6865 4.8476 36.5950 201.4700 -9.9900 0.0420   -9.9900
20219001 2007.107384 31.6524 63.7432  180  178.6733 18.6634 4.8453 36.5961 201.6400 -9.9900 0.0380   -9.9900
20219001 2007.107384 31.6524 63.7432  182  180.6577 18.6518 4.8443 36.5983 201.5400 -9.9900 0.0350   -9.9900
20219001 2007.107384 31.6524 63.7432  184  182.6420 18.6417 4.8432 36.5978 201.3900 -9.9900 0.0350   -9.9900
20219001 2007.107384 31.6524 63.7432  186  184.6264 18.6104 4.8396 36.5952 201.1700 -9.9900 0.0310   -9.9900
20219001 2007.107384 31.6524 63.7432  188  186.6107 18.5968 4.8382 36.5948 200.9300 -9.9900 0.0330   -9.9900
20219001 2007.107384 31.6524 63.7432  190  188.5950 18.5758 4.8357 36.5929 201.1200 -9.9900 0.0350   -9.9900
20219001 2007.107384 31.6524 63.7432  192  190.5793 18.5553 4.8335 36.5921 200.9400 -9.9900 0.0330   -9.9900
20219001 2007.107384 31.6524 63.7432  194  192.5636 18.5397 4.8319 36.5925 200.4600 -9.9900 0.0310   -9.9900
20219001 2007.107384 31.6524 63.7432  196  194.5478 18.5260 4.8306 36.5931 200.2500 -9.9900 0.0240   -9.9900
20219001 2007.107384 31.6524 63.7432  198  196.5320 18.5085 4.8287 36.5929 200.1400 -9.9900 0.0250   -9.9900
20219001 2007.107384 31.6524 63.7432  200  198.5163 18.4878 4.8263 36.5908 200.1300 -9.9900 0.0260   -9.9900
20219001 2007.107384 31.6524 63.7432  202  200.5005 18.4527 4.8222 36.5871 200.4300 -9.9900 0.0250   -9.9900
20219001 2007.107384 31.6524 63.7432  204  202.4846 18.4453 4.8215 36.5879 200.6100 -9.9900 0.0250   -9.9900
20219001 2007.107384 31.6524 63.7432  206  204.4688 18.4340 4.8204 36.5884 200.4200 -9.9900 0.0280   -9.9900
20219001 2007.107384 31.6524 63.7432  208  206.4529 18.4058 4.8172 36.5862 200.4400 -9.9900 0.0280   -9.9900
20219001 2007.107384 31.6524 63.7432  210  208.4370 18.3790 4.8141 36.5837 200.2000 -9.9900 0.0220   -9.9900
20219001 2007.107384 31.6524 63.7432  212  210.4211 18.3645 4.8125 36.5834 200.6700 -9.9900 0.0190   -9.9900
20219001 2007.107384 31.6524 63.7432  214  212.4052 18.3621 4.8124 36.5847 200.7500 -9.9900 0.0160   -9.9900
20219001 2007.107384 31.6524 63.7432  216  214.3893 18.3549 4.8116 36.5842 200.6600 -9.9900 0.0190   -9.9900
20219001 2007.107384 31.6524 63.7432  218  216.3733 18.3454 4.8105 36.5831 200.4500 -9.9900 0.0210   -9.9900
20219001 2007.107384 31.6524 63.7432  220  218.3573 18.3339 4.8092 36.5819 200.1200 -9.9900 0.0210   -9.9900
20219001 2007.107384 31.6524 63.7432  222  220.3413 18.3284 4.8085 36.5813 200.0900 -9.9900 0.0200   -9.9900
20219001 2007.107384 31.6524 63.7432  224  222.3253 18.3227 4.8079 36.5812 200.2400 -9.9900 0.0210   -9.9900
20219001 2007.107384 31.6524 63.7432  226  224.3093 18.3148 4.8071 36.5815 200.6000 -9.9900 0.0210   -9.9900
20219001 2007.107384 31.6524 63.7432  228  226.2932 18.3035 4.8060 36.5821 201.0100 -9.9900 0.0220   -9.9900
20219001 2007.107384 31.6524 63.7432  230  228.2771 18.2974 4.8054 36.5821 201.1700 -9.9900 0.0190   -9.9900
20219001 2007.107384 31.6524 63.7432  232  230.2610 18.2853 4.8040 36.5815 201.2700 -9.9900 0.0160   -9.9900
20219001 2007.107384 31.6524 63.7432  234  232.2449 18.2729 4.8026 36.5801 201.3700 -9.9900 0.0140   -9.9900
20219001 2007.107384 31.6524 63.7432  236  234.2288 18.2655 4.8018 36.5803 201.4600 -9.9900 0.0110   -9.9900
20219001 2007.107384 31.6524 63.7432  238  236.2126 18.2581 4.8010 36.5799 201.5400 -9.9900 0.0100   -9.9900
20219001 2007.107384 31.6524 63.7432  240  238.1965 18.2504 4.8002 36.5795 201.6600 -9.9900 0.0100   -9.9900
20219001 2007.107384 31.6524 63.7432  242  240.1803 18.2416 4.7992 36.5791 201.8000 -9.9900 0.0110   -9.9900
20219001 2007.107384 31.6524 63.7432  244  242.1641 18.2358 4.7986 36.5791 201.9100 -9.9900 0.0140   -9.9900
20219001 2007.107384 31.6524 63.7432  246  244.1478 18.2286 4.7978 36.5790 202.1000 -9.9900 0.0170   -9.9900
20219001 2007.107384 31.6524 63.7432  248  246.1316 18.2234 4.7973 36.5788 201.7500 -9.9900 0.0140   -9.9900
20219001 2007.107384 31.6524 63.7432  250  248.1153 18.2139 4.7961 36.5778 201.4800 -9.9900 0.0120   -9.9900
20219001 2007.107384 31.6524 63.7432  252  250.0990 18.2090 4.7956 36.5773 201.6900 -9.9900 0.0130   -9.9900
20219001 2007.107384 31.6524 63.7432  254  252.0827 18.2061 4.7953 36.5772 202.0000 -9.9900 0.0130   -9.9900
20219001 2007.107384 31.6524 63.7432  256  254.0664 18.1972 4.7942 36.5762 202.0000 -9.9900 0.0130   -9.9900
20219001 2007.107384 31.6524 63.7432  258  256.0501 18.1856 4.7928 36.5748 201.9700 -9.9900 0.0120   -9.9900
20219001 2007.107384 31.6524 63.7432  260  258.0337 18.1717 4.7912 36.5729 201.5700 -9.9900 0.0090   -9.9900
20219001 2007.107384 31.6524 63.7432  262  260.0173 18.1574 4.7894 36.5708 201.2500 -9.9900 0.0120   -9.9900
20219001 2007.107384 31.6524 63.7432  264  262.0009 18.1350 4.7867 36.5677 201.3200 -9.9900 0.0170   -9.9900
20219001 2007.107384 31.6524 63.7432  266  263.9845 18.1256 4.7857 36.5672 201.4000 -9.9900 0.0140   -9.9900
20219001 2007.107384 31.6524 63.7432  268  265.9681 18.1185 4.7848 36.5662 201.3100 -9.9900 0.0150   -9.9900
20219001 2007.107384 31.6524 63.7432  270  267.9516 18.1115 4.7840 36.5652 201.0900 -9.9900 0.0090   -9.9900
20219001 2007.107384 31.6524 63.7432  272  269.9351 18.1004 4.7827 36.5642 201.3400 -9.9900 0.0130   -9.9900
20219001 2007.107384 31.6524 63.7432  274  271.9186 18.0963 4.7823 36.5641 201.2200 -9.9900 0.0140   -9.9900
20219001 2007.107384 31.6524 63.7432  276  273.9021 18.0897 4.7815 36.5632 201.3500 -9.9900 0.0130   -9.9900
20219001 2007.107384 31.6524 63.7432  278  275.8856 18.0827 4.7806 36.5621 201.4400 -9.9900 0.0170   -9.9900
20219001 2007.107384 31.6524 63.7432  280  277.8690 18.0811 4.7805 36.5624 201.3100 -9.9900 0.0080   -9.9900
20219001 2007.107384 31.6524 63.7432  282  279.8524 18.0639 4.7784 36.5601 201.3000 -9.9900 0.0100   -9.9900
20219001 2007.107384 31.6524 63.7432  284  281.8358 18.0502 4.7768 36.5585 201.3200 -9.9900 0.0140   -9.9900
20219001 2007.107384 31.6524 63.7432  286  283.8192 18.0402 4.7756 36.5570 201.2000 -9.9900 0.0130   -9.9900
20219001 2007.107384 31.6524 63.7432  288  285.8026 18.0363 4.7751 36.5563 200.9600 -9.9900 0.0120   -9.9900
20219001 2007.107384 31.6524 63.7432  290  287.7860 18.0230 4.7735 36.5544 200.8200 -9.9900 0.0120   -9.9900
20219001 2007.107384 31.6524 63.7432  292  289.7693 18.0135 4.7724 36.5530 200.7400 -9.9900 0.0130   -9.9900
20219001 2007.107384 31.6524 63.7432  294  291.7526 18.0032 4.7711 36.5515 200.7000 -9.9900 0.0130   -9.9900
20219001 2007.107384 31.6524 63.7432  296  293.7359 17.9990 4.7706 36.5509 200.6900 -9.9900 0.0130   -9.9900
20219001 2007.107384 31.6524 63.7432  298  295.7192 17.9858 4.7690 36.5488 200.5200 -9.9900 0.0150   -9.9900
20219001 2007.107384 31.6524 63.7432  300  297.7024 17.9830 4.7686 36.5482 200.4000 -9.9900 0.0140   -9.9900
20219001 2007.107384 31.6524 63.7432  302  299.6857 17.9704 4.7670 36.5459 200.0000 -9.9900 0.0160   -9.9900
20219001 2007.107384 31.6524 63.7432  304  301.6689 17.9591 4.7656 36.5438 199.7600 -9.9900 0.0140   -9.9900
20219001 2007.107384 31.6524 63.7432  306  303.6521 17.9451 4.7639 36.5413 199.5000 -9.9900 0.0120   -9.9900
20219001 2007.107384 31.6524 63.7432  308  305.6352 17.9312 4.7621 36.5388 199.3200 -9.9900 0.0100   -9.9900
20219001 2007.107384 31.6524 63.7432  310  307.6184 17.9174 4.7604 36.5364 199.2000 -9.9900 0.0090   -9.9900
20219001 2007.107384 31.6524 63.7432  312  309.6015 17.9029 4.7586 36.5334 199.2400 -9.9900 0.0110   -9.9900
20219001 2007.107384 31.6524 63.7432  314  311.5847 17.8943 4.7574 36.5314 198.4200 -9.9900 0.0100   -9.9900
20219001 2007.107384 31.6524 63.7432  316  313.5678 17.8775 4.7553 36.5280 198.2400 -9.9900 0.0120   -9.9900
20219001 2007.107384 31.6524 63.7432  318  315.5509 17.8536 4.7523 36.5235 197.7400 -9.9900 0.0130   -9.9900
20219001 2007.107384 31.6524 63.7432  320  317.5339 17.8348 4.7499 36.5198 197.3700 -9.9900 0.0120   -9.9900
20219001 2007.107384 31.6524 63.7432  322  319.5170 17.8097 4.7467 36.5147 197.0500 -9.9900 0.0110   -9.9900
20219001 2007.107384 31.6524 63.7432  324  321.5000 17.7991 4.7454 36.5126 196.6900 -9.9900 0.0070   -9.9900
20219001 2007.107384 31.6524 63.7432  326  323.4830 17.7862 4.7437 36.5101 196.0300 -9.9900 0.0070   -9.9900
20219001 2007.107384 31.6524 63.7432  328  325.4660 17.7713 4.7418 36.5072 195.9500 -9.9900 0.0080   -9.9900
20219001 2007.107384 31.6524 63.7432  330  327.4489 17.7583 4.7402 36.5048 196.0500 -9.9900 0.0120   -9.9900
20219001 2007.107384 31.6524 63.7432  332  329.4319 17.7472 4.7388 36.5027 196.0500 -9.9900 0.0140   -9.9900
20219001 2007.107384 31.6524 63.7432  334  331.4148 17.7309 4.7368 36.4998 195.8800 -9.9900 0.0120   -9.9900
20219001 2007.107384 31.6524 63.7432  336  333.3977 17.7171 4.7351 36.4972 195.2900 -9.9900 0.0130   -9.9900
20219001 2007.107384 31.6524 63.7432  338  335.3806 17.7054 4.7336 36.4950 194.8300 -9.9900 0.0100   -9.9900
20219001 2007.107384 31.6524 63.7432  340  337.3635 17.6739 4.7296 36.4888 194.5100 -9.9900 0.0090   -9.9900
20219001 2007.107384 31.6524 63.7432  342  339.3464 17.6434 4.7257 36.4828 194.0800 -9.9900 0.0100   -9.9900
20219001 2007.107384 31.6524 63.7432  344  341.3292 17.6275 4.7237 36.4795 193.2600 -9.9900 0.0110   -9.9900
20219001 2007.107384 31.6524 63.7432  346  343.3120 17.6015 4.7204 36.4744 192.9500 -9.9900 0.0100   -9.9900
20219001 2007.107384 31.6524 63.7432  348  345.2948 17.5692 4.7164 36.4687 193.5800 -9.9900 0.0180   -9.9900
20219001 2007.107384 31.6524 63.7432  350  347.2776 17.5607 4.7155 36.4684 193.7900 -9.9900 0.0120   -9.9900
20219001 2007.107384 31.6524 63.7432  352  349.2603 17.5469 4.7138 36.4659 194.0000 -9.9900 0.0100   -9.9900
20219001 2007.107384 31.6524 63.7432  354  351.2431 17.5380 4.7127 36.4641 194.0200 -9.9900 0.0130   -9.9900
20219001 2007.107384 31.6524 63.7432  356  353.2258 17.5167 4.7099 36.4594 193.3000 -9.9900 0.0150   -9.9900
20219001 2007.107384 31.6524 63.7432  358  355.2085 17.5059 4.7085 36.4565 192.2200 -9.9900 0.0100   -9.9900
20219001 2007.107384 31.6524 63.7432  360  357.1912 17.4455 4.7009 36.4451 193.1300 -9.9900 0.0100   -9.9900
20219001 2007.107384 31.6524 63.7432  362  359.1738 17.4255 4.6986 36.4430 194.3100 -9.9900 0.0110   -9.9900
20219001 2007.107384 31.6524 63.7432  364  361.1565 17.4120 4.6969 36.4402 194.1500 -9.9900 0.0090   -9.9900
20219001 2007.107384 31.6524 63.7432  366  363.1391 17.3943 4.6947 36.4371 194.1000 -9.9900 0.0090   -9.9900
20219001 2007.107384 31.6524 63.7432  368  365.1217 17.3670 4.6913 36.4323 193.8900 -9.9900 0.0070   -9.9900
20219001 2007.107384 31.6524 63.7432  370  367.1043 17.3442 4.6884 36.4280 193.5400 -9.9900 0.0080   -9.9900
20219001 2007.107384 31.6524 63.7432  372  369.0869 17.3236 4.6858 36.4237 193.3000 -9.9900 0.0100   -9.9900
20219001 2007.107384 31.6524 63.7432  374  371.0694 17.3003 4.6829 36.4190 192.8300 -9.9900 0.0110   -9.9900
20219001 2007.107384 31.6524 63.7432  376  373.0519 17.2777 4.6800 36.4145 192.0700 -9.9900 0.0120   -9.9900
20219001 2007.107384 31.6524 63.7432  378  375.0344 17.2507 4.6766 36.4089 191.0200 -9.9900 0.0120   -9.9900
20219001 2007.107384 31.6524 63.7432  380  377.0169 17.2225 4.6730 36.4031 190.2000 -9.9900 0.0110   -9.9900
20219001 2007.107384 31.6524 63.7432  382  378.9994 17.1933 4.6693 36.3974 189.5700 -9.9900 0.0110   -9.9900
20219001 2007.107384 31.6524 63.7432  384  380.9819 17.1466 4.6634 36.3878 188.0900 -9.9900 0.0100   -9.9900
20219001 2007.107384 31.6524 63.7432  386  382.9643 17.1401 4.6626 36.3868 188.6100 -9.9900 0.0090   -9.9900
20219001 2007.107384 31.6524 63.7432  388  384.9467 17.1067 4.6584 36.3801 187.4600 -9.9900 0.0100   -9.9900
20219001 2007.107384 31.6524 63.7432  390  386.9291 17.0612 4.6527 36.3710 185.6400 -9.9900 0.0140   -9.9900
20219001 2007.107384 31.6524 63.7432  392  388.9115 17.0103 4.6463 36.3608 184.2900 -9.9900 0.0150   -9.9900
20219001 2007.107384 31.6524 63.7432  394  390.8938 16.9851 4.6432 36.3567 185.1000 -9.9900 0.0140   -9.9900
20219001 2007.107384 31.6524 63.7432  396  392.8762 16.9474 4.6387 36.3509 186.5500 -9.9900 0.0130   -9.9900
20219001 2007.107384 31.6524 63.7432  398  394.8585 16.9311 4.6367 36.3483 187.1200 -9.9900 0.0120   -9.9900
20219001 2007.107384 31.6524 63.7432  400  396.8408 16.8949 4.6324 36.3436 187.4500 -9.9900 0.0140   -9.9900
20219001 2007.107384 31.6524 63.7432  402  398.8231 16.8816 4.6308 36.3415 187.5800 -9.9900 0.0130   -9.9900
20219001 2007.107384 31.6524 63.7432  404  400.8053 16.8576 4.6279 36.3370 187.6100 -9.9900 0.0120   -9.9900
20219001 2007.107384 31.6524 63.7432  406  402.7876 16.8403 4.6257 36.3338 187.1600 -9.9900 0.0110   -9.9900
20219001 2007.107384 31.6524 63.7432  408  404.7698 16.8156 4.6227 36.3293 186.8200 -9.9900 0.0120   -9.9900
20219001 2007.107384 31.6524 63.7432  410  406.7520 16.7872 4.6191 36.3240 186.6600 -9.9900 0.0110   -9.9900
20219001 2007.107384 31.6524 63.7432  412  408.7342 16.7564 4.6154 36.3191 186.5000 -9.9900 0.0120   -9.9900
20219001 2007.107384 31.6524 63.7432  414  410.7164 16.7382 4.6132 36.3157 186.0300 -9.9900 0.0140   -9.9900
20219001 2007.107384 31.6524 63.7432  416  412.6985 16.7279 4.6118 36.3131 186.0600 -9.9900 0.0080   -9.9900
20219001 2007.107384 31.6524 63.7432  418  414.6806 16.6655 4.6041 36.3018 186.1200 -9.9900 0.0130   -9.9900
20219001 2007.107384 31.6524 63.7432  420  416.6628 16.6302 4.5998 36.2960 185.7000 -9.9900 0.0120   -9.9900
20219001 2007.107384 31.6524 63.7432  422  418.6448 16.6186 4.5984 36.2935 185.3000 -9.9900 0.0100   -9.9900
20219001 2007.107384 31.6524 63.7432  424  420.6269 16.6133 4.5977 36.2925 184.9100 -9.9900 0.0120   -9.9900
20219001 2007.107384 31.6524 63.7432  426  422.6090 16.5926 4.5951 36.2883 183.9300 -9.9900 0.0110   -9.9900
20219001 2007.107384 31.6524 63.7432  428  424.5910 16.5700 4.5923 36.2839 183.1100 -9.9900 0.0110   -9.9900
20219001 2007.107384 31.6524 63.7432  430  426.5730 16.5488 4.5897 36.2801 183.0800 -9.9900 0.0110   -9.9900
20219001 2007.107384 31.6524 63.7432  432  428.5550 16.5433 4.5890 36.2788 182.4800 -9.9900 0.0130   -9.9900
20219001 2007.107384 31.6524 63.7432  434  430.5370 16.5345 4.5879 36.2768 181.8800 -9.9900 0.0080   -9.9900
20219001 2007.107384 31.6524 63.7432  436  432.5189 16.5112 4.5850 36.2726 181.9900 -9.9900 0.0100   -9.9900
20219001 2007.107384 31.6524 63.7432  438  434.5009 16.4800 4.5811 36.2668 182.0100 -9.9900 0.0110   -9.9900
20219001 2007.107384 31.6524 63.7432  440  436.4828 16.4345 4.5757 36.2595 182.0700 -9.9900 0.0100   -9.9900
20219001 2007.107384 31.6524 63.7432  442  438.4647 16.4131 4.5731 36.2562 182.1200 -9.9900 0.0100   -9.9900
20219001 2007.107384 31.6524 63.7432  444  440.4466 16.3855 4.5696 36.2503 182.3200 -9.9900 0.0140   -9.9900
20219001 2007.107384 31.6524 63.7432  446  442.4284 16.3476 4.5649 36.2430 182.0800 -9.9900 0.0150   -9.9900
20219001 2007.107384 31.6524 63.7432  448  444.4103 16.3100 4.5603 36.2364 181.1100 -9.9900 0.0150   -9.9900
20219001 2007.107384 31.6524 63.7432  450  446.3921 16.2687 4.5552 36.2283 180.0900 -9.9900 0.0130   -9.9900
20219001 2007.107384 31.6524 63.7432  452  448.3739 16.2320 4.5508 36.2224 179.6600 -9.9900 0.0120   -9.9900
20219001 2007.107384 31.6524 63.7432  454  450.3557 16.2076 4.5477 36.2176 178.8300 -9.9900 0.0100   -9.9900
20219001 2007.107384 31.6524 63.7432  456  452.3375 16.1879 4.5453 36.2136 177.7300 -9.9900 0.0080   -9.9900
20219001 2007.107384 31.6524 63.7432  458  454.3192 16.1422 4.5397 36.2051 177.1100 -9.9900 0.0130   -9.9900
20219001 2007.107384 31.6524 63.7432  460  456.3010 16.1000 4.5344 36.1967 176.2100 -9.9900 0.0130   -9.9900
20219001 2007.107384 31.6524 63.7432  462  458.2827 16.0619 4.5298 36.1902 176.2600 -9.9900 0.0140   -9.9900
20219001 2007.107384 31.6524 63.7432  464  460.2644 16.0434 4.5276 36.1874 176.6000 -9.9900 0.0150   -9.9900
20219001 2007.107384 31.6524 63.7432  466  462.2460 16.0247 4.5254 36.1847 177.1600 -9.9900 0.0150   -9.9900
20219001 2007.107384 31.6524 63.7432  468  464.2277 16.0056 4.5231 36.1817 177.7000 -9.9900 0.0140   -9.9900
20219001 2007.107384 31.6524 63.7432  470  466.2093 15.9919 4.5215 36.1794 178.0000 -9.9900 0.0140   -9.9900
20219001 2007.107384 31.6524 63.7432  472  468.1909 15.9795 4.5200 36.1776 178.3200 -9.9900 0.0130   -9.9900
20219001 2007.107384 31.6524 63.7432  474  470.1725 15.9677 4.5186 36.1754 178.3800 -9.9900 0.0100   -9.9900
20219001 2007.107384 31.6524 63.7432  476  472.1541 15.9404 4.5151 36.1697 177.9900 -9.9900 0.0070   -9.9900
20219001 2007.107384 31.6524 63.7432  478  474.1357 15.8806 4.5079 36.1595 176.9800 -9.9900 0.0090   -9.9900
20219001 2007.107384 31.6524 63.7432  480  476.1172 15.8286 4.5016 36.1503 175.3800 -9.9900 0.0100   -9.9900
20219001 2007.107384 31.6524 63.7432  482  478.0987 15.7699 4.4944 36.1394 174.3600 -9.9900 0.0140   -9.9900
20219001 2007.107384 31.6524 63.7432  484  480.0802 15.7230 4.4888 36.1312 174.2900 -9.9900 0.0140   -9.9900
20219001 2007.107384 31.6524 63.7432  486  482.0617 15.6778 4.4833 36.1236 174.6600 -9.9900 0.0100   -9.9900
20219001 2007.107384 31.6524 63.7432  488  484.0432 15.6723 4.4826 36.1224 174.9100 -9.9900 0.0130   -9.9900
20219001 2007.107384 31.6524 63.7432  490  486.0246 15.6354 4.4783 36.1168 174.8500 -9.9900 0.0110   -9.9900
20219001 2007.107384 31.6524 63.7432  492  488.0060 15.5503 4.4681 36.1034 174.7700 -9.9900 0.0080   -9.9900
20219001 2007.107384 31.6524 63.7432  494  489.9874 15.5122 4.4636 36.0974 174.7500 -9.9900 0.0090   -9.9900
20219001 2007.107384 31.6524 63.7432  496  491.9688 15.4908 4.4610 36.0937 174.6700 -9.9900 0.0080   -9.9900
20219001 2007.107384 31.6524 63.7432  498  493.9502 15.4689 4.4584 36.0895 173.6700 -9.9900 0.0100   -9.9900
20219001 2007.107384 31.6524 63.7432  500  495.9315 15.4240 4.4529 36.0816 173.2900 -9.9900 0.0130   -9.9900
20219001 2007.107384 31.6524 63.7432  502  497.9129 15.3772 4.4474 36.0747 173.8800 -9.9900 0.0150   -9.9900
20219001 2007.107384 31.6524 63.7432  504  499.8942 15.3604 4.4455 36.0729 173.9300 -9.9900 0.0130   -9.9900
20219001 2007.107384 31.6524 63.7432  506  501.8755 15.3495 4.4442 36.0711 173.9500 -9.9900 0.0110   -9.9900
20219002 2007.107660 31.6557 63.5559    8    7.9443 20.2050 5.0197 36.6959 218.3100 -9.9900 0.1200   -9.9900
20219002 2007.107660 31.6557 63.5559   10    9.9304 20.2086 5.0201 36.6959 218.4900 -9.9900 0.1290   -9.9900
20219002 2007.107660 31.6557 63.5559   12   11.9164 20.2094 5.0201 36.6959 218.6600 -9.9900 0.1250   -9.9900
20219002 2007.107660 31.6557 63.5559   14   13.9024 20.2121 5.0204 36.6957 218.7700 -9.9900 0.1130   -9.9900
20219002 2007.107660 31.6557 63.5559   16   15.8884 20.2150 5.0207 36.6955 218.8300 -9.9900 0.1180   -9.9900
20219002 2007.107660 31.6557 63.5559   18   17.8743 20.2164 5.0208 36.6955 218.8600 -9.9900 0.1240   -9.9900
20219002 2007.107660 31.6557 63.5559   20   19.8603 20.2182 5.0210 36.6953 218.8500 -9.9900 0.1260   -9.9900
20219002 2007.107660 31.6557 63.5559   22   21.8462 20.2188 5.0210 36.6951 218.7500 -9.9900 0.1220   -9.9900
20219002 2007.107660 31.6557 63.5559   24   23.8321 20.2201 5.0212 36.6952 218.7400 -9.9900 0.1280   -9.9900
20219002 2007.107660 31.6557 63.5559   26   25.8180 20.2223 5.0214 36.6954 218.8500 -9.9900 0.1310   -9.9900
20219002 2007.107660 31.6557 63.5559   28   27.8039 20.2221 5.0214 36.6953 218.9500 -9.9900 0.1140   -9.9900
20219002 2007.107660 31.6557 63.5559   30   29.7897 20.2211 5.0213 36.6953 219.1200 -9.9900 0.1160   -9.9900
20219002 2007.107660 31.6557 63.5559   32   31.7755 20.2205 5.0213 36.6955 218.9700 -9.9900 0.1230   -9.9900
20219002 2007.107660 31.6557 63.5559   34   33.7613 20.2204 5.0213 36.6956 218.9900 -9.9900 0.1210   -9.9900
20219002 2007.107660 31.6557 63.5559   36   35.7471 20.2207 5.0213 36.6955 219.0800 -9.9900 0.1240   -9.9900
20219002 2007.107660 31.6557 63.5559   38   37.7329 20.2201 5.0212 36.6953 219.1300 -9.9900 0.1280   -9.9900
20219002 2007.107660 31.6557 63.5559   40   39.7186 20.2186 5.0211 36.6955 218.9200 -9.9900 0.1280   -9.9900
20219002 2007.107660 31.6557 63.5559   42   41.7044 20.2236 5.0216 36.6956 218.2800 -9.9900 0.1300   -9.9900
20219002 2007.107660 31.6557 63.5559   44   43.6901 20.2224 5.0214 36.6953 218.8700 -9.9900 0.1280   -9.9900
20219002 2007.107660 31.6557 63.5559   46   45.6758 20.2236 5.0216 36.6952 219.1200 -9.9900 0.1260   -9.9900
20219002 2007.107660 31.6557 63.5559   48   47.6614 20.2258 5.0217 36.6947 219.0300 -9.9900 0.1240   -9.9900
20219002 2007.107660 31.6557 63.5559   50   49.6471 20.2251 5.0217 36.6947 218.8300 -9.9900 0.1220   -9.9900
20219002 2007.107660 31.6557 63.5559   52   51.6327 20.2257 5.0217 36.6948 219.0100 -9.9900 0.1270   -9.9900
20219002 2007.107660 31.6557 63.5559   54   53.6183 20.2262 5.0218 36.6947 219.0800 -9.9900 0.1250   -9.9900
20219002 2007.107660 31.6557 63.5559   56   55.6039 20.2265 5.0218 36.6948 219.0400 -9.9900 0.1230   -9.9900
20219002 2007.107660 31.6557 63.5559   58   57.5895 20.2275 5.0220 36.6950 219.0100 -9.9900 0.1290   -9.9900
20219002 2007.107660 31.6557 63.5559   60   59.5751 20.2276 5.0220 36.6951 218.9900 -9.9900 0.1310   -9.9900
20219002 2007.107660 31.6557 63.5559   62   61.5606 20.2279 5.0220 36.6950 218.9700 -9.9900 0.1260   -9.9900
20219002 2007.107660 31.6557 63.5559   64   63.5461 20.2289 5.0221 36.6949 219.1400 -9.9900 0.1230   -9.9900
20219002 2007.107660 31.6557 63.5559   66   65.5316 20.2287 5.0221 36.6950 219.1800 -9.9900 0.1250   -9.9900
20219002 2007.107660 31.6557 63.5559   68   67.5171 20.2291 5.0221 36.6951 219.2800 -9.9900 0.1270   -9.9900
20219002 2007.107660 31.6557 63.5559   70   69.5026 20.2290 5.0221 36.6952 219.1300 -9.9900 0.1280   -9.9900
20219002 2007.107660 31.6557 63.5559   72   71.4880 20.2294 5.0222 36.6954 219.1100 -9.9900 0.1300   -9.9900
20219002 2007.107660 31.6557 63.5559   74   73.4734 20.2294 5.0222 36.6954 219.2800 -9.9900 0.1320   -9.9900
20219002 2007.107660 31.6557 63.5559   76   75.4588 20.2292 5.0221 36.6951 219.3400 -9.9900 0.1330   -9.9900
20219002 2007.107660 31.6557 63.5559   78   77.4442 20.2293 5.0221 36.6950 219.2700 -9.9900 0.1330   -9.9900
20219002 2007.107660 31.6557 63.5559   80   79.4296 20.2295 5.0222 36.6950 219.2600 -9.9900 0.1310   -9.9900
20219002 2007.107660 31.6557 63.5559   82   81.4149 20.2302 5.0222 36.6951 219.2800 -9.9900 0.1300   -9.9900
20219002 2007.107660 31.6557 63.5559   84   83.4002 20.2297 5.0222 36.6950 219.3200 -9.9900 0.1320   -9.9900
20219002 2007.107660 31.6557 63.5559   86   85.3855 20.2296 5.0222 36.6950 219.3500 -9.9900 0.1340   -9.9900
20219002 2007.107660 31.6557 63.5559   88   87.3708 20.2319 5.0225 36.6954 219.4000 -9.9900 0.1280   -9.9900
20219002 2007.107660 31.6557 63.5559   90   89.3561 20.2329 5.0226 36.6956 219.4900 -9.9900 0.1210   -9.9900
20219002 2007.107660 31.6557 63.5559   92   91.3413 20.2308 5.0223 36.6948 219.4300 -9.9900 0.1260   -9.9900
20219002 2007.107660 31.6557 63.5559   94   93.3266 20.2293 5.0221 36.6943 219.2900 -9.9900 0.1300   -9.9900
20219002 2007.107660 31.6557 63.5559   96   95.3118 20.2288 5.0220 36.6942 219.3100 -9.9900 0.1300   -9.9900
20219002 2007.107660 31.6557 63.5559   98   97.2970 20.2291 5.0220 36.6943 219.4800 -9.9900 0.1270   -9.9900
20219002 2007.107660 31.6557 63.5559  100   99.2821 20.2317 5.0223 36.6946 219.4700 -9.9900 0.1280   -9.9900
20219002 2007.107660 31.6557 63.5559  102  101.2673 20.2326 5.0224 36.6946 219.5400 -9.9900 0.1330   -9.9900
20219002 2007.107660 31.6557 63.5559  104  103.2524 20.2293 5.0220 36.6942 219.5300 -9.9900 0.1310   -9.9900
20219002 2007.107660 31.6557 63.5559  106  105.2375 20.2290 5.0220 36.6941 219.4100 -9.9900 0.1280   -9.9900
20219002 2007.107660 31.6557 63.5559  108  107.2226 20.2300 5.0221 36.6943 219.3900 -9.9900 0.1240   -9.9900
20219002 2007.107660 31.6557 63.5559  110  109.2077 20.2311 5.0223 36.6945 219.5000 -9.9900 0.1220   -9.9900
20219002 2007.107660 31.6557 63.5559  112  111.1928 20.2318 5.0223 36.6944 219.4700 -9.9900 0.1230   -9.9900
20219002 2007.107660 31.6557 63.5559  114  113.1778 20.2316 5.0223 36.6943 219.3000 -9.9900 0.1250   -9.9900
20219002 2007.107660 31.6557 63.5559  116  115.1628 20.2312 5.0223 36.6945 219.2500 -9.9900 0.1280   -9.9900
20219002 2007.107660 31.6557 63.5559  118  117.1478 20.2316 5.0223 36.6946 219.5300 -9.9900 0.1230   -9.9900
20219002 2007.107660 31.6557 63.5559  120  119.1328 20.2319 5.0223 36.6944 219.5500 -9.9900 0.1210   -9.9900
20219002 2007.107660 31.6557 63.5559  122  121.1178 20.2302 5.0221 36.6942 219.4000 -9.9900 0.1260   -9.9900
20219002 2007.107660 31.6557 63.5559  124  123.1027 20.2302 5.0221 36.6941 219.5200 -9.9900 0.1240   -9.9900
20219002 2007.107660 31.6557 63.5559  126  125.0876 20.2313 5.0222 36.6941 219.2900 -9.9900 0.1220   -9.9900
20219002 2007.107660 31.6557 63.5559  128  127.0725 20.2321 5.0223 36.6941 219.2800 -9.9900 0.1210   -9.9900
20219002 2007.107660 31.6557 63.5559  130  129.0574 20.2330 5.0224 36.6941 219.5700 -9.9900 0.1210   -9.9900
20219002 2007.107660 31.6557 63.5559  132  131.0423 20.2199 5.0208 36.6919 219.7800 -9.9900 0.1210   -9.9900
20219002 2007.107660 31.6557 63.5559  134  133.0271 20.2184 5.0206 36.6917 219.7200 -9.9900 0.1260   -9.9900
20219002 2007.107660 31.6557 63.5559  136  135.0119 20.2128 5.0200 36.6914 219.7600 -9.9900 0.1260   -9.9900
20219002 2007.107660 31.6557 63.5559  138  136.9967 20.2082 5.0195 36.6913 219.4400 -9.9900 0.1260   -9.9900
20219002 2007.107660 31.6557 63.5559  140  138.9815 20.2021 5.0187 36.6907 219.3600 -9.9900 0.1250   -9.9900
20219002 2007.107660 31.6557 63.5559  142  140.9663 20.1967 5.0181 36.6902 219.6500 -9.9900 0.1210   -9.9900
20219002 2007.107660 31.6557 63.5559  144  142.9510 20.1907 5.0174 36.6900 219.2300 -9.9900 0.1210   -9.9900
20219002 2007.107660 31.6557 63.5559  146  144.9358 20.1724 5.0153 36.6882 218.2700 -9.9900 0.1180   -9.9900
20219002 2007.107660 31.6557 63.5559  148  146.9205 20.1375 5.0112 36.6854 217.0500 -9.9900 0.1130   -9.9900
20219002 2007.107660 31.6557 63.5559  150  148.9052 20.0588 5.0022 36.6799 213.9700 -9.9900 0.1000   -9.9900
20219002 2007.107660 31.6557 63.5559  152  150.8898 19.9877 4.9942 36.6758 212.4500 -9.9900 0.0890   -9.9900
20219002 2007.107660 31.6557 63.5559  154  152.8745 19.8500 4.9787 36.6675 211.5600 -9.9900 0.0780   -9.9900
20219002 2007.107660 31.6557 63.5559  156  154.8591 19.5929 4.9493 36.6487 208.3100 -9.9900 0.0720   -9.9900
20219002 2007.107660 31.6557 63.5559  158  156.8437 19.3193 4.9181 36.6294 204.2100 -9.9900 0.0600   -9.9900
20219002 2007.107660 31.6557 63.5559  160  158.8283 19.0640 4.8901 36.6198 203.6400 -9.9900 0.0540   -9.9900
20219002 2007.107660 31.6557 63.5559  162  160.8129 18.8533 4.8666 36.6081 202.4100 -9.9900 0.0500   -9.9900
20219002 2007.107660 31.6557 63.5559  164  162.7975 18.7933 4.8601 36.6063 201.0200 -9.9900 0.0480   -9.9900
20219002 2007.107660 31.6557 63.5559  166  164.7820 18.7645 4.8576 36.6106 200.3400 -9.9900 0.0510   -9.9900
20219002 2007.107660 31.6557 63.5559  168  166.7665 18.7549 4.8574 36.6173 199.8300 -9.9900 0.0480   -9.9900
20219002 2007.107660 31.6557 63.5559  170  168.7510 18.7384 4.8564 36.6234 199.2100 -9.9900 0.0410   -9.9900
20219002 2007.107660 31.6557 63.5559  172  170.7355 18.7228 4.8545 36.6216 199.5000 -9.9900 0.0300   -9.9900
20219002 2007.107660 31.6557 63.5559  174  172.7200 18.7021 4.8521 36.6193 199.5300 -9.9900 0.0300   -9.9900
20219002 2007.107660 31.6557 63.5559  176  174.7044 18.6840 4.8505 36.6218 199.6300 -9.9900 0.0270   -9.9900
20219002 2007.107660 31.6557 63.5559  178  176.6888 18.6412 4.8459 36.6212 199.4900 -9.9900 0.0250   -9.9900
20219002 2007.107660 31.6557 63.5559  180  178.6732 18.6183 4.8434 36.6203 199.8800 -9.9900 0.0200   -9.9900
20219002 2007.107660 31.6557 63.5559  182  180.6576 18.5819 4.8395 36.6194 199.7300 -9.9900 0.0160   -9.9900
20219002 2007.107660 31.6557 63.5559  184  182.6420 18.5650 4.8376 36.6186 200.2200 -9.9900 0.0170   -9.9900
20219002 2007.107660 31.6557 63.5559  186  184.6263 18.5408 4.8350 36.6175 200.3200 -9.9900 0.0140   -9.9900
20219002 2007.107660 31.6557 63.5559  188  186.6107 18.5242 4.8332 36.6169 200.4100 -9.9900 0.0110   -9.9900
20219002 2007.107660 31.6557 63.5559  190  188.5950 18.5127 4.8319 36.6163 200.6200 -9.9900 0.0150   -9.9900
20219002 2007.107660 31.6557 63.5559  192  190.5792 18.5050 4.8311 36.6161 200.9000 -9.9900 0.0170   -9.9900
20219002 2007.107660 31.6557 63.5559  194  192.5635 18.5021 4.8307 36.6157 200.9100 -9.9900 0.0170   -9.9900
20219002 2007.107660 31.6557 63.5559  196  194.5478 18.4768 4.8277 36.6129 201.2000 -9.9900 0.0150   -9.9900
20219002 2007.107660 31.6557 63.5559  198  196.5320 18.4560 4.8253 36.6106 201.3200 -9.9900 0.0150   -9.9900
20219002 2007.107660 31.6557 63.5559  200  198.5162 18.4381 4.8232 36.6091 201.3400 -9.9900 0.0160   -9.9900
20219002 2007.107660 31.6557 63.5559  202  200.5004 18.4234 4.8216 36.6078 201.4900 -9.9900 0.0170   -9.9900
20219002 2007.107660 31.6557 63.5559  204  202.4846 18.4118 4.8202 36.6065 201.6500 -9.9900 0.0160   -9.9900
20219002 2007.107660 31.6557 63.5559  206  204.4687 18.4075 4.8196 36.6053 201.9800 -9.9900 0.0170   -9.9900
20219002 2007.107660 31.6557 63.5559  208  206.4529 18.3939 4.8180 36.6035 202.1200 -9.9900 0.0150   -9.9900
20219002 2007.107660 31.6557 63.5559  210  208.4370 18.3856 4.8170 36.6031 202.1400 -9.9900 0.0150   -9.9900
20219002 2007.107660 31.6557 63.5559  212  210.4211 18.3764 4.8159 36.6016 202.2100 -9.9900 0.0130   -9.9900
20219002 2007.107660 31.6557 63.5559  214  212.4051 18.3648 4.8144 36.5990 202.4500 -9.9900 0.0130   -9.9900
20219002 2007.107660 31.6557 63.5559  216  214.3892 18.3523 4.8129 36.5973 202.7900 -9.9900 0.0150   -9.9900
20219002 2007.107660 31.6557 63.5559  218  216.3732 18.3441 4.8121 36.5977 202.8400 -9.9900 0.0150   -9.9900
20219002 2007.107660 31.6557 63.5559  220  218.3573 18.3418 4.8119 36.5980 202.9900 -9.9900 0.0150   -9.9900
20219002 2007.107660 31.6557 63.5559  222  220.3413 18.3378 4.8115 36.5983 203.0200 -9.9900 0.0140   -9.9900
20219002 2007.107660 31.6557 63.5559  224  222.3252 18.3324 4.8109 36.5985 203.2100 -9.9900 0.0130   -9.9900
20219002 2007.107660 31.6557 63.5559  226  224.3092 18.3250 4.8102 36.5987 203.3500 -9.9900 0.0110   -9.9900
20219002 2007.107660 31.6557 63.5559  228  226.2931 18.3114 4.8087 36.5982 203.6000 -9.9900 0.0110   -9.9900
20219002 2007.107660 31.6557 63.5559  230  228.2771 18.3008 4.8075 36.5972 203.7800 -9.9900 0.0090   -9.9900
20219002 2007.107660 31.6557 63.5559  232  230.2610 18.2927 4.8066 36.5966 203.9900 -9.9900 0.0100   -9.9900
20219002 2007.107660 31.6557 63.5559  234  232.2449 18.2878 4.8061 36.5965 204.1500 -9.9900 0.0120   -9.9900
20219002 2007.107660 31.6557 63.5559  236  234.2287 18.2789 4.8051 36.5961 204.0900 -9.9900 0.0110   -9.9900
20219002 2007.107660 31.6557 63.5559  238  236.2126 18.2735 4.8045 36.5957 203.9600 -9.9900 0.0110   -9.9900
20219002 2007.107660 31.6557 63.5559  240  238.1964 18.2592 4.8027 36.5936 203.8500 -9.9900 0.0110   -9.9900
20219002 2007.107660 31.6557 63.5559  242  240.1802 18.2442 4.8009 36.5914 204.0900 -9.9900 0.0140   -9.9900
20219002 2007.107660 31.6557 63.5559  244  242.1640 18.2356 4.7999 36.5902 204.1500 -9.9900 0.0130   -9.9900
20219002 2007.107660 31.6557 63.5559  246  244.1478 18.2346 4.7997 36.5900 204.0000 -9.9900 0.0150   -9.9900
20219002 2007.107660 31.6557 63.5559  248  246.1315 18.2308 4.7993 36.5895 203.8200 -9.9900 0.0130   -9.9900
20219002 2007.107660 31.6557 63.5559  250  248.1153 18.2214 4.7981 36.5882 203.7400 -9.9900 0.0160   -9.9900
20219002 2007.107660 31.6557 63.5559  252  250.0990 18.2108 4.7968 36.5865 203.6900 -9.9900 0.0090   -9.9900
20219002 2007.107660 31.6557 63.5559  254  252.0827 18.2050 4.7961 36.5857 203.6600 -9.9900 0.0090   -9.9900
20219002 2007.107660 31.6557 63.5559  256  254.0663 18.1958 4.7950 36.5844 203.7300 -9.9900 0.0090   -9.9900
20219002 2007.107660 31.6557 63.5559  258  256.0500 18.1849 4.7937 36.5831 203.5600 -9.9900 0.0120   -9.9900
20219002 2007.107660 31.6557 63.5559  260  258.0336 18.1677 4.7917 36.5813 203.6300 -9.9900 0.0130   -9.9900
20219002 2007.107660 31.6557 63.5559  262  260.0172 18.1585 4.7907 36.5804 203.7600 -9.9900 0.0120   -9.9900
20219002 2007.107660 31.6557 63.5559  264  262.0008 18.1550 4.7903 36.5801 204.0400 -9.9900 0.0110   -9.9900
20219002 2007.107660 31.6557 63.5559  266  263.9844 18.1533 4.7900 36.5797 204.2300 -9.9900 0.0100   -9.9900
20219002 2007.107660 31.6557 63.5559  268  265.9680 18.1502 4.7897 36.5793 204.1600 -9.9900 0.0070   -9.9900
20219002 2007.107660 31.6557 63.5559  270  267.9515 18.1463 4.7892 36.5786 204.0900 -9.9900 0.0110   -9.9900
20219002 2007.107660 31.6557 63.5559  272  269.9350 18.1403 4.7885 36.5781 204.4100 -9.9900 0.0160   -9.9900
20219002 2007.107660 31.6557 63.5559  274  271.9185 18.1345 4.7878 36.5772 204.3400 -9.9900 0.0180   -9.9900
20219002 2007.107660 31.6557 63.5559  276  273.9020 18.1264 4.7868 36.5762 204.1100 -9.9900 0.0150   -9.9900
20219002 2007.107660 31.6557 63.5559  278  275.8855 18.1181 4.7858 36.5749 204.1500 -9.9900 0.0170   -9.9900
20219002 2007.107660 31.6557 63.5559  280  277.8689 18.1069 4.7845 36.5740 204.1800 -9.9900 0.0110   -9.9900
20219002 2007.107660 31.6557 63.5559  282  279.8524 18.1027 4.7840 36.5734 204.1700 -9.9900 0.0130   -9.9900
20219002 2007.107660 31.6557 63.5559  284  281.8358 18.0953 4.7831 36.5723 204.1300 -9.9900 0.0140   -9.9900
20219002 2007.107660 31.6557 63.5559  286  283.8192 18.0823 4.7816 36.5706 204.1500 -9.9900 0.0150   -9.9900
20219002 2007.107660 31.6557 63.5559  288  285.8025 18.0742 4.7806 36.5693 204.1000 -9.9900 0.0150   -9.9900
20219002 2007.107660 31.6557 63.5559  290  287.7859 18.0677 4.7798 36.5682 203.9800 -9.9900 0.0130   -9.9900
20219002 2007.107660 31.6557 63.5559  292  289.7692 18.0582 4.7786 36.5667 203.7900 -9.9900 0.0120   -9.9900
20219002 2007.107660 31.6557 63.5559  294  291.7525 18.0447 4.7770 36.5646 203.7500 -9.9900 0.0130   -9.9900
20219002 2007.107660 31.6557 63.5559  296  293.7358 18.0322 4.7754 36.5627 203.5600 -9.9900 0.0140   -9.9900
20219002 2007.107660 31.6557 63.5559  298  295.7191 18.0252 4.7745 36.5612 203.3500 -9.9900 0.0130   -9.9900
20219002 2007.107660 31.6557 63.5559  300  297.7023 18.0135 4.7731 36.5591 203.1100 -9.9900 0.0130   -9.9900
20219002 2007.107660 31.6557 63.5559  302  299.6856 18.0026 4.7717 36.5572 202.8800 -9.9900 0.0100   -9.9900
20219002 2007.107660 31.6557 63.5559  304  301.6688 17.9964 4.7709 36.5560 202.6600 -9.9900 0.0100   -9.9900
20219002 2007.107660 31.6557 63.5559  306  303.6520 17.9839 4.7694 36.5537 202.2500 -9.9900 0.0120   -9.9900
20219002 2007.107660 31.6557 63.5559  308  305.6352 17.9711 4.7678 36.5514 201.8700 -9.9900 0.0140   -9.9900
20219002 2007.107660 31.6557 63.5559  310  307.6183 17.9550 4.7658 36.5486 201.5300 -9.9900 0.0130   -9.9900
20219002 2007.107660 31.6557 63.5559  312  309.6015 17.9452 4.7645 36.5467 201.3900 -9.9900 0.0120   -9.9900
20219002 2007.107660 31.6557 63.5559  314  311.5846 17.9372 4.7635 36.5451 201.2500 -9.9900 0.0110   -9.9900
20219002 2007.107660 31.6557 63.5559  316  313.5677 17.9266 4.7622 36.5432 201.0400 -9.9900 0.0070   -9.9900
20219002 2007.107660 31.6557 63.5559  318  315.5508 17.9193 4.7612 36.5415 201.2000 -9.9900 0.0070   -9.9900
20219002 2007.107660 31.6557 63.5559  320  317.5338 17.9046 4.7593 36.5383 200.9000 -9.9900 0.0120   -9.9900
20219002 2007.107660 31.6557 63.5559  322  319.5169 17.8815 4.7564 36.5338 200.4900 -9.9900 0.0140   -9.9900
20219002 2007.107660 31.6557 63.5559  324  321.4999 17.8682 4.7547 36.5312 200.3400 -9.9900 0.0150   -9.9900
20219002 2007.107660 31.6557 63.5559  326  323.4829 17.8504 4.7524 36.5275 200.1100 -9.9900 0.0120   -9.9900
20219002 2007.107660 31.6557 63.5559  328  325.4659 17.8223 4.7489 36.5223 200.0200 -9.9900 0.0160   -9.9900
20219002 2007.107660 31.6557 63.5559  330  327.4489 17.8080 4.7470 36.5192 199.5600 -9.9900 0.0120   -9.9900
20219002 2007.107660 31.6557 63.5559  332  329.4318 17.7901 4.7447 36.5154 199.1200 -9.9900 0.0080   -9.9900
20219002 2007.107660 31.6557 63.5559  334  331.4147 17.7670 4.7418 36.5106 198.6300 -9.9900 0.0070   -9.9900
20219002 2007.107660 31.6557 63.5559  336  333.3976 17.7321 4.7374 36.5036 198.2600 -9.9900 0.0080   -9.9900
20219002 2007.107660 31.6557 63.5559  338  335.3805 17.7074 4.7342 36.4987 197.6800 -9.9900 0.0100   -9.9900
20219002 2007.107660 31.6557 63.5559  340  337.3634 17.6771 4.7304 36.4928 197.1200 -9.9900 0.0110   -9.9900
20219002 2007.107660 31.6557 63.5559  342  339.3463 17.6411 4.7259 36.4860 196.9300 -9.9900 0.0110   -9.9900
20219002 2007.107660 31.6557 63.5559  344  341.3291 17.6245 4.7238 36.4829 196.6300 -9.9900 0.0020   -9.9900
20219002 2007.107660 31.6557 63.5559  346  343.3119 17.6129 4.7223 36.4804 196.5300 -9.9900 0.0070   -9.9900
20219002 2007.107660 31.6557 63.5559  348  345.2947 17.5949 4.7200 36.4767 196.0100 -9.9900 0.0090   -9.9900
20219002 2007.107660 31.6557 63.5559  350  347.2775 17.5713 4.7171 36.4725 195.5600 -9.9900 0.0090   -9.9900
20219002 2007.107660 31.6557 63.5559  352  349.2602 17.5536 4.7148 36.4691 195.4400 -9.9900 0.0100   -9.9900
20219002 2007.107660 31.6557 63.5559  354  351.2430 17.5274 4.7114 36.4632 195.2300 -9.9900 0.0110   -9.9900
20219002 2007.107660 31.6557 63.5559  356  353.2257 17.4850 4.7061 36.4547 195.1700 -9.9900 0.0130   -9.9900
20219002 2007.107660 31.6557 63.5559  358  355.2084 17.4439 4.7010 36.4474 194.5900 -9.9900 0.0130   -9.9900
20219002 2007.107660 31.6557 63.5559  360  357.1911 17.4183 4.6978 36.4424 193.7300 -9.9900 0.0130   -9.9900
20219002 2007.107660 31.6557 63.5559  362  359.1737 17.3835 4.6934 36.4354 192.9200 -9.9900 0.0110   -9.9900
20219002 2007.107660 31.6557 63.5559  364  361.1564 17.3589 4.6903 36.4306 192.9500 -9.9900 0.0110   -9.9900
20219002 2007.107660 31.6557 63.5559  366  363.1390 17.3214 4.6856 36.4236 192.7900 -9.9900 0.0120   -9.9900
20219002 2007.107660 31.6557 63.5559  368  365.1216 17.2950 4.6823 36.4189 192.8000 -9.9900 0.0110   -9.9900
20219002 2007.107660 31.6557 63.5559  370  367.1042 17.2565 4.6774 36.4108 191.7600 -9.9900 0.0090   -9.9900
20219002 2007.107660 31.6557 63.5559  372  369.0868 17.2225 4.6731 36.4042 191.1600 -9.9900 0.0120   -9.9900
20219002 2007.107660 31.6557 63.5559  374  371.0693 17.1916 4.6693 36.3984 190.7600 -9.9900 0.0110   -9.9900
20219002 2007.107660 31.6557 63.5559  376  373.0518 17.1571 4.6650 36.3920 190.5300 -9.9900 0.0120   -9.9900
20219002 2007.107660 31.6557 63.5559  378  375.0343 17.1287 4.6615 36.3871 190.2800 -9.9900 0.0090   -9.9900
20219002 2007.107660 31.6557 63.5559  380  377.0168 17.1233 4.6608 36.3861 189.7800 -9.9900 0.0090   -9.9900
20219002 2007.107660 31.6557 63.5559  382  378.9993 17.1085 4.6589 36.3830 189.2400 -9.9900 0.0110   -9.9900
20219002 2007.107660 31.6557 63.5559  384  380.9818 17.0854 4.6561 36.3786 188.9500 -9.9900 0.0120   -9.9900
20219002 2007.107660 31.6557 63.5559  386  382.9642 17.0520 4.6519 36.3724 188.7200 -9.9900 0.0120   -9.9900
20219002 2007.107660 31.6557 63.5559  388  384.9466 17.0158 4.6474 36.3658 188.5300 -9.9900 0.0100   -9.9900
20219002 2007.107660 31.6557 63.5559  390  386.9290 17.0062 4.6462 36.3637 188.2500 -9.9900 0.0100   -9.9900
20219002 2007.107660 31.6557 63.5559  392  388.9114 16.9916 4.6444 36.3608 187.7400 -9.9900 0.0100   -9.9900
20219002 2007.107660 31.6557 63.5559  394  390.8937 16.9663 4.6412 36.3560 187.0200 -9.9900 0.0080   -9.9900
20219002 2007.107660 31.6557 63.5559  396  392.8761 16.9320 4.6370 36.3499 187.2000 -9.9900 0.0060   -9.9900
20219002 2007.107660 31.6557 63.5559  398  394.8584 16.9106 4.6344 36.3463 186.9000 -9.9900 0.0100   -9.9900
20219002 2007.107660 31.6557 63.5559  400  396.8407 16.9040 4.6334 36.3441 186.2300 -9.9900 0.0110   -9.9900
20219002 2007.107660 31.6557 63.5559  402  398.8230 16.8602 4.6279 36.3351 186.3400 -9.9900 0.0090   -9.9900
20219002 2007.107660 31.6557 63.5559  404  400.8052 16.8168 4.6226 36.3278 186.0800 -9.9900 0.0070   -9.9900
20219002 2007.107660 31.6557 63.5559  406  402.7875 16.7920 4.6195 36.3232 185.1200 -9.9900 0.0050   -9.9900
20219002 2007.107660 31.6557 63.5559  408  404.7697 16.7414 4.6133 36.3144 185.1200 -9.9900 0.0080   -9.9900
20219002 2007.107660 31.6557 63.5559  410  406.7519 16.7089 4.6094 36.3088 184.6000 -9.9900 0.0110   -9.9900
20219002 2007.107660 31.6557 63.5559  412  408.7341 16.6831 4.6062 36.3040 184.6900 -9.9900 0.0150   -9.9900
20219002 2007.107660 31.6557 63.5559  414  410.7163 16.6548 4.6027 36.2986 184.7300 -9.9900 0.0110   -9.9900
20219002 2007.107660 31.6557 63.5559  416  412.6984 16.6247 4.5989 36.2931 184.5600 -9.9900 0.0080   -9.9900
20219002 2007.107660 31.6557 63.5559  418  414.6805 16.6013 4.5961 36.2891 183.9700 -9.9900 0.0120   -9.9900
20219002 2007.107660 31.6557 63.5559  420  416.6626 16.5715 4.5924 36.2838 183.3300 -9.9900 0.0130   -9.9900
20219002 2007.107660 31.6557 63.5559  422  418.6447 16.5407 4.5887 36.2784 183.2600 -9.9900 0.0080   -9.9900
20219002 2007.107660 31.6557 63.5559  424  420.6268 16.5121 4.5852 36.2733 183.1900 -9.9900 0.0090   -9.9900
20219002 2007.107660 31.6557 63.5559  426  422.6089 16.4989 4.5836 36.2711 183.0800 -9.9900 0.0120   -9.9900
20219002 2007.107660 31.6557 63.5559  428  424.5909 16.4762 4.5808 36.2671 182.8900 -9.9900 0.0150   -9.9900
20219002 2007.107660 31.6557 63.5559  430  426.5729 16.4670 4.5797 36.2655 182.9500 -9.9900 0.0150   -9.9900
20219002 2007.107660 31.6557 63.5559  432  428.5549 16.4577 4.5785 36.2639 182.9200 -9.9900 0.0140   -9.9900
20219002 2007.107660 31.6557 63.5559  434  430.5369 16.4408 4.5764 36.2601 182.6200 -9.9900 0.0120   -9.9900
20219002 2007.107660 31.6557 63.5559  436  432.5188 16.4012 4.5715 36.2528 182.5300 -9.9900 0.0130   -9.9900
20219002 2007.107660 31.6557 63.5559  438  434.5008 16.3786 4.5689 36.2501 182.0200 -9.9900 0.0140   -9.9900
20219002 2007.107660 31.6557 63.5559  440  436.4827 16.3536 4.5657 36.2450 181.6600 -9.9900 0.0150   -9.9900
20219002 2007.107660 31.6557 63.5559  442  438.4646 16.3322 4.5632 36.2415 181.7100 -9.9900 0.0150   -9.9900
20219002 2007.107660 31.6557 63.5559  444  440.4465 16.3140 4.5609 36.2383 181.5200 -9.9900 0.0140   -9.9900
20219002 2007.107660 31.6557 63.5559  446  442.4283 16.3007 4.5593 36.2360 181.2800 -9.9900 0.0120   -9.9900
20219002 2007.107660 31.6557 63.5559  448  444.4102 16.2816 4.5570 36.2324 180.9900 -9.9900 0.0110   -9.9900
20219002 2007.107660 31.6557 63.5559  450  446.3920 16.2475 4.5528 36.2263 180.5800 -9.9900 0.0110   -9.9900
20219002 2007.107660 31.6557 63.5559  452  448.3738 16.1938 4.5463 36.2172 180.1500 -9.9900 0.0120   -9.9900
20219002 2007.107660 31.6557 63.5559  454  450.3556 16.1553 4.5416 36.2104 179.8900 -9.9900 0.0120   -9.9900
20219002 2007.107660 31.6557 63.5559  456  452.3374 16.1033 4.5353 36.2012 179.5100 -9.9900 0.0140   -9.9900
20219002 2007.107660 31.6557 63.5559  458  454.3191 16.0875 4.5334 36.1988 179.3000 -9.9900 0.0130   -9.9900
20219002 2007.107660 31.6557 63.5559  460  456.3008 16.0784 4.5323 36.1972 179.1300 -9.9900 0.0120   -9.9900
20219002 2007.107660 31.6557 63.5559  462  458.2825 16.0695 4.5312 36.1954 179.0900 -9.9900 0.0130   -9.9900
20219002 2007.107660 31.6557 63.5559  464  460.2642 16.0471 4.5285 36.1917 179.1400 -9.9900 0.0130   -9.9900
20219002 2007.107660 31.6557 63.5559  466  462.2459 16.0162 4.5247 36.1862 179.2200 -9.9900 0.0120   -9.9900
20219002 2007.107660 31.6557 63.5559  468  464.2276 15.9691 4.5189 36.1772 178.6800 -9.9900 0.0100   -9.9900
20219002 2007.107660 31.6557 63.5559  470  466.2092 15.9133 4.5122 36.1677 178.0500 -9.9900 0.0100   -9.9900
20219002 2007.107660 31.6557 63.5559  472  468.1908 15.8695 4.5068 36.1600 178.2500 -9.9900 0.0120   -9.9900
20219002 2007.107660 31.6557 63.5559  474  470.1724 15.8302 4.5022 36.1538 178.2700 -9.9900 0.0120   -9.9900
20219002 2007.107660 31.6557 63.5559  476  472.1540 15.7914 4.4976 36.1479 177.6600 -9.9900 0.0110   -9.9900
20219002 2007.107660 31.6557 63.5559  478  474.1355 15.7770 4.4958 36.1452 177.3700 -9.9900 0.0100   -9.9900
20219002 2007.107660 31.6557 63.5559  480  476.1171 15.7650 4.4944 36.1433 177.2800 -9.9900 0.0080   -9.9900
20219002 2007.107660 31.6557 63.5559  482  478.0986 15.7552 4.4932 36.1419 177.1700 -9.9900 0.0100   -9.9900
20219002 2007.107660 31.6557 63.5559  484  480.0801 15.7469 4.4922 36.1406 177.0000 -9.9900 0.0130   -9.9900
20219002 2007.107660 31.6557 63.5559  486  482.0616 15.7323 4.4904 36.1380 177.0300 -9.9900 0.0120   -9.9900
20219002 2007.107660 31.6557 63.5559  488  484.0430 15.7048 4.4871 36.1331 176.5100 -9.9900 0.0130   -9.9900
20219002 2007.107660 31.6557 63.5559  490  486.0245 15.6583 4.4815 36.1254 176.5300 -9.9900 0.0100   -9.9900
20219002 2007.107660 31.6557 63.5559  492  488.0059 15.6242 4.4775 36.1202 176.6400 -9.9900 0.0110   -9.9900
20219002 2007.107660 31.6557 63.5559  494  489.9873 15.5819 4.4723 36.1120 176.4200 -9.9900 0.0110   -9.9900
20219002 2007.107660 31.6557 63.5559  496  491.9687 15.5238 4.4654 36.1029 176.0900 -9.9900 0.0140   -9.9900
20219002 2007.107660 31.6557 63.5559  498  493.9501 15.5027 4.4628 36.0988 176.1200 -9.9900 0.0120   -9.9900
20219002 2007.107660 31.6557 63.5559  500  495.9314 15.4672 4.4585 36.0928 175.8400 -9.9900 0.0100   -9.9900
20219002 2007.107660 31.6557 63.5559  502  497.9127 15.4225 4.4532 36.0856 175.4600 -9.9900 0.0050   -9.9900
20219002 2007.107660 31.6557 63.5559  504  499.8941 15.4017 4.4506 36.0808 175.3400 -9.9900 0.0060   -9.9900
