10030001 1991.197232 31.7550 64.1680    4    3.9722 20.3480 5.0401 36.7380 237.9400 0.4350 -9.9900   -9.9900
10030001 1991.197232 31.7550 64.1680    6    5.9582 20.3670 5.0422 36.7380 238.1700 0.4330 -9.9900   -9.9900
10030001 1991.197232 31.7550 64.1680    8    7.9443 20.3690 5.0425 36.7380 238.2500 0.4330 -9.9900   -9.9900
10030001 1991.197232 31.7550 64.1680   10    9.9303 20.3630 5.0421 36.7390 238.2600 0.4340 -9.9900   -9.9900
10030001 1991.197232 31.7550 64.1680   12   11.9163 20.3550 5.0413 36.7390 238.2200 0.4330 -9.9900   -9.9900
10030001 1991.197232 31.7550 64.1680   14   13.9023 20.3500 5.0409 36.7390 238.2900 0.4340 -9.9900   -9.9900
10030001 1991.197232 31.7550 64.1680   16   15.8882 20.3510 5.0411 36.7390 238.2400 0.4320 -9.9900   -9.9900
10030001 1991.197232 31.7550 64.1680   18   17.8742 20.3570 5.0418 36.7390 238.0900 0.4330 -9.9900   -9.9900
10030001 1991.197232 31.7550 64.1680   20   19.8601 20.3570 5.0418 36.7380 238.0200 0.4320 -9.9900   -9.9900
10030001 1991.197232 31.7550 64.1680   22   21.8460 20.3570 5.0419 36.7380 238.0000 0.4330 -9.9900   -9.9900
10030001 1991.197232 31.7550 64.1680   24   23.8319 20.3680 5.0431 36.7380 237.9200 0.4340 -9.9900   -9.9900
10030001 1991.197232 31.7550 64.1680   26   25.8178 20.3680 5.0432 36.7380 237.8700 0.4310 -9.9900   -9.9900
10030001 1991.197232 31.7550 64.1680   28   27.8036 20.3710 5.0436 36.7380 237.8700 0.4360 -9.9900   -9.9900
10030001 1991.197232 31.7550 64.1680   30   29.7895 20.3680 5.0434 36.7380 237.7800 0.4340 -9.9900   -9.9900
10030001 1991.197232 31.7550 64.1680   32   31.7753 20.3690 5.0436 36.7380 237.5700 0.4330 -9.9900   -9.9900
10030001 1991.197232 31.7550 64.1680   34   33.7611 20.3690 5.0437 36.7380 237.3600 0.4330 -9.9900   -9.9900
10030001 1991.197232 31.7550 64.1680   36   35.7468 20.3690 5.0438 36.7380 237.3600 0.4330 -9.9900   -9.9900
10030001 1991.197232 31.7550 64.1680   38   37.7326 20.3710 5.0441 36.7380 237.3800 0.4330 -9.9900   -9.9900
10030001 1991.197232 31.7550 64.1680   40   39.7183 20.3720 5.0443 36.7380 237.4000 0.4320 -9.9900   -9.9900
10030001 1991.197232 31.7550 64.1680   42   41.7040 20.3700 5.0442 36.7380 237.4200 0.4330 -9.9900   -9.9900
10030001 1991.197232 31.7550 64.1680   44   43.6897 20.3700 5.0443 36.7380 237.5400 0.4340 -9.9900   -9.9900
10030001 1991.197232 31.7550 64.1680   46   45.6754 20.3710 5.0444 36.7380 237.5300 0.4340 -9.9900   -9.9900
10030001 1991.197232 31.7550 64.1680   48   47.6610 20.3710 5.0444 36.7370 237.5300 0.4330 -9.9900   -9.9900
10030001 1991.197232 31.7550 64.1680   50   49.6467 20.3710 5.0445 36.7370 237.5300 0.4320 -9.9900   -9.9900
10030001 1991.197232 31.7550 64.1680   52   51.6323 20.3720 5.0448 36.7380 237.5500 0.4320 -9.9900   -9.9900
10030001 1991.197232 31.7550 64.1680   54   53.6179 20.3700 5.0446 36.7370 237.4800 0.4310 -9.9900   -9.9900
10030001 1991.197232 31.7550 64.1680   56   55.6035 20.3710 5.0448 36.7370 237.3500 0.4320 -9.9900   -9.9900
10030001 1991.197232 31.7550 64.1680   58   57.5890 20.3760 5.0454 36.7370 237.2200 0.4330 -9.9900   -9.9900
10030001 1991.197232 31.7550 64.1680   60   59.5746 20.3750 5.0454 36.7370 237.2800 0.4320 -9.9900   -9.9900
10030001 1991.197232 31.7550 64.1680   62   61.5601 20.3760 5.0456 36.7370 237.2700 0.4320 -9.9900   -9.9900
10030001 1991.197232 31.7550 64.1680   64   63.5456 20.3720 5.0452 36.7370 237.2900 0.4300 -9.9900   -9.9900
10030001 1991.197232 31.7550 64.1680   66   65.5311 20.3720 5.0452 36.7360 237.3000 0.4300 -9.9900   -9.9900
10030001 1991.197232 31.7550 64.1680   68   67.5165 20.3700 5.0450 36.7350 237.2500 0.4320 -9.9900   -9.9900
10030001 1991.197232 31.7550 64.1680   70   69.5020 20.3700 5.0451 36.7350 237.1600 0.4290 -9.9900   -9.9900
10030001 1991.197232 31.7550 64.1680   72   71.4874 20.3700 5.0450 36.7340 236.9700 0.4310 -9.9900   -9.9900
10030001 1991.197232 31.7550 64.1680   74   73.4728 20.3670 5.0448 36.7340 236.6400 0.4290 -9.9900   -9.9900
10030001 1991.197232 31.7550 64.1680   76   75.4582 20.3660 5.0447 36.7330 236.4400 0.4280 -9.9900   -9.9900
10030001 1991.197232 31.7550 64.1680   78   77.4436 20.3650 5.0446 36.7330 236.3500 0.4290 -9.9900   -9.9900
10030001 1991.197232 31.7550 64.1680   80   79.4289 20.3650 5.0446 36.7320 236.2100 0.4280 -9.9900   -9.9900
10030001 1991.197232 31.7550 64.1680   82   81.4142 20.3620 5.0444 36.7320 236.0400 0.4280 -9.9900   -9.9900
10030001 1991.197232 31.7550 64.1680   84   83.3996 20.3540 5.0435 36.7310 235.7300 0.4270 -9.9900   -9.9900
10030001 1991.197232 31.7550 64.1680   86   85.3848 20.3540 5.0435 36.7300 235.5300 0.4260 -9.9900   -9.9900
10030001 1991.197232 31.7550 64.1680   88   87.3701 20.3530 5.0435 36.7300 235.4300 0.4260 -9.9900   -9.9900
10030001 1991.197232 31.7550 64.1680   90   89.3554 20.3520 5.0434 36.7300 235.1200 0.4250 -9.9900   -9.9900
10030001 1991.197232 31.7550 64.1680   92   91.3406 20.3560 5.0441 36.7310 234.9400 0.4260 -9.9900   -9.9900
10030001 1991.197232 31.7550 64.1680   94   93.3258 20.3550 5.0439 36.7300 234.8500 0.4260 -9.9900   -9.9900
10030001 1991.197232 31.7550 64.1680   96   95.3110 20.3460 5.0428 36.7280 234.8900 0.4240 -9.9900   -9.9900
10030001 1991.197232 31.7550 64.1680   98   97.2962 20.3420 5.0425 36.7280 234.9400 0.4230 -9.9900   -9.9900
10030001 1991.197232 31.7550 64.1680  100   99.2813 20.3420 5.0425 36.7270 235.0400 0.4230 -9.9900   -9.9900
10030001 1991.197232 31.7550 64.1680  102  101.2665 20.3320 5.0412 36.7250 235.0100 0.4230 -9.9900   -9.9900
10030001 1991.197232 31.7550 64.1680  104  103.2516 20.3280 5.0408 36.7240 234.9300 0.4220 -9.9900   -9.9900
10030001 1991.197232 31.7550 64.1680  106  105.2367 20.3210 5.0401 36.7240 234.8100 0.4220 -9.9900   -9.9900
10030001 1991.197232 31.7550 64.1680  108  107.2218 20.3170 5.0396 36.7220 234.7200 0.4220 -9.9900   -9.9900
10030001 1991.197232 31.7550 64.1680  110  109.2068 20.3090 5.0387 36.7210 234.6400 0.4230 -9.9900   -9.9900
10030001 1991.197232 31.7550 64.1680  112  111.1919 20.2970 5.0374 36.7200 234.5000 0.4210 -9.9900   -9.9900
10030001 1991.197232 31.7550 64.1680  114  113.1769 20.2920 5.0367 36.7180 234.4200 0.4200 -9.9900   -9.9900
10030001 1991.197232 31.7550 64.1680  116  115.1619 20.2900 5.0364 36.7170 234.4600 0.4200 -9.9900   -9.9900
10030001 1991.197232 31.7550 64.1680  118  117.1469 20.2860 5.0361 36.7170 234.3700 0.4200 -9.9900   -9.9900
10030001 1991.197232 31.7550 64.1680  120  119.1318 20.2770 5.0350 36.7150 234.2400 0.4190 -9.9900   -9.9900
10030001 1991.197232 31.7550 64.1680  122  121.1168 20.2640 5.0335 36.7130 234.0500 0.4190 -9.9900   -9.9900
10030001 1991.197232 31.7550 64.1680  124  123.1017 20.2460 5.0314 36.7110 233.8000 0.4140 -9.9900   -9.9900
10030001 1991.197232 31.7550 64.1680  126  125.0866 20.1260 5.0178 36.7030 233.4600 0.4110 -9.9900   -9.9900
10030001 1991.197232 31.7550 64.1680  128  127.0715 19.7510 4.9741 36.6690 232.8700 0.3990 -9.9900   -9.9900
10030001 1991.197232 31.7550 64.1680  130  129.0563 19.6080 4.9563 36.6460 231.7700 0.3950 -9.9900   -9.9900
10030001 1991.197232 31.7550 64.1680  132  131.0412 19.5400 4.9477 36.6330 230.4500 0.3940 -9.9900   -9.9900
10030001 1991.197232 31.7550 64.1680  134  133.0260 19.5380 4.9473 36.6310 230.1300 0.3940 -9.9900   -9.9900
10030001 1991.197232 31.7550 64.1680  136  135.0108 19.5340 4.9469 36.6300 229.9500 0.3930 -9.9900   -9.9900
10030001 1991.197232 31.7550 64.1680  138  136.9956 19.5280 4.9462 36.6290 229.7600 0.3920 -9.9900   -9.9900
10030001 1991.197232 31.7550 64.1680  140  138.9804 19.5240 4.9455 36.6260 229.6700 0.3950 -9.9900   -9.9900
10030001 1991.197232 31.7550 64.1680  142  140.9651 19.5210 4.9453 36.6260 229.6200 0.3910 -9.9900   -9.9900
10030001 1991.197232 31.7550 64.1680  144  142.9499 19.5190 4.9451 36.6250 229.5500 0.3910 -9.9900   -9.9900
10030001 1991.197232 31.7550 64.1680  146  144.9346 19.5170 4.9448 36.6240 229.4500 0.3900 -9.9900   -9.9900
10030001 1991.197232 31.7550 64.1680  148  146.9193 19.5160 4.9447 36.6230 229.3900 0.3900 -9.9900   -9.9900
10030001 1991.197232 31.7550 64.1680  150  148.9040 19.5130 4.9445 36.6230 229.3200 0.3900 -9.9900   -9.9900
10030001 1991.197232 31.7550 64.1680  152  150.8886 19.5090 4.9441 36.6230 229.1900 0.3900 -9.9900   -9.9900
10030001 1991.197232 31.7550 64.1680  154  152.8732 19.5030 4.9435 36.6220 229.1300 0.3900 -9.9900   -9.9900
10030001 1991.197232 31.7550 64.1680  156  154.8579 19.5010 4.9434 36.6220 229.0900 0.3900 -9.9900   -9.9900
10030001 1991.197232 31.7550 64.1680  158  156.8425 19.4980 4.9431 36.6220 229.0700 0.3910 -9.9900   -9.9900
10030001 1991.197232 31.7550 64.1680  160  158.8270 19.4930 4.9435 36.6290 228.9400 0.3920 -9.9900   -9.9900
10030001 1991.197232 31.7550 64.1680  162  160.8116 19.4800 4.9436 36.6400 228.1300 0.3940 -9.9900   -9.9900
10030001 1991.197232 31.7550 64.1680  164  162.7961 19.4730 4.9430 36.6410 226.4200 0.3940 -9.9900   -9.9900
10030001 1991.197232 31.7550 64.1680  166  164.7807 19.4460 4.9404 36.6420 225.5900 0.3940 -9.9900   -9.9900
10030001 1991.197232 31.7550 64.1680  168  166.7652 19.4140 4.9375 36.6450 224.1400 0.3940 -9.9900   -9.9900
10030001 1991.197232 31.7550 64.1680  170  168.7496 19.3830 4.9346 36.6470 222.7300 0.3940 -9.9900   -9.9900
10030001 1991.197232 31.7550 64.1680  172  170.7341 19.3780 4.9339 36.6450 220.0700 0.3940 -9.9900   -9.9900
10030001 1991.197232 31.7550 64.1680  174  172.7186 19.3740 4.9335 36.6450 218.5000 0.3940 -9.9900   -9.9900
10030001 1991.197232 31.7550 64.1680  176  174.7030 19.3450 4.9303 36.6430 217.1900 0.3940 -9.9900   -9.9900
10030001 1991.197232 31.7550 64.1680  178  176.6874 19.2920 4.9247 36.6420 216.3900 0.3930 -9.9900   -9.9900
10030001 1991.197232 31.7550 64.1680  180  178.6718 19.2670 4.9217 36.6380 215.6400 0.3920 -9.9900   -9.9900
10030001 1991.197232 31.7550 64.1680  182  180.6561 19.2250 4.9167 36.6320 214.9300 0.3920 -9.9900   -9.9900
10030001 1991.197232 31.7550 64.1680  184  182.6405 19.2150 4.9155 36.6300 214.5000 0.3910 -9.9900   -9.9900
10030001 1991.197232 31.7550 64.1680  186  184.6248 19.2030 4.9139 36.6270 214.5900 0.3920 -9.9900   -9.9900
10030001 1991.197232 31.7550 64.1680  188  186.6091 19.1940 4.9130 36.6260 214.9300 0.3900 -9.9900   -9.9900
10030001 1991.197232 31.7550 64.1680  190  188.5934 19.1730 4.9106 36.6240 215.6400 0.3910 -9.9900   -9.9900
10030001 1991.197232 31.7550 64.1680  192  190.5777 19.1410 4.9067 36.6190 215.9500 0.3900 -9.9900   -9.9900
10030001 1991.197232 31.7550 64.1680  194  192.5619 19.1220 4.9050 36.6200 216.1800 0.3900 -9.9900   -9.9900
10030001 1991.197232 31.7550 64.1680  196  194.5462 19.1140 4.9041 36.6190 216.5100 0.3900 -9.9900   -9.9900
10030001 1991.197232 31.7550 64.1680  198  196.5304 19.0790 4.9003 36.6170 216.7600 0.3900 -9.9900   -9.9900
10030001 1991.197232 31.7550 64.1680  200  198.5146 19.0560 4.8977 36.6150 216.6700 0.3900 -9.9900   -9.9900
10030001 1991.197232 31.7550 64.1680  202  200.4988 19.0340 4.8954 36.6140 216.5600 0.3900 -9.9900   -9.9900
10030001 1991.197232 31.7550 64.1680  204  202.4829 19.0030 4.8920 36.6120 216.8800 0.3900 -9.9900   -9.9900
10030001 1991.197232 31.7550 64.1680  206  204.4670 18.9850 4.8899 36.6100 217.3700 0.3890 -9.9900   -9.9900
10030001 1991.197232 31.7550 64.1680  208  206.4512 18.9730 4.8885 36.6080 217.6200 0.3890 -9.9900   -9.9900
10030001 1991.197232 31.7550 64.1680  210  208.4353 18.9630 4.8874 36.6070 217.4900 0.3900 -9.9900   -9.9900
10030001 1991.197232 31.7550 64.1680  212  210.4193 18.9540 4.8865 36.6060 217.1300 0.3890 -9.9900   -9.9900
10030001 1991.197232 31.7550 64.1680  214  212.4034 18.9340 4.8843 36.6050 216.5300 0.3900 -9.9900   -9.9900
10030001 1991.197232 31.7550 64.1680  216  214.3874 18.9120 4.8819 36.6030 216.0300 0.3900 -9.9900   -9.9900
10030001 1991.197232 31.7550 64.1680  218  216.3715 18.8850 4.8789 36.6010 215.5900 0.3870 -9.9900   -9.9900
10030001 1991.197232 31.7550 64.1680  220  218.3555 18.8730 4.8775 36.5990 215.0300 0.3880 -9.9900   -9.9900
10030001 1991.197232 31.7550 64.1680  222  220.3395 18.8560 4.8757 36.5980 214.3000 0.3870 -9.9900   -9.9900
10030001 1991.197232 31.7550 64.1680  224  222.3234 18.8230 4.8718 36.5940 213.5900 0.3870 -9.9900   -9.9900
10030001 1991.197232 31.7550 64.1680  226  224.3074 18.8200 4.8716 36.5940 213.1500 0.3870 -9.9900   -9.9900
10030001 1991.197232 31.7550 64.1680  228  226.2913 18.8230 4.8719 36.5930 212.5200 0.3870 -9.9900   -9.9900
10030001 1991.197232 31.7550 64.1680  230  228.2752 18.7990 4.8695 36.5930 211.9300 0.3870 -9.9900   -9.9900
10030001 1991.197232 31.7550 64.1680  232  230.2591 18.7800 4.8673 36.5910 211.3300 0.3870 -9.9900   -9.9900
10030001 1991.197232 31.7550 64.1680  234  232.2430 18.7440 4.8634 36.5890 210.9000 0.3870 -9.9900   -9.9900
10030001 1991.197232 31.7550 64.1680  236  234.2268 18.7350 4.8624 36.5880 210.4700 0.3870 -9.9900   -9.9900
10030001 1991.197232 31.7550 64.1680  238  236.2106 18.7250 4.8614 36.5870 210.0100 0.3870 -9.9900   -9.9900
10030001 1991.197232 31.7550 64.1680  240  238.1945 18.7100 4.8597 36.5850 209.5500 0.3870 -9.9900   -9.9900
10030001 1991.197232 31.7550 64.1680  242  240.1782 18.7010 4.8587 36.5840 209.3100 0.3870 -9.9900   -9.9900
10030001 1991.197232 31.7550 64.1680  244  242.1620 18.6670 4.8552 36.5840 209.1000 0.3870 -9.9900   -9.9900
10030001 1991.197232 31.7550 64.1680  246  244.1458 18.6490 4.8532 36.5820 208.7700 0.3860 -9.9900   -9.9900
10030001 1991.197232 31.7550 64.1680  248  246.1295 18.6210 4.8499 36.5780 208.4800 0.3870 -9.9900   -9.9900
10030001 1991.197232 31.7550 64.1680  250  248.1132 18.6180 4.8496 36.5780 208.3100 0.3870 -9.9900   -9.9900
10030001 1991.197232 31.7550 64.1680  252  250.0969 18.6130 4.8491 36.5770 208.0100 0.3860 -9.9900   -9.9900
10030001 1991.197232 31.7550 64.1680  254  252.0806 18.5990 4.8475 36.5750 207.5200 0.3870 -9.9900   -9.9900
10030001 1991.197232 31.7550 64.1680  256  254.0643 18.5920 4.8467 36.5740 207.3800 0.3870 -9.9900   -9.9900
10030001 1991.197232 31.7550 64.1680  258  256.0479 18.5870 4.8463 36.5740 207.2900 0.3860 -9.9900   -9.9900
10030001 1991.197232 31.7550 64.1680  260  258.0315 18.5830 4.8458 36.5730 207.2400 0.3860 -9.9900   -9.9900
10030001 1991.197232 31.7550 64.1680  262  260.0151 18.5790 4.8455 36.5730 207.3000 0.3860 -9.9900   -9.9900
10030001 1991.197232 31.7550 64.1680  264  261.9987 18.5750 4.8451 36.5720 207.3900 0.3870 -9.9900   -9.9900
10030001 1991.197232 31.7550 64.1680  266  263.9823 18.5620 4.8437 36.5710 207.4300 0.3870 -9.9900   -9.9900
10030001 1991.197232 31.7550 64.1680  268  265.9658 18.5410 4.8413 36.5690 207.5000 0.3860 -9.9900   -9.9900
10030001 1991.197232 31.7550 64.1680  270  267.9493 18.5220 4.8393 36.5680 207.5600 0.3870 -9.9900   -9.9900
10030001 1991.197232 31.7550 64.1680  272  269.9328 18.5290 4.8399 36.5660 207.5200 0.3870 -9.9900   -9.9900
10030001 1991.197232 31.7550 64.1680  274  271.9163 18.5210 4.8392 36.5660 207.4800 0.3870 -9.9900   -9.9900
10030001 1991.197232 31.7550 64.1680  276  273.8998 18.5160 4.8387 36.5660 207.4500 0.3850 -9.9900   -9.9900
10030001 1991.197232 31.7550 64.1680  278  275.8832 18.5100 4.8382 36.5660 207.3600 0.3860 -9.9900   -9.9900
10030001 1991.197232 31.7550 64.1680  280  277.8667 18.4960 4.8367 36.5650 207.2500 0.3850 -9.9900   -9.9900
10030001 1991.197232 31.7550 64.1680  282  279.8501 18.4880 4.8356 36.5620 207.2100 0.3850 -9.9900   -9.9900
10030001 1991.197232 31.7550 64.1680  284  281.8335 18.4760 4.8344 36.5620 207.2800 0.3860 -9.9900   -9.9900
10030001 1991.197232 31.7550 64.1680  286  283.8168 18.4660 4.8334 36.5610 207.2800 0.3860 -9.9900   -9.9900
10030001 1991.197232 31.7550 64.1680  288  285.8002 18.4590 4.8326 36.5600 207.2200 0.3860 -9.9900   -9.9900
10030001 1991.197232 31.7550 64.1680  290  287.7835 18.4480 4.8314 36.5590 207.1500 0.3850 -9.9900   -9.9900
10030001 1991.197232 31.7550 64.1680  292  289.7668 18.4280 4.8292 36.5570 207.1000 0.3850 -9.9900   -9.9900
10030001 1991.197232 31.7550 64.1680  294  291.7501 18.4050 4.8266 36.5550 207.0500 0.3860 -9.9900   -9.9900
10030001 1991.197232 31.7550 64.1680  296  293.7334 18.3900 4.8250 36.5540 206.7700 0.3850 -9.9900   -9.9900
10030001 1991.197232 31.7550 64.1680  298  295.7167 18.3690 4.8225 36.5500 206.4500 0.3850 -9.9900   -9.9900
10030001 1991.197232 31.7550 64.1680  300  297.6999 18.3540 4.8208 36.5480 206.4100 0.3850 -9.9900   -9.9900
10030001 1991.197232 31.7550 64.1680  302  299.6831 18.3370 4.8190 36.5470 206.4800 0.3850 -9.9900   -9.9900
10030001 1991.197232 31.7550 64.1680  304  301.6663 18.3200 4.8169 36.5440 206.5500 0.3850 -9.9900   -9.9900
10030001 1991.197232 31.7550 64.1680  306  303.6495 18.3060 4.8155 36.5440 206.6200 0.3850 -9.9900   -9.9900
10030001 1991.197232 31.7550 64.1680  308  305.6327 18.3060 4.8154 36.5420 206.7100 0.3850 -9.9900   -9.9900
10030001 1991.197232 31.7550 64.1680  310  307.6158 18.2850 4.8131 36.5400 206.7400 0.3840 -9.9900   -9.9900
10030001 1991.197232 31.7550 64.1680  312  309.5989 18.2680 4.8112 36.5380 206.7900 0.3850 -9.9900   -9.9900
10030001 1991.197232 31.7550 64.1680  314  311.5820 18.2580 4.8101 36.5370 206.8600 0.3850 -9.9900   -9.9900
10030001 1991.197232 31.7550 64.1680  316  313.5651 18.2520 4.8095 36.5370 206.9500 0.3850 -9.9900   -9.9900
10030001 1991.197232 31.7550 64.1680  318  315.5482 18.2460 4.8089 36.5360 207.0700 0.3850 -9.9900   -9.9900
10030001 1991.197232 31.7550 64.1680  320  317.5312 18.2190 4.8060 36.5350 207.1800 0.3850 -9.9900   -9.9900
10030001 1991.197232 31.7550 64.1680  322  319.5143 18.1910 4.8030 36.5330 207.3100 0.3850 -9.9900   -9.9900
10030001 1991.197232 31.7550 64.1680  324  321.4973 18.1760 4.8013 36.5310 207.4300 0.3850 -9.9900   -9.9900
10030001 1991.197232 31.7550 64.1680  326  323.4803 18.1630 4.7999 36.5300 207.5100 0.3850 -9.9900   -9.9900
10030001 1991.197232 31.7550 64.1680  328  325.4632 18.1510 4.7985 36.5280 207.5800 0.3850 -9.9900   -9.9900
10030001 1991.197232 31.7550 64.1680  330  327.4462 18.1230 4.7954 36.5260 207.6600 0.3850 -9.9900   -9.9900
10030001 1991.197232 31.7550 64.1680  332  329.4291 18.1180 4.7948 36.5240 207.7400 0.3840 -9.9900   -9.9900
10030001 1991.197232 31.7550 64.1680  334  331.4120 18.1170 4.7948 36.5240 207.8400 0.3850 -9.9900   -9.9900
10030001 1991.197232 31.7550 64.1680  336  333.3949 18.0960 4.7924 36.5220 207.9200 0.3840 -9.9900   -9.9900
10030001 1991.197232 31.7550 64.1680  338  335.3778 18.0850 4.7909 36.5180 208.0300 0.3840 -9.9900   -9.9900
10030001 1991.197232 31.7550 64.1680  340  337.3606 18.0620 4.7885 36.5170 208.0700 0.3840 -9.9900   -9.9900
10030001 1991.197232 31.7550 64.1680  342  339.3435 18.0530 4.7875 36.5160 208.0500 0.3840 -9.9900   -9.9900
10030001 1991.197232 31.7550 64.1680  344  341.3263 18.0460 4.7868 36.5150 207.9000 0.3840 -9.9900   -9.9900
10030001 1991.197232 31.7550 64.1680  346  343.3091 18.0380 4.7858 36.5130 207.7100 0.3840 -9.9900   -9.9900
10030001 1991.197232 31.7550 64.1680  348  345.2919 18.0360 4.7857 36.5130 207.7400 0.3850 -9.9900   -9.9900
10030001 1991.197232 31.7550 64.1680  350  347.2746 18.0300 4.7851 36.5130 207.8400 0.3850 -9.9900   -9.9900
10030001 1991.197232 31.7550 64.1680  352  349.2574 18.0260 4.7847 36.5120 207.9600 0.3850 -9.9900   -9.9900
10030001 1991.197232 31.7550 64.1680  354  351.2401 18.0210 4.7841 36.5110 207.9400 0.3850 -9.9900   -9.9900
10030001 1991.197232 31.7550 64.1680  356  353.2228 18.0150 4.7835 36.5100 207.8700 0.3850 -9.9900   -9.9900
10030001 1991.197232 31.7550 64.1680  358  355.2055 17.9940 4.7812 36.5080 207.8200 0.3840 -9.9900   -9.9900
10030001 1991.197232 31.7550 64.1680  360  357.1882 17.9860 4.7804 36.5080 207.7900 0.3840 -9.9900   -9.9900
10030001 1991.197232 31.7550 64.1680  362  359.1708 17.9870 4.7806 36.5080 207.6800 0.3840 -9.9900   -9.9900
10030001 1991.197232 31.7550 64.1680  364  361.1534 17.9840 4.7803 36.5070 207.7300 0.3840 -9.9900   -9.9900
10030001 1991.197232 31.7550 64.1680  366  363.1360 17.9780 4.7797 36.5070 207.7900 0.3840 -9.9900   -9.9900
10030001 1991.197232 31.7550 64.1680  368  365.1186 17.9710 4.7790 36.5060 207.8800 0.3840 -9.9900   -9.9900
10030001 1991.197232 31.7550 64.1680  370  367.1012 17.9650 4.7783 36.5050 207.9800 0.3830 -9.9900   -9.9900
10030001 1991.197232 31.7550 64.1680  372  369.0837 17.9460 4.7762 36.5030 208.0800 0.3850 -9.9900   -9.9900
10030001 1991.197232 31.7550 64.1680  374  371.0663 17.9330 4.7747 36.5010 208.1700 0.3840 -9.9900   -9.9900
10030001 1991.197232 31.7550 64.1680  376  373.0488 17.9120 4.7725 36.5000 208.2900 0.3850 -9.9900   -9.9900
10030001 1991.197232 31.7550 64.1680  378  375.0313 17.8900 4.7698 36.4960 208.4000 0.3840 -9.9900   -9.9900
10030001 1991.197232 31.7550 64.1680  380  377.0138 17.8850 4.7693 36.4950 208.3900 0.3840 -9.9900   -9.9900
10030001 1991.197232 31.7550 64.1680  382  378.9962 17.8740 4.7679 36.4920 208.3500 0.3840 -9.9900   -9.9900
10030001 1991.197232 31.7550 64.1680  384  380.9786 17.8610 4.7664 36.4900 208.2000 0.3840 -9.9900   -9.9900
10030001 1991.197232 31.7550 64.1680  386  382.9611 17.8480 4.7649 36.4880 207.9800 0.3830 -9.9900   -9.9900
10030001 1991.197232 31.7550 64.1680  388  384.9435 17.8440 4.7643 36.4860 207.8100 0.3840 -9.9900   -9.9900
10030001 1991.197232 31.7550 64.1680  390  386.9258 17.8250 4.7622 36.4840 207.7900 0.3850 -9.9900   -9.9900
10030001 1991.197232 31.7550 64.1680  392  388.9082 17.8000 4.7594 36.4810 207.5800 0.3830 -9.9900   -9.9900
10030001 1991.197232 31.7550 64.1680  394  390.8905 17.7810 4.7570 36.4770 207.3200 0.3850 -9.9900   -9.9900
10030001 1991.197232 31.7550 64.1680  396  392.8729 17.7760 4.7565 36.4760 207.1500 0.3830 -9.9900   -9.9900
10030001 1991.197232 31.7550 64.1680  398  394.8552 17.7450 4.7529 36.4720 206.8700 0.3830 -9.9900   -9.9900
10030001 1991.197232 31.7550 64.1680  400  396.8374 17.7360 4.7516 36.4680 206.6000 0.3840 -9.9900   -9.9900
10030001 1991.197232 31.7550 64.1680  402  398.8197 17.7320 4.7511 36.4670 206.3800 0.3850 -9.9900   -9.9900
10030001 1991.197232 31.7550 64.1680  404  400.8020 17.7260 4.7504 36.4650 206.2800 0.3840 -9.9900   -9.9900
10030001 1991.197232 31.7550 64.1680  406  402.7842 17.6780 4.7449 36.4600 206.0500 0.3840 -9.9900   -9.9900
10030001 1991.197232 31.7550 64.1680  408  404.7664 17.6430 4.7404 36.4520 205.3900 0.3840 -9.9900   -9.9900
10030001 1991.197232 31.7550 64.1680  410  406.7486 17.6210 4.7375 36.4460 204.7500 0.3850 -9.9900   -9.9900
10030001 1991.197232 31.7550 64.1680  412  408.7307 17.5900 4.7340 36.4420 204.3400 0.3850 -9.9900   -9.9900
10030001 1991.197232 31.7550 64.1680  414  410.7129 17.5970 4.7345 36.4400 203.7000 0.3830 -9.9900   -9.9900
10030001 1991.197232 31.7550 64.1680  416  412.6950 17.5770 4.7323 36.4380 203.3200 0.3850 -9.9900   -9.9900
10030001 1991.197232 31.7550 64.1680  418  414.6771 17.5530 4.7297 36.4360 202.8200 0.3830 -9.9900   -9.9900
10030001 1991.197232 31.7550 64.1680  420  416.6592 17.5010 4.7235 36.4280 202.4700 0.3840 -9.9900   -9.9900
10030001 1991.197232 31.7550 64.1680  422  418.6413 17.4760 4.7203 36.4220 202.2300 0.3840 -9.9900   -9.9900
10030001 1991.197232 31.7550 64.1680  424  420.6234 17.4570 4.7177 36.4160 201.6100 0.3840 -9.9900   -9.9900
10030001 1991.197232 31.7550 64.1680  426  422.6054 17.4170 4.7128 36.4080 200.7500 0.3850 -9.9900   -9.9900
10030001 1991.197232 31.7550 64.1680  428  424.5874 17.4060 4.7116 36.4070 200.2600 0.3840 -9.9900   -9.9900
10030001 1991.197232 31.7550 64.1680  430  426.5694 17.3930 4.7101 36.4050 199.4800 0.3850 -9.9900   -9.9900
10030001 1991.197232 31.7550 64.1680  432  428.5514 17.3840 4.7089 36.4020 198.7100 0.3840 -9.9900   -9.9900
10030001 1991.197232 31.7550 64.1680  434  430.5333 17.3720 4.7076 36.4010 198.1800 0.3840 -9.9900   -9.9900
10030001 1991.197232 31.7550 64.1680  436  432.5153 17.3450 4.7044 36.3960 197.7400 0.3850 -9.9900   -9.9900
10030001 1991.197232 31.7550 64.1680  438  434.4972 17.3350 4.7030 36.3920 197.2600 0.3840 -9.9900   -9.9900
10030001 1991.197232 31.7550 64.1680  440  436.4791 17.3220 4.7015 36.3900 196.6900 0.3840 -9.9900   -9.9900
10030001 1991.197232 31.7550 64.1680  442  438.4610 17.3030 4.6990 36.3850 196.4300 0.3850 -9.9900   -9.9900
10030001 1991.197232 31.7550 64.1680  444  440.4429 17.2500 4.6928 36.3780 196.1600 0.3830 -9.9900   -9.9900
10030001 1991.197232 31.7550 64.1680  446  442.4247 17.1990 4.6871 36.3730 195.9700 0.3850 -9.9900   -9.9900
10030001 1991.197232 31.7550 64.1680  448  444.4065 17.1860 4.6854 36.3690 195.6900 0.3850 -9.9900   -9.9900
10030001 1991.197232 31.7550 64.1680  450  446.3883 17.1850 4.6851 36.3670 195.3500 0.3840 -9.9900   -9.9900
10030001 1991.197232 31.7550 64.1680  452  448.3701 17.1770 4.6841 36.3640 194.9500 0.3840 -9.9900   -9.9900
10030001 1991.197232 31.7550 64.1680  454  450.3519 17.1330 4.6790 36.3590 194.6500 0.3840 -9.9900   -9.9900
10030001 1991.197232 31.7550 64.1680  456  452.3336 17.1010 4.6752 36.3530 194.2700 0.3840 -9.9900   -9.9900
10030001 1991.197232 31.7550 64.1680  458  454.3154 17.0840 4.6733 36.3510 194.0800 0.3840 -9.9900   -9.9900
10030001 1991.197232 31.7550 64.1680  460  456.2971 17.0710 4.6716 36.3470 193.8500 0.3840 -9.9900   -9.9900
10030001 1991.197232 31.7550 64.1680  462  458.2788 17.0360 4.6675 36.3420 193.4200 0.3850 -9.9900   -9.9900
10030001 1991.197232 31.7550 64.1680  464  460.2605 17.0200 4.6654 36.3380 192.9900 0.3850 -9.9900   -9.9900
10030001 1991.197232 31.7550 64.1680  466  462.2421 16.9930 4.6624 36.3350 192.8000 0.3840 -9.9900   -9.9900
10030001 1991.197232 31.7550 64.1680  468  464.2238 16.9530 4.6577 36.3290 192.4100 0.3840 -9.9900   -9.9900
10030001 1991.197232 31.7550 64.1680  470  466.2054 16.9220 4.6538 36.3220 191.9400 0.3850 -9.9900   -9.9900
10030001 1991.197232 31.7550 64.1680  472  468.1870 16.9130 4.6527 36.3200 191.7300 0.3850 -9.9900   -9.9900
10030001 1991.197232 31.7550 64.1680  474  470.1685 16.8930 4.6505 36.3180 191.4800 0.3840 -9.9900   -9.9900
10030001 1991.197232 31.7550 64.1680  476  472.1501 16.8530 4.6456 36.3100 191.2300 0.3840 -9.9900   -9.9900
10030001 1991.197232 31.7550 64.1680  478  474.1316 16.8420 4.6443 36.3080 191.0600 0.3840 -9.9900   -9.9900
10030001 1991.197232 31.7550 64.1680  480  476.1132 16.8280 4.6426 36.3050 190.7900 0.3840 -9.9900   -9.9900
10030001 1991.197232 31.7550 64.1680  482  478.0947 16.7980 4.6391 36.3000 190.6900 0.3850 -9.9900   -9.9900
10030001 1991.197232 31.7550 64.1680  484  480.0762 16.7750 4.6361 36.2940 190.5100 0.3840 -9.9900   -9.9900
10030001 1991.197232 31.7550 64.1680  486  482.0576 16.7500 4.6333 36.2910 190.3600 0.3850 -9.9900   -9.9900
10030001 1991.197232 31.7550 64.1680  488  484.0391 16.7220 4.6303 36.2890 190.1300 0.3840 -9.9900   -9.9900
10030001 1991.197232 31.7550 64.1680  490  486.0205 16.6990 4.6276 36.2850 189.8600 0.3840 -9.9900   -9.9900
10030001 1991.197232 31.7550 64.1680  492  488.0019 16.6510 4.6216 36.2750 189.7200 0.3840 -9.9900   -9.9900
10030001 1991.197232 31.7550 64.1680  494  489.9833 16.6330 4.6196 36.2730 189.7400 0.3840 -9.9900   -9.9900
10030001 1991.197232 31.7550 64.1680  496  491.9647 16.6150 4.6176 36.2710 189.5800 0.3850 -9.9900   -9.9900
10030001 1991.197232 31.7550 64.1680  498  493.9460 16.6000 4.6156 36.2660 189.5300 0.3840 -9.9900   -9.9900
10030001 1991.197232 31.7550 64.1680  500  495.9273 16.5510 4.6100 36.2600 189.4900 0.3850 -9.9900   -9.9900
10030001 1991.197232 31.7550 64.1680  502  497.9087 16.5030 4.6042 36.2510 189.3300 0.3840 -9.9900   -9.9900
10030001 1991.197232 31.7550 64.1680  504  499.8900 16.4930 4.6029 36.2480 189.1300 0.3850 -9.9900   -9.9900
10030001 1991.197232 31.7550 64.1680  506  501.8712 16.4750 4.6009 36.2460 188.9400 0.3850 -9.9900   -9.9900
10030001 1991.197232 31.7550 64.1680  508  503.8525 16.4150 4.5937 36.2360 188.5900 0.3840 -9.9900   -9.9900
10030001 1991.197232 31.7550 64.1680  510  505.8337 16.3810 4.5897 36.2300 188.3400 0.3850 -9.9900   -9.9900
10030001 1991.197232 31.7550 64.1680  512  507.8149 16.3540 4.5865 36.2260 188.0200 0.3840 -9.9900   -9.9900
10030001 1991.197232 31.7550 64.1680  514  509.7961 16.3230 4.5828 36.2200 187.5500 0.3840 -9.9900   -9.9900
10030001 1991.197232 31.7550 64.1680  516  511.7773 16.2740 4.5770 36.2120 187.1000 0.3840 -9.9900   -9.9900
10030001 1991.197232 31.7550 64.1680  518  513.7585 16.2310 4.5722 36.2080 186.8400 0.3840 -9.9900   -9.9900
10030001 1991.197232 31.7550 64.1680  520  515.7396 16.1970 4.5680 36.2010 186.6300 0.3840 -9.9900   -9.9900
10030001 1991.197232 31.7550 64.1680  522  517.7208 16.1730 4.5650 36.1950 186.5100 0.3840 -9.9900   -9.9900
10030001 1991.197232 31.7550 64.1680  524  519.7019 16.1170 4.5585 36.1870 186.4500 0.3830 -9.9900   -9.9900
10030001 1991.197232 31.7550 64.1680  526  521.6829 16.1030 4.5570 36.1860 186.4500 0.3840 -9.9900   -9.9900
10030001 1991.197232 31.7550 64.1680  528  523.6640 16.0900 4.5554 36.1820 186.4800 0.3850 -9.9900   -9.9900
10030001 1991.197232 31.7550 64.1680  530  525.6451 16.0780 4.5541 36.1810 186.4700 0.3850 -9.9900   -9.9900
10030001 1991.197232 31.7550 64.1680  532  527.6261 16.0380 4.5493 36.1740 186.4100 0.3850 -9.9900   -9.9900
10030001 1991.197232 31.7550 64.1680  534  529.6071 15.9970 4.5441 36.1640 186.2200 0.3840 -9.9900   -9.9900
10030001 1991.197232 31.7550 64.1680  536  531.5881 15.9460 4.5382 36.1570 185.8500 0.3840 -9.9900   -9.9900
10030001 1991.197232 31.7550 64.1680  538  533.5691 15.9040 4.5333 36.1500 185.2100 0.3840 -9.9900   -9.9900
10030001 1991.197232 31.7550 64.1680  540  535.5500 15.8500 4.5267 36.1390 184.4200 0.3850 -9.9900   -9.9900
10030001 1991.197232 31.7550 64.1680  542  537.5309 15.8270 4.5241 36.1360 183.8500 0.3850 -9.9900   -9.9900
10030001 1991.197232 31.7550 64.1680  544  539.5119 15.7980 4.5207 36.1310 182.8100 0.3850 -9.9900   -9.9900
10030001 1991.197232 31.7550 64.1680  546  541.4928 15.7960 4.5203 36.1290 182.0100 0.3840 -9.9900   -9.9900
10030001 1991.197232 31.7550 64.1680  548  543.4736 15.7780 4.5185 36.1280 181.6900 0.3840 -9.9900   -9.9900
10030001 1991.197232 31.7550 64.1680  550  545.4545 15.7070 4.5101 36.1170 181.3000 0.3850 -9.9900   -9.9900
10030001 1991.197232 31.7550 64.1680  552  547.4353 15.6470 4.5029 36.1060 180.7800 0.3840 -9.9900   -9.9900
10030001 1991.197232 31.7550 64.1680  554  549.4161 15.6220 4.4999 36.1010 180.3800 0.3850 -9.9900   -9.9900
10030001 1991.197232 31.7550 64.1680  556  551.3969 15.6110 4.4984 36.0970 179.8200 0.3840 -9.9900   -9.9900
10030001 1991.197232 31.7550 64.1680  558  553.3777 15.5660 4.4934 36.0920 179.4400 0.3850 -9.9900   -9.9900
10030001 1991.197232 31.7550 64.1680  560  555.3585 15.5470 4.4908 36.0850 179.0500 0.3850 -9.9900   -9.9900
10030001 1991.197232 31.7550 64.1680  562  557.3392 15.4930 4.4846 36.0780 178.6400 0.3850 -9.9900   -9.9900
10030001 1991.197232 31.7550 64.1680  564  559.3200 15.4580 4.4805 36.0720 178.0500 0.3850 -9.9900   -9.9900
10030001 1991.197232 31.7550 64.1680  566  561.3007 15.4300 4.4774 36.0690 177.5900 0.3850 -9.9900   -9.9900
10030001 1991.197232 31.7550 64.1680  568  563.2814 15.4190 4.4761 36.0660 177.2100 0.3850 -9.9900   -9.9900
10030001 1991.197232 31.7550 64.1680  570  565.2620 15.3750 4.4704 36.0540 176.7300 0.3850 -9.9900   -9.9900
10030001 1991.197232 31.7550 64.1680  572  567.2427 15.3160 4.4637 36.0470 176.5300 0.3850 -9.9900   -9.9900
10030001 1991.197232 31.7550 64.1680  574  569.2233 15.3000 4.4619 36.0440 176.2900 0.3840 -9.9900   -9.9900
10030001 1991.197232 31.7550 64.1680  576  571.2039 15.2600 4.4569 36.0350 175.9400 0.3850 -9.9900   -9.9900
10030001 1991.197232 31.7550 64.1680  578  573.1845 15.2120 4.4513 36.0270 175.4900 0.3840 -9.9900   -9.9900
10030001 1991.197232 31.7550 64.1680  580  575.1651 15.1720 4.4467 36.0210 175.1700 0.3850 -9.9900   -9.9900
10030001 1991.197232 31.7550 64.1680  582  577.1456 15.1650 4.4455 36.0160 174.6600 0.3850 -9.9900   -9.9900
10030001 1991.197232 31.7550 64.1680  584  579.1262 15.1260 4.4409 36.0090 174.3600 0.3850 -9.9900   -9.9900
10030001 1991.197232 31.7550 64.1680  586  581.1067 15.0630 4.4339 36.0020 173.9900 0.3850 -9.9900   -9.9900
10030001 1991.197232 31.7550 64.1680  588  583.0872 15.0330 4.4301 35.9940 173.4100 0.3840 -9.9900   -9.9900
10030001 1991.197232 31.7550 64.1680  590  585.0677 14.9960 4.4262 35.9920 173.0700 0.3830 -9.9900   -9.9900
10030001 1991.197232 31.7550 64.1680  592  587.0481 14.9810 4.4241 35.9860 172.7600 0.3840 -9.9900   -9.9900
10030001 1991.197232 31.7550 64.1680  594  589.0286 14.9480 4.4205 35.9820 172.3900 0.3840 -9.9900   -9.9900
10030001 1991.197232 31.7550 64.1680  596  591.0090 14.8800 4.4125 35.9710 171.9400 0.3840 -9.9900   -9.9900
10030001 1991.197232 31.7550 64.1680  598  592.9894 14.8510 4.4088 35.9630 171.6800 0.3850 -9.9900   -9.9900
10030001 1991.197232 31.7550 64.1680  600  594.9698 14.8070 4.4037 35.9560 171.1900 0.3850 -9.9900   -9.9900
10030001 1991.197232 31.7550 64.1680  602  596.9501 14.7050 4.3921 35.9430 171.0600 0.3840 -9.9900   -9.9900
10030001 1991.197232 31.7550 64.1680  604  598.9305 14.6860 4.3897 35.9370 171.1100 0.3840 -9.9900   -9.9900
10030001 1991.197232 31.7550 64.1680  606  600.9108 14.6720 4.3881 35.9350 171.1600 0.3850 -9.9900   -9.9900
10030001 1991.197232 31.7550 64.1680  608  602.8911 14.6720 4.3878 35.9310 171.1200 0.3850 -9.9900   -9.9900
10030001 1991.197232 31.7550 64.1680  610  604.8714 14.6260 4.3826 35.9250 171.0600 0.3850 -9.9900   -9.9900
10030001 1991.197232 31.7550 64.1680  612  606.8517 14.5710 4.3766 35.9200 170.9900 0.3850 -9.9900   -9.9900
10030001 1991.197232 31.7550 64.1680  614  608.8319 14.5310 4.3724 35.9170 170.8200 0.3850 -9.9900   -9.9900
10030001 1991.197232 31.7550 64.1680  616  610.8122 14.5040 4.3690 35.9100 170.5900 0.3840 -9.9900   -9.9900
10030001 1991.197232 31.7550 64.1680  618  612.7924 14.4360 4.3616 35.9040 170.4800 0.3840 -9.9900   -9.9900
10030001 1991.197232 31.7550 64.1680  620  614.7726 14.3950 4.3570 35.8980 170.4300 0.3840 -9.9900   -9.9900
10030001 1991.197232 31.7550 64.1680  622  616.7527 14.3440 4.3510 35.8890 170.4700 0.3850 -9.9900   -9.9900
10030001 1991.197232 31.7550 64.1680  624  618.7329 14.3230 4.3484 35.8840 170.5900 0.3840 -9.9900   -9.9900
10030001 1991.197232 31.7550 64.1680  626  620.7130 14.2400 4.3390 35.8730 170.6300 0.3840 -9.9900   -9.9900
10030001 1991.197232 31.7550 64.1680  628  622.6932 14.2200 4.3368 35.8700 170.6500 0.3830 -9.9900   -9.9900
10030001 1991.197232 31.7550 64.1680  630  624.6733 14.1960 4.3342 35.8670 170.7200 0.3830 -9.9900   -9.9900
10030001 1991.197232 31.7550 64.1680  632  626.6533 14.1700 4.3309 35.8600 170.8000 0.3830 -9.9900   -9.9900
10030001 1991.197232 31.7550 64.1680  634  628.6334 14.1180 4.3253 35.8550 170.8900 0.3840 -9.9900   -9.9900
10030001 1991.197232 31.7550 64.1680  636  630.6134 14.0760 4.3210 35.8530 171.0500 0.3840 -9.9900   -9.9900
10030001 1991.197232 31.7550 64.1680  638  632.5935 14.0430 4.3170 35.8460 171.2700 0.3840 -9.9900   -9.9900
10030001 1991.197232 31.7550 64.1680  640  634.5735 14.0170 4.3137 35.8380 171.4300 0.3840 -9.9900   -9.9900
10030001 1991.197232 31.7550 64.1680  642  636.5535 14.0020 4.3120 35.8360 171.4200 0.3850 -9.9900   -9.9900
10030001 1991.197232 31.7550 64.1680  644  638.5334 13.9880 4.3104 35.8330 171.2900 0.3830 -9.9900   -9.9900
10030001 1991.197232 31.7550 64.1680  646  640.5134 13.9420 4.3055 35.8290 171.1700 0.3830 -9.9900   -9.9900
10030001 1991.197232 31.7550 64.1680  648  642.4933 13.9230 4.3031 35.8240 171.2400 0.3840 -9.9900   -9.9900
10030001 1991.197232 31.7550 64.1680  650  644.4732 13.8960 4.3003 35.8220 171.3000 0.3850 -9.9900   -9.9900
10030001 1991.197232 31.7550 64.1680  652  646.4531 13.8650 4.2969 35.8180 171.4500 0.3840 -9.9900   -9.9900
10030001 1991.197232 31.7550 64.1680  654  648.4330 13.8100 4.2912 35.8150 171.9900 0.3830 -9.9900   -9.9900
10030001 1991.197232 31.7550 64.1680  656  650.4128 13.7680 4.2862 35.8060 172.6800 0.3830 -9.9900   -9.9900
10030001 1991.197232 31.7550 64.1680  658  652.3927 13.7290 4.2812 35.7950 173.2700 0.3830 -9.9900   -9.9900
10030001 1991.197232 31.7550 64.1680  660  654.3725 13.6610 4.2734 35.7840 174.2600 0.3830 -9.9900   -9.9900
10030001 1991.197232 31.7550 64.1680  662  656.3523 13.6370 4.2709 35.7820 174.6600 0.3830 -9.9900   -9.9900
10030001 1991.197232 31.7550 64.1680  664  658.3321 13.6040 4.2673 35.7780 174.6500 0.3840 -9.9900   -9.9900
10030001 1991.197232 31.7550 64.1680  666  660.3118 13.5240 4.2586 35.7700 174.2600 0.3830 -9.9900   -9.9900
10030001 1991.197232 31.7550 64.1680  668  662.2916 13.4320 4.2475 35.7510 173.4500 0.3840 -9.9900   -9.9900
10030001 1991.197232 31.7550 64.1680  670  664.2713 13.3910 4.2428 35.7440 172.8800 0.3840 -9.9900   -9.9900
10030001 1991.197232 31.7550 64.1680  672  666.2510 13.3460 4.2374 35.7340 171.9000 0.3840 -9.9900   -9.9900
10030001 1991.197232 31.7550 64.1680  674  668.2307 13.2900 4.2310 35.7250 170.5900 0.3840 -9.9900   -9.9900
10030001 1991.197232 31.7550 64.1680  676  670.2103 13.2600 4.2277 35.7210 169.1600 0.3840 -9.9900   -9.9900
10030001 1991.197232 31.7550 64.1680  678  672.1900 13.2010 4.2210 35.7120 167.0200 0.3840 -9.9900   -9.9900
10030001 1991.197232 31.7550 64.1680  680  674.1696 13.1760 4.2182 35.7080 165.5700 0.3850 -9.9900   -9.9900
10030001 1991.197232 31.7550 64.1680  682  676.1492 13.1480 4.2149 35.7020 164.3400 0.3850 -9.9900   -9.9900
10030001 1991.197232 31.7550 64.1680  684  678.1288 13.1430 4.2142 35.6990 163.5700 0.3840 -9.9900   -9.9900
10030001 1991.197232 31.7550 64.1680  686  680.1084 13.1430 4.2141 35.6970 162.7500 0.3830 -9.9900   -9.9900
10030001 1991.197232 31.7550 64.1680  688  682.0879 13.1120 4.2110 35.6960 161.9700 0.3850 -9.9900   -9.9900
10030001 1991.197232 31.7550 64.1680  690  684.0675 13.0320 4.2023 35.6880 161.2600 0.3850 -9.9900   -9.9900
10030001 1991.197232 31.7550 64.1680  692  686.0470 12.9850 4.1966 35.6770 160.8700 0.3840 -9.9900   -9.9900
10030001 1991.197232 31.7550 64.1680  694  688.0265 12.8760 4.1847 35.6650 160.3800 0.3840 -9.9900   -9.9900
10030001 1991.197232 31.7550 64.1680  696  690.0059 12.7830 4.1745 35.6540 160.0100 0.3850 -9.9900   -9.9900
10030001 1991.197232 31.7550 64.1680  698  691.9854 12.7250 4.1683 35.6480 159.3700 0.3850 -9.9900   -9.9900
10030001 1991.197232 31.7550 64.1680  700  693.9648 12.6340 4.1572 35.6260 158.5500 0.3850 -9.9900   -9.9900
10030001 1991.197232 31.7550 64.1680  702  695.9443 12.5980 4.1534 35.6230 158.0000 0.3850 -9.9900   -9.9900
10030001 1991.197232 31.7550 64.1680  704  697.9237 12.5850 4.1521 35.6220 157.4800 0.3850 -9.9900   -9.9900
10030001 1991.197232 31.7550 64.1680  706  699.9030 12.5600 4.1496 35.6200 156.8800 0.3830 -9.9900   -9.9900
10030001 1991.197232 31.7550 64.1680  708  701.8824 12.5190 4.1455 35.6190 156.9000 0.3850 -9.9900   -9.9900
10030001 1991.197232 31.7550 64.1680  710  703.8618 12.5040 4.1440 35.6180 157.3000 0.3840 -9.9900   -9.9900
10030001 1991.197232 31.7550 64.1680  712  705.8411 12.4520 4.1384 35.6120 158.2200 0.3830 -9.9900   -9.9900
10030001 1991.197232 31.7550 64.1680  714  707.8204 12.3300 4.1259 35.6060 159.4300 0.3830 -9.9900   -9.9900
10030001 1991.197232 31.7550 64.1680  716  709.7997 12.2760 4.1195 35.5940 161.0200 0.3830 -9.9900   -9.9900
10030001 1991.197232 31.7550 64.1680  718  711.7789 12.2000 4.1113 35.5860 162.0000 0.3830 -9.9900   -9.9900
10030001 1991.197232 31.7550 64.1680  720  713.7582 12.1670 4.1073 35.5770 163.2400 0.3830 -9.9900   -9.9900
10030001 1991.197232 31.7550 64.1680  722  715.7374 12.0830 4.0984 35.5700 163.9700 0.3830 -9.9900   -9.9900
10030001 1991.197232 31.7550 64.1680  724  717.7166 11.9490 4.0840 35.5560 164.4800 0.3830 -9.9900   -9.9900
10030001 1991.197232 31.7550 64.1680  726  719.6958 11.8490 4.0730 35.5420 164.3900 0.3830 -9.9900   -9.9900
10030001 1991.197232 31.7550 64.1680  728  721.6750 11.7660 4.0643 35.5350 164.1600 0.3830 -9.9900   -9.9900
10030001 1991.197232 31.7550 64.1680  730  723.6542 11.6670 4.0530 35.5180 163.6600 0.3830 -9.9900   -9.9900
10030001 1991.197232 31.7550 64.1680  732  725.6333 11.6200 4.0478 35.5110 163.4100 0.3830 -9.9900   -9.9900
10030001 1991.197232 31.7550 64.1680  734  727.6124 11.6040 4.0459 35.5070 163.1200 0.3830 -9.9900   -9.9900
10030001 1991.197232 31.7550 64.1680  736  729.5915 11.5860 4.0437 35.5010 162.8100 0.3830 -9.9900   -9.9900
10030001 1991.197232 31.7550 64.1680  738  731.5706 11.5780 4.0426 35.4970 162.5600 0.3830 -9.9900   -9.9900
10030001 1991.197232 31.7550 64.1680  740  733.5497 11.5630 4.0410 35.4950 162.3500 0.3830 -9.9900   -9.9900
10030001 1991.197232 31.7550 64.1680  742  735.5287 11.5570 4.0404 35.4940 162.2800 0.3830 -9.9900   -9.9900
10030001 1991.197232 31.7550 64.1680  744  737.5077 11.5120 4.0360 35.4930 162.2300 0.3830 -9.9900   -9.9900
10030001 1991.197232 31.7550 64.1680  746  739.4867 11.4480 4.0284 35.4780 162.0900 0.3830 -9.9900   -9.9900
10030001 1991.197232 31.7550 64.1680  748  741.4657 11.3870 4.0217 35.4690 162.0400 0.3830 -9.9900   -9.9900
10030001 1991.197232 31.7550 64.1680  750  743.4447 11.3410 4.0167 35.4630 161.7600 0.3830 -9.9900   -9.9900
10030001 1991.197232 31.7550 64.1680  752  745.4236 11.3230 4.0145 35.4580 161.3200 0.3830 -9.9900   -9.9900
10030001 1991.197232 31.7550 64.1680  754  747.4026 11.3200 4.0142 35.4570 160.7300 0.3830 -9.9900   -9.9900
10030001 1991.197232 31.7550 64.1680  756  749.3815 11.2990 4.0117 35.4510 159.6300 0.3830 -9.9900   -9.9900
10030001 1991.197232 31.7550 64.1680  758  751.3604 11.2220 4.0039 35.4470 159.0200 0.3840 -9.9900   -9.9900
10030001 1991.197232 31.7550 64.1680  760  753.3392 11.0860 3.9898 35.4360 158.5200 0.3840 -9.9900   -9.9900
10030001 1991.197232 31.7550 64.1680  762  755.3181 10.9870 3.9791 35.4240 157.9100 0.3830 -9.9900   -9.9900
10030001 1991.197232 31.7550 64.1680  764  757.2969 10.9460 3.9738 35.4100 157.1000 0.3830 -9.9900   -9.9900
10030001 1991.197232 31.7550 64.1680  766  759.2757 10.9180 3.9706 35.4040 156.5000 0.3830 -9.9900   -9.9900
10030001 1991.197232 31.7550 64.1680  768  761.2545 10.8710 3.9658 35.4000 155.9800 0.3840 -9.9900   -9.9900
10030001 1991.197232 31.7550 64.1680  770  763.2333 10.7970 3.9581 35.3930 155.4500 0.3840 -9.9900   -9.9900
10030001 1991.197232 31.7550 64.1680  772  765.2121 10.7520 3.9534 35.3890 155.0700 0.3830 -9.9900   -9.9900
10030001 1991.197232 31.7550 64.1680  774  767.1908 10.7230 3.9501 35.3830 154.7100 0.3830 -9.9900   -9.9900
10030001 1991.197232 31.7550 64.1680  776  769.1695 10.7160 3.9491 35.3790 154.6200 0.3830 -9.9900   -9.9900
10030001 1991.197232 31.7550 64.1680  778  771.1482 10.6890 3.9465 35.3780 154.7500 0.3830 -9.9900   -9.9900
10030001 1991.197232 31.7550 64.1680  780  773.1269 10.6800 3.9457 35.3770 154.9200 0.3830 -9.9900   -9.9900
10030001 1991.197232 31.7550 64.1680  782  775.1056 10.6700 3.9447 35.3760 155.2500 0.3830 -9.9900   -9.9900
10030001 1991.197232 31.7550 64.1680  784  777.0842 10.5950 3.9373 35.3730 155.4500 0.3830 -9.9900   -9.9900
10030001 1991.197232 31.7550 64.1680  786  779.0629 10.5710 3.9348 35.3700 155.8000 0.3830 -9.9900   -9.9900
10030001 1991.197232 31.7550 64.1680  788  781.0415 10.4740 3.9251 35.3650 156.1800 0.3830 -9.9900   -9.9900
10030001 1991.197232 31.7550 64.1680  790  783.0201 10.4120 3.9189 35.3620 156.5000 0.3830 -9.9900   -9.9900
10030001 1991.197232 31.7550 64.1680  792  784.9986 10.4030 3.9181 35.3620 156.9400 0.3830 -9.9900   -9.9900
10030001 1991.197232 31.7550 64.1680  794  786.9772 10.3700 3.9142 35.3530 157.6300 0.3830 -9.9900   -9.9900
10030001 1991.197232 31.7550 64.1680  796  788.9557 10.3040 3.9075 35.3480 158.0000 0.3830 -9.9900   -9.9900
10030001 1991.197232 31.7550 64.1680  798  790.9342 10.2270 3.8996 35.3420 158.4700 0.3830 -9.9900   -9.9900
10030001 1991.197232 31.7550 64.1680  800  792.9127 10.1790 3.8940 35.3310 158.7700 0.3830 -9.9900   -9.9900
10030001 1991.197232 31.7550 64.1680  802  794.8912 10.1430 3.8904 35.3280 158.8400 0.3830 -9.9900   -9.9900
10030001 1991.197232 31.7550 64.1680  804  796.8697 10.1220 3.8876 35.3200 158.9600 0.3830 -9.9900   -9.9900
10030001 1991.197232 31.7550 64.1680  806  798.8481 10.0710 3.8824 35.3150 159.0700 0.3830 -9.9900   -9.9900
10030001 1991.197232 31.7550 64.1680  808  800.8265 10.0600 3.8812 35.3130 159.0700 0.3830 -9.9900   -9.9900
10030001 1991.197232 31.7550 64.1680  810  802.8049 10.0120 3.8766 35.3120 159.0600 0.3830 -9.9900   -9.9900
10030001 1991.197232 31.7550 64.1680  812  804.7833  9.9540 3.8706 35.3060 158.8900 0.3840 -9.9900   -9.9900
10030001 1991.197232 31.7550 64.1680  814  806.7617  9.8840 3.8630 35.2960 158.8000 0.3830 -9.9900   -9.9900
10030001 1991.197232 31.7550 64.1680  816  808.7400  9.8490 3.8597 35.2950 158.7800 0.3840 -9.9900   -9.9900
10030001 1991.197232 31.7550 64.1680  818  810.7183  9.8230 3.8572 35.2940 158.6600 0.3830 -9.9900   -9.9900
10030001 1991.197232 31.7550 64.1680  820  812.6966  9.8090 3.8554 35.2880 158.5400 0.3830 -9.9900   -9.9900
10030001 1991.197232 31.7550 64.1680  822  814.6749  9.7490 3.8495 35.2850 158.2900 0.3840 -9.9900   -9.9900
10030001 1991.197232 31.7550 64.1680  824  816.6532  9.6910 3.8440 35.2850 158.1200 0.3830 -9.9900   -9.9900
10030001 1991.197232 31.7550 64.1680  826  818.6315  9.6660 3.8415 35.2820 157.9600 0.3830 -9.9900   -9.9900
10030001 1991.197232 31.7550 64.1680  828  820.6097  9.6380 3.8383 35.2760 157.8400 0.3830 -9.9900   -9.9900
10030001 1991.197232 31.7550 64.1680  830  822.5879  9.6060 3.8352 35.2740 157.9800 0.3830 -9.9900   -9.9900
10030001 1991.197232 31.7550 64.1680  832  824.5661  9.5430 3.8290 35.2710 158.2200 0.3830 -9.9900   -9.9900
10030001 1991.197232 31.7550 64.1680  834  826.5443  9.4950 3.8239 35.2650 158.3900 0.3830 -9.9900   -9.9900
10030001 1991.197232 31.7550 64.1680  836  828.5224  9.4840 3.8229 35.2640 158.5400 0.3830 -9.9900   -9.9900
10030001 1991.197232 31.7550 64.1680  838  830.5006  9.4810 3.8222 35.2590 158.8000 0.3830 -9.9900   -9.9900
10030001 1991.197232 31.7550 64.1680  840  832.4787  9.4640 3.8207 35.2590 158.9300 0.3830 -9.9900   -9.9900
10030001 1991.197232 31.7550 64.1680  842  834.4568  9.4500 3.8190 35.2550 159.0600 0.3830 -9.9900   -9.9900
10030001 1991.197232 31.7550 64.1680  844  836.4349  9.4470 3.8188 35.2540 159.1700 0.3830 -9.9900   -9.9900
10030001 1991.197232 31.7550 64.1680  846  838.4129  9.4470 3.8188 35.2540 159.2900 0.3830 -9.9900   -9.9900
10030001 1991.197232 31.7550 64.1680  848  840.3910  9.3960 3.8139 35.2520 159.5000 0.3830 -9.9900   -9.9900
10030001 1991.197232 31.7550 64.1680  850  842.3690  9.3400 3.8079 35.2440 160.0300 0.3830 -9.9900   -9.9900
10030001 1991.197232 31.7550 64.1680  852  844.3470  9.2920 3.8029 35.2380 160.3000 0.3830 -9.9900   -9.9900
10030001 1991.197232 31.7550 64.1680  854  846.3250  9.2320 3.7967 35.2320 160.4400 0.3830 -9.9900   -9.9900
10030001 1991.197232 31.7550 64.1680  856  848.3030  9.1230 3.7863 35.2300 160.4500 0.3850 -9.9900   -9.9900
10030001 1991.197232 31.7550 64.1680  858  850.2809  9.0650 3.7792 35.2120 160.3700 0.3840 -9.9900   -9.9900
10030001 1991.197232 31.7550 64.1680  860  852.2589  8.9920 3.7717 35.2050 160.1500 0.3830 -9.9900   -9.9900
10030001 1991.197232 31.7550 64.1680  862  854.2368  8.9760 3.7702 35.2040 160.1200 0.3840 -9.9900   -9.9900
10030001 1991.197232 31.7550 64.1680  864  856.2147  8.9590 3.7685 35.2020 160.1500 0.3840 -9.9900   -9.9900
10030001 1991.197232 31.7550 64.1680  866  858.1925  8.9480 3.7675 35.2010 160.2500 0.3840 -9.9900   -9.9900
10030001 1991.197232 31.7550 64.1680  868  860.1704  8.9190 3.7645 35.1980 160.2100 0.3840 -9.9900   -9.9900
10030001 1991.197232 31.7550 64.1680  870  862.1482  8.8960 3.7622 35.1950 160.3700 0.3830 -9.9900   -9.9900
10030001 1991.197232 31.7550 64.1680  872  864.1261  8.8820 3.7606 35.1920 160.5600 0.3840 -9.9900   -9.9900
10030001 1991.197232 31.7550 64.1680  874  866.1039  8.8560 3.7581 35.1900 160.9100 0.3850 -9.9900   -9.9900
10030001 1991.197232 31.7550 64.1680  876  868.0816  8.8300 3.7557 35.1900 161.2200 0.3840 -9.9900   -9.9900
10030001 1991.197232 31.7550 64.1680  878  870.0594  8.7890 3.7519 35.1890 161.5700 0.3840 -9.9900   -9.9900
10030001 1991.197232 31.7550 64.1680  880  872.0371  8.7120 3.7445 35.1870 161.8400 0.3840 -9.9900   -9.9900
10030001 1991.197232 31.7550 64.1680  882  874.0149  8.6060 3.7341 35.1810 162.3300 0.3840 -9.9900   -9.9900
10030001 1991.197232 31.7550 64.1680  884  875.9926  8.5020 3.7232 35.1680 162.7800 0.3840 -9.9900   -9.9900
10030001 1991.197232 31.7550 64.1680  886  877.9703  8.4570 3.7187 35.1650 162.9400 0.3830 -9.9900   -9.9900
10030001 1991.197232 31.7550 64.1680  888  879.9479  8.4390 3.7171 35.1640 163.1100 0.3840 -9.9900   -9.9900
10030001 1991.197232 31.7550 64.1680  890  881.9256  8.4140 3.7148 35.1640 163.3700 0.3840 -9.9900   -9.9900
10030001 1991.197232 31.7550 64.1680  892  883.9032  8.4090 3.7143 35.1630 163.8000 0.3840 -9.9900   -9.9900
10030001 1991.197232 31.7550 64.1680  894  885.8808  8.3690 3.7103 35.1590 164.3700 0.3840 -9.9900   -9.9900
10030001 1991.197232 31.7550 64.1680  896  887.8584  8.3510 3.7085 35.1570 165.0700 0.3830 -9.9900   -9.9900
10030001 1991.197232 31.7550 64.1680  898  889.8360  8.2960 3.7033 35.1560 165.6700 0.3860 -9.9900   -9.9900
10030001 1991.197232 31.7550 64.1680  900  891.8136  8.2760 3.7008 35.1480 166.4000 0.3840 -9.9900   -9.9900
10030001 1991.197232 31.7550 64.1680  902  893.7911  8.2370 3.6969 35.1450 166.8500 0.3830 -9.9900   -9.9900
10030001 1991.197232 31.7550 64.1680  904  895.7686  8.2040 3.6940 35.1460 167.1100 0.3840 -9.9900   -9.9900
10030001 1991.197232 31.7550 64.1680  906  897.7461  8.1680 3.6907 35.1450 167.6000 0.3840 -9.9900   -9.9900
10030001 1991.197232 31.7550 64.1680  908  899.7236  8.1390 3.6877 35.1410 168.1300 0.3840 -9.9900   -9.9900
10030001 1991.197232 31.7550 64.1680  910  901.7011  8.1040 3.6842 35.1380 168.6200 0.3840 -9.9900   -9.9900
10030001 1991.197232 31.7550 64.1680  912  903.6785  8.0770 3.6817 35.1370 169.2500 0.3840 -9.9900   -9.9900
10030001 1991.197232 31.7550 64.1680  914  905.6559  8.0570 3.6797 35.1350 170.0900 0.3830 -9.9900   -9.9900
10030001 1991.197232 31.7550 64.1680  916  907.6333  8.0260 3.6769 35.1350 170.4600 0.3830 -9.9900   -9.9900
10030001 1991.197232 31.7550 64.1680  918  909.6107  7.9840 3.6730 35.1340 170.9900 0.3830 -9.9900   -9.9900
10030001 1991.197232 31.7550 64.1680  920  911.5881  7.9130 3.6661 35.1300 171.6500 0.3840 -9.9900   -9.9900
10030001 1991.197232 31.7550 64.1680  922  913.5654  7.8660 3.6618 35.1300 172.1600 0.3830 -9.9900   -9.9900
10030001 1991.197232 31.7550 64.1680  924  915.5428  7.8480 3.6600 35.1280 172.6300 0.3830 -9.9900   -9.9900
10030001 1991.197232 31.7550 64.1680  926  917.5201  7.7870 3.6545 35.1290 173.0900 0.3850 -9.9900   -9.9900
10030001 1991.197232 31.7550 64.1680  928  919.4974  7.6790 3.6442 35.1250 173.5200 0.3830 -9.9900   -9.9900
10030001 1991.197232 31.7550 64.1680  930  921.4746  7.6300 3.6392 35.1200 174.0300 0.3830 -9.9900   -9.9900
10030001 1991.197232 31.7550 64.1680  932  923.4519  7.6100 3.6375 35.1200 174.5300 0.3830 -9.9900   -9.9900
10030001 1991.197232 31.7550 64.1680  934  925.4291  7.6080 3.6369 35.1150 175.3200 0.3830 -9.9900   -9.9900
10030001 1991.197232 31.7550 64.1680  936  927.4064  7.5730 3.6334 35.1120 176.2000 0.3830 -9.9900   -9.9900
10030001 1991.197232 31.7550 64.1680  938  929.3836  7.5490 3.6313 35.1120 176.8100 0.3830 -9.9900   -9.9900
10030001 1991.197232 31.7550 64.1680  940  931.3607  7.5290 3.6295 35.1120 177.3700 0.3840 -9.9900   -9.9900
10030001 1991.197232 31.7550 64.1680  942  933.3379  7.5330 3.6299 35.1110 178.0000 0.3830 -9.9900   -9.9900
10030001 1991.197232 31.7550 64.1680  944  935.3151  7.5120 3.6280 35.1110 178.6300 0.3830 -9.9900   -9.9900
10030001 1991.197232 31.7550 64.1680  946  937.2922  7.4830 3.6254 35.1110 179.4100 0.3830 -9.9900   -9.9900
10030001 1991.197232 31.7550 64.1680  948  939.2693  7.4250 3.6201 35.1110 180.5100 0.3830 -9.9900   -9.9900
10030001 1991.197232 31.7550 64.1680  950  941.2464  7.3970 3.6176 35.1110 180.9300 0.3830 -9.9900   -9.9900
10030001 1991.197232 31.7550 64.1680  952  943.2234  7.3840 3.6162 35.1080 181.5000 0.3830 -9.9900   -9.9900
10030001 1991.197232 31.7550 64.1680  954  945.2005  7.3320 3.6115 35.1080 181.9300 0.3830 -9.9900   -9.9900
10030001 1991.197232 31.7550 64.1680  956  947.1775  7.3070 3.6092 35.1070 182.3900 0.3830 -9.9900   -9.9900
10030001 1991.197232 31.7550 64.1680  958  949.1545  7.2960 3.6080 35.1050 183.1400 0.3830 -9.9900   -9.9900
10030001 1991.197232 31.7550 64.1680  960  951.1315  7.2580 3.6045 35.1040 183.7500 0.3830 -9.9900   -9.9900
10030001 1991.197232 31.7550 64.1680  962  953.1085  7.2360 3.6024 35.1020 184.3200 0.3830 -9.9900   -9.9900
10030001 1991.197232 31.7550 64.1680  964  955.0855  7.2290 3.6016 35.1000 185.0700 0.3830 -9.9900   -9.9900
10030001 1991.197232 31.7550 64.1680  966  957.0624  7.2140 3.6003 35.1000 185.8600 0.3830 -9.9900   -9.9900
10030001 1991.197232 31.7550 64.1680  968  959.0393  7.1290 3.5927 35.1020 186.4400 0.3830 -9.9900   -9.9900
10030001 1991.197232 31.7550 64.1680  970  961.0162  7.0730 3.5876 35.1010 187.0000 0.3830 -9.9900   -9.9900
10030001 1991.197232 31.7550 64.1680  972  962.9931  7.0590 3.5861 35.0980 187.6400 0.3830 -9.9900   -9.9900
10030001 1991.197232 31.7550 64.1680  974  964.9700  7.0300 3.5833 35.0960 188.3400 0.3830 -9.9900   -9.9900
10030001 1991.197232 31.7550 64.1680  976  966.9468  6.9990 3.5805 35.0960 189.2000 0.3830 -9.9900   -9.9900
10030001 1991.197232 31.7550 64.1680  978  968.9236  6.9730 3.5782 35.0960 189.6800 0.3830 -9.9900   -9.9900
10030001 1991.197232 31.7550 64.1680  980  970.9004  6.9320 3.5744 35.0950 190.4800 0.3830 -9.9900   -9.9900
10030001 1991.197232 31.7550 64.1680  982  972.8772  6.9040 3.5718 35.0940 190.9200 0.3830 -9.9900   -9.9900
10030001 1991.197232 31.7550 64.1680  984  974.8540  6.8640 3.5682 35.0940 191.6800 0.3830 -9.9900   -9.9900
10030001 1991.197232 31.7550 64.1680  986  976.8307  6.8230 3.5642 35.0910 192.5300 0.3830 -9.9900   -9.9900
10030001 1991.197232 31.7550 64.1680  988  978.8075  6.7920 3.5614 35.0900 193.1500 0.3830 -9.9900   -9.9900
10030001 1991.197232 31.7550 64.1680  990  980.7842  6.7650 3.5589 35.0890 193.6900 0.3830 -9.9900   -9.9900
10030001 1991.197232 31.7550 64.1680  992  982.7609  6.7580 3.5582 35.0880 194.4400 0.3830 -9.9900   -9.9900
10030001 1991.197232 31.7550 64.1680  994  984.7376  6.7330 3.5557 35.0850 195.2300 0.3830 -9.9900   -9.9900
10030001 1991.197232 31.7550 64.1680  996  986.7142  6.7110 3.5537 35.0840 195.7200 0.3830 -9.9900   -9.9900
10030001 1991.197232 31.7550 64.1680  998  988.6909  6.6580 3.5489 35.0840 196.0000 0.3830 -9.9900   -9.9900
10030001 1991.197232 31.7550 64.1680 1000  990.6675  6.6520 3.5482 35.0810 196.4800 0.3830 -9.9900   -9.9900
10030001 1991.197232 31.7550 64.1680 1002  992.6441  6.6340 3.5466 35.0810 196.9200 0.3830 -9.9900   -9.9900
10030001 1991.197232 31.7550 64.1680 1004  994.6207  6.6120 3.5445 35.0790 197.4300 0.3830 -9.9900   -9.9900
10030001 1991.197232 31.7550 64.1680 1006  996.5972  6.5950 3.5429 35.0780 198.0200 0.3830 -9.9900   -9.9900
10030001 1991.197232 31.7550 64.1680 1008  998.5738  6.5880 3.5423 35.0770 198.3000 0.3830 -9.9900   -9.9900
10030001 1991.197232 31.7550 64.1680 1010 1000.5503  6.5510 3.5391 35.0790 198.5800 0.3830 -9.9900   -9.9900
10030001 1991.197232 31.7550 64.1680 1012 1002.5268  6.5050 3.5351 35.0800 198.9600 0.3820 -9.9900   -9.9900
10030001 1991.197232 31.7550 64.1680 1014 1004.5033  6.4700 3.5320 35.0800 199.3500 0.3830 -9.9900   -9.9900
10030001 1991.197232 31.7550 64.1680 1016 1006.4798  6.4620 3.5313 35.0800 199.8800 0.3830 -9.9900   -9.9900
10030001 1991.197232 31.7550 64.1680 1018 1008.4562  6.4290 3.5284 35.0800 200.2700 0.3830 -9.9900   -9.9900
10030001 1991.197232 31.7550 64.1680 1020 1010.4326  6.4060 3.5263 35.0800 200.7500 0.3830 -9.9900   -9.9900
10030001 1991.197232 31.7550 64.1680 1022 1012.4091  6.4020 3.5259 35.0780 201.1600 0.3830 -9.9900   -9.9900
10030001 1991.197232 31.7550 64.1680 1024 1014.3855  6.4010 3.5257 35.0760 201.8200 0.3820 -9.9900   -9.9900
10030001 1991.197232 31.7550 64.1680 1026 1016.3618  6.3970 3.5254 35.0760 202.3800 0.3830 -9.9900   -9.9900
10030001 1991.197232 31.7550 64.1680 1028 1018.3382  6.3560 3.5221 35.0800 202.8500 0.3830 -9.9900   -9.9900
10030001 1991.197232 31.7550 64.1680 1030 1020.3145  6.3330 3.5201 35.0800 203.4000 0.3830 -9.9900   -9.9900
10030001 1991.197232 31.7550 64.1680 1032 1022.2909  6.3290 3.5197 35.0790 203.9900 0.3830 -9.9900   -9.9900
10030001 1991.197232 31.7550 64.1680 1034 1024.2672  6.2950 3.5167 35.0800 204.2700 0.3820 -9.9900   -9.9900
10030001 1991.197232 31.7550 64.1680 1036 1026.2434  6.2730 3.5149 35.0810 204.8900 0.3830 -9.9900   -9.9900
10030001 1991.197232 31.7550 64.1680 1038 1028.2197  6.2470 3.5124 35.0790 205.5100 0.3830 -9.9900   -9.9900
10030001 1991.197232 31.7550 64.1680 1040 1030.1959  6.2430 3.5120 35.0770 205.9200 0.3820 -9.9900   -9.9900
10030001 1991.197232 31.7550 64.1680 1042 1032.1722  6.2340 3.5113 35.0780 206.3900 0.3820 -9.9900   -9.9900
10030001 1991.197232 31.7550 64.1680 1044 1034.1484  6.2050 3.5088 35.0790 207.2100 0.3830 -9.9900   -9.9900
10030001 1991.197232 31.7550 64.1680 1046 1036.1246  6.1730 3.5059 35.0780 207.8600 0.3830 -9.9900   -9.9900
10030001 1991.197232 31.7550 64.1680 1048 1038.1007  6.1470 3.5035 35.0770 208.3300 0.3830 -9.9900   -9.9900
10030001 1991.197232 31.7550 64.1680 1050 1040.0769  6.1430 3.5031 35.0760 208.9900 0.3820 -9.9900   -9.9900
10030001 1991.197232 31.7550 64.1680 1052 1042.0530  6.1050 3.4997 35.0760 209.3600 0.3830 -9.9900   -9.9900
10030001 1991.197232 31.7550 64.1680 1054 1044.0291  6.0910 3.4985 35.0760 209.9100 0.3820 -9.9900   -9.9900
10030001 1991.197232 31.7550 64.1680 1056 1046.0052  6.0700 3.4966 35.0750 210.4700 0.3830 -9.9900   -9.9900
10030001 1991.197232 31.7550 64.1680 1058 1047.9813  6.0550 3.4953 35.0750 211.0500 0.3820 -9.9900   -9.9900
10030001 1991.197232 31.7550 64.1680 1060 1049.9574  6.0520 3.4950 35.0730 211.7000 0.3810 -9.9900   -9.9900
10030001 1991.197232 31.7550 64.1680 1062 1051.9334  6.0460 3.4945 35.0730 212.2400 0.3820 -9.9900   -9.9900
10030001 1991.197232 31.7550 64.1680 1064 1053.9094  6.0230 3.4925 35.0730 212.8700 0.3820 -9.9900   -9.9900
10030001 1991.197232 31.7550 64.1680 1066 1055.8854  5.9950 3.4901 35.0740 213.3100 0.3820 -9.9900   -9.9900
10030001 1991.197232 31.7550 64.1680 1068 1057.8614  5.9710 3.4880 35.0740 213.5600 0.3820 -9.9900   -9.9900
10030001 1991.197232 31.7550 64.1680 1070 1059.8374  5.9630 3.4872 35.0730 213.8800 0.3820 -9.9900   -9.9900
10030001 1991.197232 31.7550 64.1680 1072 1061.8133  5.9320 3.4845 35.0730 214.2600 0.3820 -9.9900   -9.9900
10030001 1991.197232 31.7550 64.1680 1074 1063.7893  5.9210 3.4836 35.0730 214.6800 0.3830 -9.9900   -9.9900
10030001 1991.197232 31.7550 64.1680 1076 1065.7652  5.8940 3.4812 35.0730 215.1000 0.3820 -9.9900   -9.9900
10030001 1991.197232 31.7550 64.1680 1078 1067.7411  5.8780 3.4797 35.0720 215.4700 0.3810 -9.9900   -9.9900
10030001 1991.197232 31.7550 64.1680 1080 1069.7169  5.8530 3.4774 35.0700 216.0000 0.3820 -9.9900   -9.9900
10030001 1991.197232 31.7550 64.1680 1082 1071.6928  5.8230 3.4745 35.0680 216.6700 0.3820 -9.9900   -9.9900
10030001 1991.197232 31.7550 64.1680 1084 1073.6686  5.8100 3.4734 35.0680 217.3900 0.3810 -9.9900   -9.9900
10030001 1991.197232 31.7550 64.1680 1086 1075.6444  5.7990 3.4722 35.0650 218.2400 0.3810 -9.9900   -9.9900
10030001 1991.197232 31.7550 64.1680 1088 1077.6202  5.7820 3.4708 35.0650 218.7300 0.3820 -9.9900   -9.9900
10030001 1991.197232 31.7550 64.1680 1090 1079.5960  5.7560 3.4685 35.0650 219.1600 0.3810 -9.9900   -9.9900
10030001 1991.197232 31.7550 64.1680 1092 1081.5718  5.7480 3.4678 35.0650 219.4600 0.3820 -9.9900   -9.9900
10030001 1991.197232 31.7550 64.1680 1094 1083.5475  5.7450 3.4676 35.0640 219.7100 0.3820 -9.9900   -9.9900
10030001 1991.197232 31.7550 64.1680 1096 1085.5233  5.7390 3.4671 35.0640 220.0500 0.3810 -9.9900   -9.9900
10030001 1991.197232 31.7550 64.1680 1098 1087.4990  5.7130 3.4648 35.0640 220.4800 0.3810 -9.9900   -9.9900
10030001 1991.197232 31.7550 64.1680 1100 1089.4746  5.6950 3.4633 35.0640 220.7900 0.3810 -9.9900   -9.9900
10030001 1991.197232 31.7550 64.1680 1102 1091.4503  5.6950 3.4633 35.0630 221.1700 0.3810 -9.9900   -9.9900
10030001 1991.197232 31.7550 64.1680 1104 1093.4260  5.6870 3.4626 35.0630 221.7100 0.3820 -9.9900   -9.9900
10030001 1991.197232 31.7550 64.1680 1106 1095.4016  5.6770 3.4618 35.0630 222.2300 0.3810 -9.9900   -9.9900
10030001 1991.197232 31.7550 64.1680 1108 1097.3772  5.6660 3.4609 35.0630 223.0800 0.3810 -9.9900   -9.9900
10030001 1991.197232 31.7550 64.1680 1110 1099.3528  5.6560 3.4600 35.0630 223.6500 0.3810 -9.9900   -9.9900
10030001 1991.197232 31.7550 64.1680 1112 1101.3284  5.6390 3.4586 35.0630 224.0200 0.3810 -9.9900   -9.9900
10030001 1991.197232 31.7550 64.1680 1114 1103.3039  5.6310 3.4578 35.0620 224.3800 0.3810 -9.9900   -9.9900
10030001 1991.197232 31.7550 64.1680 1116 1105.2795  5.6270 3.4576 35.0620 224.6500 0.3810 -9.9900   -9.9900
10030001 1991.197232 31.7550 64.1680 1118 1107.2550  5.5910 3.4545 35.0630 224.9300 0.3810 -9.9900   -9.9900
10030001 1991.197232 31.7550 64.1680 1120 1109.2305  5.5570 3.4514 35.0620 225.2600 0.3810 -9.9900   -9.9900
10030001 1991.197232 31.7550 64.1680 1122 1111.2060  5.5470 3.4504 35.0600 225.7100 0.3810 -9.9900   -9.9900
10030001 1991.197232 31.7550 64.1680 1124 1113.1814  5.5370 3.4494 35.0590 226.0600 0.3810 -9.9900   -9.9900
10030001 1991.197232 31.7550 64.1680 1126 1115.1569  5.5300 3.4488 35.0580 226.2800 0.3810 -9.9900   -9.9900
10030001 1991.197232 31.7550 64.1680 1128 1117.1323  5.5130 3.4474 35.0590 226.7100 0.3810 -9.9900   -9.9900
10030001 1991.197232 31.7550 64.1680 1130 1119.1077  5.5050 3.4466 35.0570 227.0800 0.3810 -9.9900   -9.9900
10030001 1991.197232 31.7550 64.1680 1132 1121.0831  5.4920 3.4454 35.0560 227.4400 0.3810 -9.9900   -9.9900
10030001 1991.197232 31.7550 64.1680 1134 1123.0584  5.4770 3.4441 35.0560 227.7400 0.3810 -9.9900   -9.9900
10030001 1991.197232 31.7550 64.1680 1136 1125.0338  5.4730 3.4438 35.0550 228.0300 0.3810 -9.9900   -9.9900
10030001 1991.197232 31.7550 64.1680 1138 1127.0091  5.4700 3.4436 35.0550 228.3600 0.3810 -9.9900   -9.9900
10030001 1991.197232 31.7550 64.1680 1140 1128.9844  5.4520 3.4420 35.0550 228.6600 0.3800 -9.9900   -9.9900
10030001 1991.197232 31.7550 64.1680 1142 1130.9597  5.4480 3.4418 35.0550 229.0500 0.3810 -9.9900   -9.9900
10030001 1991.197232 31.7550 64.1680 1144 1132.9350  5.4340 3.4406 35.0550 229.3600 0.3800 -9.9900   -9.9900
10030001 1991.197232 31.7550 64.1680 1146 1134.9103  5.4170 3.4390 35.0540 229.7400 0.3810 -9.9900   -9.9900
10030001 1991.197232 31.7550 64.1680 1148 1136.8855  5.4080 3.4382 35.0530 230.0100 0.3810 -9.9900   -9.9900
10030001 1991.197232 31.7550 64.1680 1150 1138.8607  5.4030 3.4378 35.0530 230.2700 0.3810 -9.9900   -9.9900
10030001 1991.197232 31.7550 64.1680 1152 1140.8359  5.3860 3.4365 35.0540 230.5100 0.3810 -9.9900   -9.9900
10030001 1991.197232 31.7550 64.1680 1154 1142.8111  5.3730 3.4354 35.0540 230.8200 0.3810 -9.9900   -9.9900
10030001 1991.197232 31.7550 64.1680 1156 1144.7863  5.3620 3.4344 35.0530 231.3000 0.3810 -9.9900   -9.9900
10030001 1991.197232 31.7550 64.1680 1158 1146.7614  5.3530 3.4335 35.0510 231.6500 0.3810 -9.9900   -9.9900
10030001 1991.197232 31.7550 64.1680 1160 1148.7366  5.3470 3.4329 35.0500 231.8800 0.3810 -9.9900   -9.9900
10030001 1991.197232 31.7550 64.1680 1162 1150.7117  5.3480 3.4331 35.0500 232.1500 0.3810 -9.9900   -9.9900
10030001 1991.197232 31.7550 64.1680 1164 1152.6868  5.3420 3.4325 35.0490 232.3800 0.3810 -9.9900   -9.9900
10030001 1991.197232 31.7550 64.1680 1166 1154.6618  5.3300 3.4315 35.0490 232.6800 0.3810 -9.9900   -9.9900
10030001 1991.197232 31.7550 64.1680 1168 1156.6369  5.3080 3.4296 35.0490 233.1200 0.3810 -9.9900   -9.9900
10030001 1991.197232 31.7550 64.1680 1170 1158.6119  5.2960 3.4285 35.0480 233.3800 0.3810 -9.9900   -9.9900
10030001 1991.197232 31.7550 64.1680 1172 1160.5869  5.2870 3.4278 35.0480 233.6600 0.3810 -9.9900   -9.9900
10030001 1991.197232 31.7550 64.1680 1174 1162.5619  5.2790 3.4271 35.0480 234.0700 0.3800 -9.9900   -9.9900
10030001 1991.197232 31.7550 64.1680 1176 1164.5369  5.2720 3.4265 35.0470 234.3100 0.3810 -9.9900   -9.9900
10030001 1991.197232 31.7550 64.1680 1178 1166.5119  5.2700 3.4264 35.0470 234.6000 0.3810 -9.9900   -9.9900
10030001 1991.197232 31.7550 64.1680 1180 1168.4868  5.2690 3.4265 35.0480 234.9100 0.3810 -9.9900   -9.9900
10030001 1991.197232 31.7550 64.1680 1182 1170.4617  5.2690 3.4267 35.0490 235.1400 0.3800 -9.9900   -9.9900
10030001 1991.197232 31.7550 64.1680 1184 1172.4366  5.2710 3.4270 35.0500 235.3800 0.3810 -9.9900   -9.9900
10030001 1991.197232 31.7550 64.1680 1186 1174.4115  5.2700 3.4271 35.0510 235.6200 0.3810 -9.9900   -9.9900
10030001 1991.197232 31.7550 64.1680 1188 1176.3864  5.2660 3.4269 35.0520 236.0300 0.3800 -9.9900   -9.9900
10030001 1991.197232 31.7550 64.1680 1190 1178.3612  5.2640 3.4267 35.0510 236.3400 0.3800 -9.9900   -9.9900
10030001 1991.197232 31.7550 64.1680 1192 1180.3361  5.2600 3.4265 35.0510 236.5300 0.3810 -9.9900   -9.9900
10030001 1991.197232 31.7550 64.1680 1194 1182.3109  5.2580 3.4264 35.0510 236.8700 0.3790 -9.9900   -9.9900
10030001 1991.197232 31.7550 64.1680 1196 1184.2857  5.2510 3.4258 35.0510 237.1100 0.3800 -9.9900   -9.9900
10030001 1991.197232 31.7550 64.1680 1198 1186.2604  5.2430 3.4253 35.0530 237.3500 0.3790 -9.9900   -9.9900
10030001 1991.197232 31.7550 64.1680 1200 1188.2352  5.2030 3.4217 35.0520 237.5000 0.3800 -9.9900   -9.9900
10030001 1991.197232 31.7550 64.1680 1202 1190.2099  5.1720 3.4187 35.0490 237.6000 0.3800 -9.9900   -9.9900
10030001 1991.197232 31.7550 64.1680 1204 1192.1846  5.1670 3.4183 35.0490 237.6400 0.3820 -9.9900   -9.9900
10030001 1991.197232 31.7550 64.1680 1206 1194.1593  5.1710 3.4186 35.0470 237.7200 0.3800 -9.9900   -9.9900
10030001 1991.197232 31.7550 64.1680 1208 1196.1340  5.1640 3.4181 35.0470 237.7700 0.3800 -9.9900   -9.9900
10030001 1991.197232 31.7550 64.1680 1210 1198.1087  5.1580 3.4175 35.0460 237.9800 0.3810 -9.9900   -9.9900
10030001 1991.197232 31.7550 64.1680 1212 1200.0833  5.1330 3.4153 35.0460 238.2200 0.3810 -9.9900   -9.9900
10030001 1991.197232 31.7550 64.1680 1214 1202.0580  5.1140 3.4136 35.0450 238.4900 0.3790 -9.9900   -9.9900
10030001 1991.197232 31.7550 64.1680 1216 1204.0326  5.0970 3.4119 35.0420 238.8200 0.3800 -9.9900   -9.9900
10030001 1991.197232 31.7550 64.1680 1218 1206.0071  5.0780 3.4102 35.0410 239.0400 0.3800 -9.9900   -9.9900
10030001 1991.197232 31.7550 64.1680 1220 1207.9817  5.0470 3.4074 35.0400 239.2800 0.3800 -9.9900   -9.9900
10030001 1991.197232 31.7550 64.1680 1222 1209.9563  5.0390 3.4066 35.0390 239.5800 0.3790 -9.9900   -9.9900
10030001 1991.197232 31.7550 64.1680 1224 1211.9308  5.0390 3.4066 35.0380 239.8000 0.3800 -9.9900   -9.9900
10030001 1991.197232 31.7550 64.1680 1226 1213.9053  5.0270 3.4056 35.0380 240.0500 0.3800 -9.9900   -9.9900
10030001 1991.197232 31.7550 64.1680 1228 1215.8798  5.0190 3.4048 35.0360 240.3700 0.3790 -9.9900   -9.9900
10030001 1991.197232 31.7550 64.1680 1230 1217.8543  5.0010 3.4033 35.0360 240.5600 0.3790 -9.9900   -9.9900
10030001 1991.197232 31.7550 64.1680 1232 1219.8287  5.0000 3.4032 35.0350 240.8800 0.3790 -9.9900   -9.9900
10030001 1991.197232 31.7550 64.1680 1234 1221.8032  4.9860 3.4018 35.0330 241.3900 0.3790 -9.9900   -9.9900
10030001 1991.197232 31.7550 64.1680 1236 1223.7776  4.9660 3.3999 35.0310 241.7200 0.3790 -9.9900   -9.9900
10030001 1991.197232 31.7550 64.1680 1238 1225.7520  4.9460 3.3982 35.0310 242.0200 0.3800 -9.9900   -9.9900
10030001 1991.197232 31.7550 64.1680 1240 1227.7264  4.9460 3.3982 35.0300 242.4400 0.3800 -9.9900   -9.9900
10030001 1991.197232 31.7550 64.1680 1242 1229.7007  4.9380 3.3974 35.0280 242.8600 0.3800 -9.9900   -9.9900
10030001 1991.197232 31.7550 64.1680 1244 1231.6751  4.9300 3.3967 35.0270 243.2400 0.3800 -9.9900   -9.9900
10030001 1991.197232 31.7550 64.1680 1246 1233.6494  4.9240 3.3962 35.0270 243.5500 0.3790 -9.9900   -9.9900
10030001 1991.197232 31.7550 64.1680 1248 1235.6237  4.9220 3.3961 35.0270 243.8900 0.3790 -9.9900   -9.9900
10030001 1991.197232 31.7550 64.1680 1250 1237.5980  4.9030 3.3944 35.0260 244.2000 0.3800 -9.9900   -9.9900
10030001 1991.197232 31.7550 64.1680 1252 1239.5723  4.8940 3.3937 35.0260 244.3900 0.3790 -9.9900   -9.9900
10030001 1991.197232 31.7550 64.1680 1254 1241.5465  4.8940 3.3937 35.0260 244.5700 0.3790 -9.9900   -9.9900
10030001 1991.197232 31.7550 64.1680 1256 1243.5208  4.8920 3.3936 35.0250 244.8000 0.3800 -9.9900   -9.9900
10030001 1991.197232 31.7550 64.1680 1258 1245.4950  4.8910 3.3935 35.0250 245.0700 0.3800 -9.9900   -9.9900
10030001 1991.197232 31.7550 64.1680 1260 1247.4692  4.8890 3.3935 35.0250 245.2400 0.3790 -9.9900   -9.9900
10030001 1991.197232 31.7550 64.1680 1262 1249.4434  4.8880 3.3934 35.0250 245.4400 0.3790 -9.9900   -9.9900
10030001 1991.197232 31.7550 64.1680 1264 1251.4175  4.8800 3.3929 35.0260 245.4300 0.3790 -9.9900   -9.9900
10030001 1991.197232 31.7550 64.1680 1266 1253.3917  4.8580 3.3909 35.0250 245.4300 0.3790 -9.9900   -9.9900
10030001 1991.197232 31.7550 64.1680 1268 1255.3658  4.8490 3.3901 35.0240 245.4300 0.3790 -9.9900   -9.9900
10030001 1991.197232 31.7550 64.1680 1270 1257.3399  4.8430 3.3897 35.0250 245.4200 0.3790 -9.9900   -9.9900
10030001 1991.197232 31.7550 64.1680 1272 1259.3140  4.8370 3.3893 35.0250 245.6600 0.3790 -9.9900   -9.9900
10030001 1991.197232 31.7550 64.1680 1274 1261.2881  4.8360 3.3893 35.0250 245.9100 0.3790 -9.9900   -9.9900
10030001 1991.197232 31.7550 64.1680 1276 1263.2621  4.8350 3.3892 35.0240 246.1200 0.3790 -9.9900   -9.9900
10030001 1991.197232 31.7550 64.1680 1278 1265.2361  4.8330 3.3892 35.0250 246.4800 0.3790 -9.9900   -9.9900
10030001 1991.197232 31.7550 64.1680 1280 1267.2102  4.8240 3.3885 35.0260 246.8500 0.3790 -9.9900   -9.9900
10030001 1991.197232 31.7550 64.1680 1282 1269.1841  4.8140 3.3876 35.0250 247.0600 0.3790 -9.9900   -9.9900
10030001 1991.197232 31.7550 64.1680 1284 1271.1581  4.8100 3.3872 35.0240 247.2700 0.3790 -9.9900   -9.9900
10030001 1991.197232 31.7550 64.1680 1286 1273.1321  4.8080 3.3871 35.0240 247.4600 0.3790 -9.9900   -9.9900
10030001 1991.197232 31.7550 64.1680 1288 1275.1060  4.8050 3.3870 35.0240 247.4800 0.3790 -9.9900   -9.9900
10030001 1991.197232 31.7550 64.1680 1290 1277.0799  4.8040 3.3869 35.0230 247.6700 0.3790 -9.9900   -9.9900
10030001 1991.197232 31.7550 64.1680 1292 1279.0538  4.7940 3.3860 35.0230 247.8500 0.3790 -9.9900   -9.9900
10030001 1991.197232 31.7550 64.1680 1294 1281.0277  4.7840 3.3853 35.0240 248.0000 0.3790 -9.9900   -9.9900
10030001 1991.197232 31.7550 64.1680 1296 1283.0016  4.7830 3.3854 35.0250 248.2000 0.3790 -9.9900   -9.9900
10030001 1991.197232 31.7550 64.1680 1298 1284.9754  4.7840 3.3856 35.0250 248.4800 0.3790 -9.9900   -9.9900
10030001 1991.197232 31.7550 64.1680 1300 1286.9493  4.7860 3.3859 35.0260 248.6400 0.3790 -9.9900   -9.9900
10030001 1991.197232 31.7550 64.1680 1302 1288.9231  4.7880 3.3863 35.0270 248.8600 0.3780 -9.9900   -9.9900
10030001 1991.197232 31.7550 64.1680 1304 1290.8969  4.7900 3.3866 35.0280 249.1300 0.3780 -9.9900   -9.9900
10030001 1991.197232 31.7550 64.1680 1306 1292.8706  4.7840 3.3862 35.0280 249.2700 0.3790 -9.9900   -9.9900
10030001 1991.197232 31.7550 64.1680 1308 1294.8444  4.7810 3.3861 35.0290 249.4800 0.3790 -9.9900   -9.9900
10030001 1991.197232 31.7550 64.1680 1310 1296.8181  4.7750 3.3857 35.0300 249.6800 0.3790 -9.9900   -9.9900
10030001 1991.197232 31.7550 64.1680 1312 1298.7918  4.7680 3.3851 35.0290 249.9300 0.3780 -9.9900   -9.9900
10030001 1991.197232 31.7550 64.1680 1314 1300.7655  4.7630 3.3847 35.0290 250.1300 0.3790 -9.9900   -9.9900
10030001 1991.197232 31.7550 64.1680 1316 1302.7392  4.7450 3.3832 35.0290 250.3300 0.3790 -9.9900   -9.9900
10030001 1991.197232 31.7550 64.1680 1318 1304.7129  4.7370 3.3823 35.0270 250.5300 0.3790 -9.9900   -9.9900
10030001 1991.197232 31.7550 64.1680 1320 1306.6865  4.7330 3.3822 35.0280 250.7000 0.3790 -9.9900   -9.9900
10030001 1991.197232 31.7550 64.1680 1322 1308.6601  4.7270 3.3817 35.0280 250.9100 0.3780 -9.9900   -9.9900
10030001 1991.197232 31.7550 64.1680 1324 1310.6337  4.7230 3.3814 35.0280 251.0700 0.3780 -9.9900   -9.9900
10030001 1991.197232 31.7550 64.1680 1326 1312.6073  4.7150 3.3807 35.0270 251.2400 0.3790 -9.9900   -9.9900
10030001 1991.197232 31.7550 64.1680 1328 1314.5809  4.6980 3.3792 35.0260 251.3700 0.3790 -9.9900   -9.9900
10030001 1991.197232 31.7550 64.1680 1330 1316.5544  4.6930 3.3788 35.0260 251.5800 0.3790 -9.9900   -9.9900
10030001 1991.197232 31.7550 64.1680 1332 1318.5280  4.6890 3.3785 35.0260 251.7500 0.3780 -9.9900   -9.9900
10030001 1991.197232 31.7550 64.1680 1334 1320.5015  4.6720 3.3771 35.0260 251.9500 0.3780 -9.9900   -9.9900
10030001 1991.197232 31.7550 64.1680 1336 1322.4750  4.6650 3.3763 35.0240 252.1900 0.3780 -9.9900   -9.9900
10030001 1991.197232 31.7550 64.1680 1338 1324.4484  4.6640 3.3763 35.0230 252.4400 0.3780 -9.9900   -9.9900
10030001 1991.197232 31.7550 64.1680 1340 1326.4219  4.6610 3.3761 35.0230 252.5400 0.3780 -9.9900   -9.9900
10030001 1991.197232 31.7550 64.1680 1342 1328.3953  4.6570 3.3758 35.0230 252.6700 0.3780 -9.9900   -9.9900
10030001 1991.197232 31.7550 64.1680 1344 1330.3688  4.6530 3.3755 35.0230 252.8200 0.3780 -9.9900   -9.9900
10030001 1991.197232 31.7550 64.1680 1346 1332.3422  4.6480 3.3752 35.0230 253.0000 0.3780 -9.9900   -9.9900
10030001 1991.197232 31.7550 64.1680 1348 1334.3155  4.6370 3.3742 35.0230 253.1500 0.3780 -9.9900   -9.9900
10030001 1991.197232 31.7550 64.1680 1350 1336.2889  4.6330 3.3739 35.0220 253.3400 0.3780 -9.9900   -9.9900
10030001 1991.197232 31.7550 64.1680 1352 1338.2623  4.6230 3.3730 35.0210 253.5100 0.3780 -9.9900   -9.9900
10030001 1991.197232 31.7550 64.1680 1354 1340.2356  4.6200 3.3728 35.0210 253.6800 0.3770 -9.9900   -9.9900
10030001 1991.197232 31.7550 64.1680 1356 1342.2089  4.6170 3.3725 35.0200 253.8800 0.3780 -9.9900   -9.9900
10030001 1991.197232 31.7550 64.1680 1358 1344.1822  4.6160 3.3725 35.0200 254.0700 0.3780 -9.9900   -9.9900
10030001 1991.197232 31.7550 64.1680 1360 1346.1555  4.6110 3.3721 35.0200 254.2100 0.3770 -9.9900   -9.9900
10030001 1991.197232 31.7550 64.1680 1362 1348.1287  4.6090 3.3720 35.0200 254.3800 0.3770 -9.9900   -9.9900
10030001 1991.197232 31.7550 64.1680 1364 1350.1019  4.6050 3.3717 35.0190 254.6000 0.3780 -9.9900   -9.9900
10030001 1991.197232 31.7550 64.1680 1366 1352.0752  4.6020 3.3715 35.0190 254.6500 0.3780 -9.9900   -9.9900
10030001 1991.197232 31.7550 64.1680 1368 1354.0484  4.5990 3.3712 35.0180 254.6000 0.3780 -9.9900   -9.9900
10030001 1991.197232 31.7550 64.1680 1370 1356.0215  4.5930 3.3708 35.0180 254.5400 0.3770 -9.9900   -9.9900
10030001 1991.197232 31.7550 64.1680 1372 1357.9947  4.5800 3.3697 35.0180 254.5100 0.3780 -9.9900   -9.9900
10030001 1991.197232 31.7550 64.1680 1374 1359.9678  4.5750 3.3692 35.0170 254.4700 0.3780 -9.9900   -9.9900
10030001 1991.197232 31.7550 64.1680 1376 1361.9410  4.5620 3.3681 35.0160 254.5500 0.3780 -9.9900   -9.9900
10030001 1991.197232 31.7550 64.1680 1378 1363.9141  4.5440 3.3664 35.0150 254.7300 0.3780 -9.9900   -9.9900
10030001 1991.197232 31.7550 64.1680 1380 1365.8871  4.5380 3.3659 35.0140 254.9800 0.3780 -9.9900   -9.9900
10030001 1991.197232 31.7550 64.1680 1382 1367.8602  4.5380 3.3658 35.0120 255.1300 0.3780 -9.9900   -9.9900
10030001 1991.197232 31.7550 64.1680 1384 1369.8333  4.5290 3.3651 35.0120 255.2500 0.3770 -9.9900   -9.9900
10030001 1991.197232 31.7550 64.1680 1386 1371.8063  4.5220 3.3644 35.0110 255.3900 0.3780 -9.9900   -9.9900
10030001 1991.197232 31.7550 64.1680 1388 1373.7793  4.4990 3.3625 35.0110 255.5100 0.3790 -9.9900   -9.9900
10030001 1991.197232 31.7550 64.1680 1390 1375.7523  4.4860 3.3613 35.0100 255.6600 0.3770 -9.9900   -9.9900
10030001 1991.197232 31.7550 64.1680 1392 1377.7253  4.4480 3.3578 35.0080 255.6300 0.3780 -9.9900   -9.9900
10030001 1991.197232 31.7550 64.1680 1394 1379.6982  4.4060 3.3539 35.0060 255.6300 0.3790 -9.9900   -9.9900
10030001 1991.197232 31.7550 64.1680 1396 1381.6712  4.3850 3.3519 35.0040 255.8200 0.3790 -9.9900   -9.9900
10030001 1991.197232 31.7550 64.1680 1398 1383.6441  4.3760 3.3508 34.9990 255.9900 0.3790 -9.9900   -9.9900
10030001 1991.197232 31.7550 64.1680 1400 1385.6170  4.3700 3.3502 34.9980 256.1600 0.3790 -9.9900   -9.9900
10030001 1991.197232 31.7550 64.1680 1402 1387.5899  4.3640 3.3496 34.9960 256.5500 0.3790 -9.9900   -9.9900
10030001 1991.197232 31.7550 64.1680 1404 1389.5627  4.3630 3.3495 34.9950 256.8600 0.3780 -9.9900   -9.9900
10030001 1991.197232 31.7550 64.1680 1406 1391.5356  4.3610 3.3494 34.9950 256.9200 0.3780 -9.9900   -9.9900
10030001 1991.197232 31.7550 64.1680 1408 1393.5084  4.3600 3.3494 34.9950 257.0300 0.3790 -9.9900   -9.9900
10030001 1991.197232 31.7550 64.1680 1410 1395.4812  4.3590 3.3494 34.9950 257.2600 0.3780 -9.9900   -9.9900
10030001 1991.197232 31.7550 64.1680 1412 1397.4540  4.3570 3.3493 34.9950 257.4500 0.3790 -9.9900   -9.9900
10030001 1991.197232 31.7550 64.1680 1414 1399.4268  4.3560 3.3492 34.9940 257.6000 0.3790 -9.9900   -9.9900
10030001 1991.197232 31.7550 64.1680 1416 1401.3995  4.3560 3.3493 34.9940 257.6400 0.3790 -9.9900   -9.9900
10030001 1991.197232 31.7550 64.1680 1418 1403.3723  4.3560 3.3495 34.9950 257.9000 0.3790 -9.9900   -9.9900
10030002 1991.198649 31.8070 64.2410    6    5.9582 20.3230 5.0372 36.7350  -9.9900 0.5160 0.0650  251.4500
10030002 1991.198649 31.8070 64.2410    8    7.9442 20.3240 5.0374 36.7350  -9.9900 0.4860 0.0680  202.4800
10030002 1991.198649 31.8070 64.2410   10    9.9303 20.3250 5.0377 36.7360  -9.9900 0.4320 0.0630  160.1400
10030002 1991.198649 31.8070 64.2410   12   11.9163 20.3260 5.0379 36.7360  -9.9900 0.4370 0.0650  143.5000
10030002 1991.198649 31.8070 64.2410   14   13.9022 20.3270 5.0381 36.7360  -9.9900 0.4380 0.0660  128.5000
10030002 1991.198649 31.8070 64.2410   16   15.8882 20.3270 5.0382 36.7360  -9.9900 0.4370 0.0700  127.4600
10030002 1991.198649 31.8070 64.2410   18   17.8741 20.3270 5.0383 36.7360  -9.9900 0.4370 0.0700  118.0000
10030002 1991.198649 31.8070 64.2410   20   19.8600 20.3270 5.0384 36.7360  -9.9900 0.4370 0.0730  108.2600
10030002 1991.198649 31.8070 64.2410   22   21.8459 20.3280 5.0386 36.7360  -9.9900 0.4370 0.0720  101.5200
10030002 1991.198649 31.8070 64.2410   24   23.8318 20.3280 5.0386 36.7360  -9.9900 0.4380 0.0750   97.1300
10030002 1991.198649 31.8070 64.2410   26   25.8177 20.3290 5.0388 36.7360  -9.9900 0.4380 0.0790   90.0500
10030002 1991.198649 31.8070 64.2410   28   27.8035 20.3300 5.0390 36.7360  -9.9900 0.4370 0.0810   82.9300
10030002 1991.198649 31.8070 64.2410   30   29.7893 20.3300 5.0391 36.7360  -9.9900 0.4370 0.0800   77.5900
10030002 1991.198649 31.8070 64.2410   32   31.7751 20.3300 5.0392 36.7360  -9.9900 0.4380 0.0780   72.0200
10030002 1991.198649 31.8070 64.2410   34   33.7609 20.3320 5.0395 36.7360  -9.9900 0.4370 0.0790   67.3200
10030002 1991.198649 31.8070 64.2410   36   35.7467 20.3320 5.0396 36.7360  -9.9900 0.4370 0.0800   62.9000
10030002 1991.198649 31.8070 64.2410   38   37.7324 20.3320 5.0396 36.7350  -9.9900 0.4370 0.0850   56.9300
10030002 1991.198649 31.8070 64.2410   40   39.7181 20.3330 5.0398 36.7350  -9.9900 0.4370 0.0880   53.1400
10030002 1991.198649 31.8070 64.2410   42   41.7038 20.3340 5.0400 36.7350  -9.9900 0.4370 0.0840   48.6200
10030002 1991.198649 31.8070 64.2410   44   43.6895 20.3330 5.0401 36.7360  -9.9900 0.4370 0.0830   44.5600
10030002 1991.198649 31.8070 64.2410   46   45.6752 20.3340 5.0402 36.7350  -9.9900 0.4370 0.0840   42.3800
10030002 1991.198649 31.8070 64.2410   48   47.6608 20.3350 5.0404 36.7350  -9.9900 0.4370 0.0840   39.2800
10030002 1991.198649 31.8070 64.2410   50   49.6465 20.3350 5.0404 36.7350  -9.9900 0.4370 0.0850   35.8100
10030002 1991.198649 31.8070 64.2410   52   51.6321 20.3350 5.0405 36.7350  -9.9900 0.4370 0.0900   32.9500
10030002 1991.198649 31.8070 64.2410   54   53.6177 20.3350 5.0406 36.7350  -9.9900 0.4370 0.0890   30.6500
10030002 1991.198649 31.8070 64.2410   56   55.6032 20.3350 5.0407 36.7350  -9.9900 0.4370 0.0890   27.9000
10030002 1991.198649 31.8070 64.2410   58   57.5888 20.3360 5.0409 36.7350  -9.9900 0.4370 0.0880   25.9400
10030002 1991.198649 31.8070 64.2410   60   59.5743 20.3360 5.0410 36.7350  -9.9900 0.4420 0.0880   23.9700
10030002 1991.198649 31.8070 64.2410   62   61.5598 20.3360 5.0411 36.7350  -9.9900 0.4360 0.0870   22.1200
10030002 1991.198649 31.8070 64.2410   64   63.5453 20.3370 5.0413 36.7350  -9.9900 0.4370 0.0850   20.6700
10030002 1991.198649 31.8070 64.2410   66   65.5308 20.3370 5.0414 36.7350  -9.9900 0.4370 0.0830   18.9700
10030002 1991.198649 31.8070 64.2410   68   67.5163 20.3370 5.0415 36.7350  -9.9900 0.4360 0.0850   17.5100
10030002 1991.198649 31.8070 64.2410   70   69.5017 20.3370 5.0416 36.7350  -9.9900 0.4360 0.0870   16.2400
10030002 1991.198649 31.8070 64.2410   72   71.4871 20.3370 5.0416 36.7350  -9.9900 0.4350 0.0930   14.7800
10030002 1991.198649 31.8070 64.2410   74   73.4725 20.3380 5.0417 36.7340  -9.9900 0.4350 0.0910   13.7500
10030002 1991.198649 31.8070 64.2410   76   75.4579 20.3390 5.0419 36.7340  -9.9900 0.4350 0.0890   12.8100
10030002 1991.198649 31.8070 64.2410   78   77.4432 20.3350 5.0416 36.7340  -9.9900 0.4340 0.0920   11.6100
10030002 1991.198649 31.8070 64.2410   80   79.4286 20.3380 5.0420 36.7340  -9.9900 0.4350 0.0930   10.9300
10030002 1991.198649 31.8070 64.2410   82   81.4139 20.3320 5.0413 36.7330  -9.9900 0.4340 0.0930   10.1500
10030002 1991.198649 31.8070 64.2410   84   83.3992 20.3230 5.0405 36.7330  -9.9900 0.4310 0.0990    9.1200
10030002 1991.198649 31.8070 64.2410   86   85.3845 20.3210 5.0402 36.7320  -9.9900 0.4300 0.1090    8.3500
10030002 1991.198649 31.8070 64.2410   88   87.3697 20.3160 5.0395 36.7300  -9.9900 0.4280 0.1060    7.8300
10030002 1991.198649 31.8070 64.2410   90   89.3550 20.3030 5.0379 36.7270  -9.9900 0.4280 0.1070    7.2300
10030002 1991.198649 31.8070 64.2410   92   91.3402 20.2910 5.0364 36.7250  -9.9900 0.4280 0.1090    6.5400
10030002 1991.198649 31.8070 64.2410   94   93.3254 20.2810 5.0354 36.7240  -9.9900 0.4270 0.1090    6.1100
10030002 1991.198649 31.8070 64.2410   96   95.3106 20.2730 5.0345 36.7230  -9.9900 0.4280 0.1110    5.6200
10030002 1991.198649 31.8070 64.2410   98   97.2958 20.2700 5.0341 36.7220  -9.9900 0.4280 0.1120    5.1400
10030002 1991.198649 31.8070 64.2410  100   99.2809 20.2650 5.0336 36.7210  -9.9900 0.4270 0.1110    4.7600
10030002 1991.198649 31.8070 64.2410  102  101.2660 20.2540 5.0322 36.7190  -9.9900 0.4290 0.1130    4.4100
10030002 1991.198649 31.8070 64.2410  104  103.2511 20.2440 5.0310 36.7170  -9.9900 0.4280 0.1150    4.0400
10030002 1991.198649 31.8070 64.2410  106  105.2362 20.2290 5.0292 36.7140  -9.9900 0.4280 0.1190    3.7900
10030002 1991.198649 31.8070 64.2410  108  107.2213 20.2210 5.0284 36.7140  -9.9900 0.4260 0.1240    3.4800
10030002 1991.198649 31.8070 64.2410  110  109.2063 20.2110 5.0272 36.7120  -9.9900 0.4260 0.1140    3.1500
10030002 1991.198649 31.8070 64.2410  112  111.1914 20.2010 5.0257 36.7080  -9.9900 0.4260 0.1140    2.9800
10030002 1991.198649 31.8070 64.2410  114  113.1764 20.1770 5.0230 36.7060  -9.9900 0.4260 0.1110    2.7000
10030002 1991.198649 31.8070 64.2410  116  115.1614 20.1690 5.0220 36.7040  -9.9900 0.4240 0.1050    2.4800
10030002 1991.198649 31.8070 64.2410  118  117.1464 20.1630 5.0212 36.7020  -9.9900 0.4250 0.1040    2.2800
10030002 1991.198649 31.8070 64.2410  120  119.1313 20.1470 5.0195 36.7010  -9.9900 0.4240 0.1060    2.0900
10030002 1991.198649 31.8070 64.2410  122  121.1162 20.1280 5.0174 36.6990  -9.9900 0.4240 0.1080    1.9400
10030002 1991.198649 31.8070 64.2410  124  123.1012 20.1110 5.0153 36.6960  -9.9900 0.4230 0.1100    1.7900
10030002 1991.198649 31.8070 64.2410  126  125.0861 20.1020 5.0139 36.6920  -9.9900 0.4230 0.1090    1.7000
10030002 1991.198649 31.8070 64.2410  128  127.0709 20.0960 5.0133 36.6910  -9.9900 0.4230 0.1110    1.5800
10030002 1991.198649 31.8070 64.2410  130  129.0558 20.0780 5.0112 36.6890  -9.9900 0.4220 0.1070    1.4300
10030002 1991.198649 31.8070 64.2410  132  131.0406 20.0770 5.0109 36.6870  -9.9900 0.4220 0.1090    1.3500
10030002 1991.198649 31.8070 64.2410  134  133.0254 20.0650 5.0096 36.6860  -9.9900 0.4210 0.1060    1.2400
10030002 1991.198649 31.8070 64.2410  136  135.0103 20.0430 5.0069 36.6820  -9.9900 0.4200 0.1010    1.1300
10030002 1991.198649 31.8070 64.2410  138  136.9950 20.0110 5.0028 36.6750  -9.9900 0.4190 0.0990    1.0500
10030002 1991.198649 31.8070 64.2410  140  138.9798 19.9930 5.0005 36.6710  -9.9900 0.4180 0.1020    0.9800
10030002 1991.198649 31.8070 64.2410  142  140.9645 19.9760 4.9985 36.6690  -9.9900 0.4180 0.1000    0.9100
10030002 1991.198649 31.8070 64.2410  144  142.9493 19.9650 4.9971 36.6660  -9.9900 0.4180 0.0980    0.8500
10030002 1991.198649 31.8070 64.2410  146  144.9340 19.9590 4.9964 36.6650  -9.9900 0.4180 0.1430    0.7900
10030002 1991.198649 31.8070 64.2410  148  146.9186 19.9430 4.9947 36.6640  -9.9900 0.4150 0.1170    0.7400
10030002 1991.198649 31.8070 64.2410  150  148.9033 19.9370 4.9938 36.6610  -9.9900 0.4130 0.0960    0.6900
10030002 1991.198649 31.8070 64.2410  152  150.8880 19.9290 4.9929 36.6600  -9.9900 0.4130 0.0920    0.6500
10030002 1991.198649 31.8070 64.2410  154  152.8726 19.9130 4.9912 36.6590  -9.9900 0.4140 0.0820    0.6000
10030002 1991.198649 31.8070 64.2410  156  154.8572 19.8940 4.9892 36.6580  -9.9900 0.4110 0.0740    0.5600
10030002 1991.198649 31.8070 64.2410  158  156.8418 19.8470 4.9842 36.6570  -9.9900 0.4100 0.0730    0.5200
10030002 1991.198649 31.8070 64.2410  160  158.8264 19.8140 4.9806 36.6560  -9.9900 0.4080 0.0630    0.4800
10030002 1991.198649 31.8070 64.2410  162  160.8109 19.7990 4.9788 36.6530  -9.9900 0.4070 0.0560    0.4500
10030002 1991.198649 31.8070 64.2410  164  162.7954 19.7790 4.9766 36.6520  -9.9900 0.4060 0.0570    0.4200
10030002 1991.198649 31.8070 64.2410  166  164.7800 19.7520 4.9738 36.6510  -9.9900 0.4050 0.0540    0.4000
10030002 1991.198649 31.8070 64.2410  168  166.7644 19.7180 4.9699 36.6480  -9.9900 0.4020 0.0490    0.3700
10030002 1991.198649 31.8070 64.2410  170  168.7489 19.6670 4.9641 36.6440  -9.9900 0.3990 0.0430    0.3500
10030002 1991.198649 31.8070 64.2410  172  170.7334 19.6330 4.9597 36.6360  -9.9900 0.3990 0.0310    0.3300
10030002 1991.198649 31.8070 64.2410  174  172.7178 19.6170 4.9580 36.6350  -9.9900 0.3980 0.0300    0.3200
10030002 1991.198649 31.8070 64.2410  176  174.7022 19.6020 4.9561 36.6320  -9.9900 0.3980 0.0290    0.3000
10030002 1991.198649 31.8070 64.2410  178  176.6866 19.5650 4.9520 36.6300  -9.9900 0.3980 0.0290    0.2900
10030002 1991.198649 31.8070 64.2410  180  178.6710 19.5600 4.9515 36.6290  -9.9900 0.3970 0.0260    0.2600
10030002 1991.198649 31.8070 64.2410  182  180.6554 19.5510 4.9516 36.6370  -9.9900 0.3980 0.0240    0.2500
10030002 1991.198649 31.8070 64.2410  184  182.6397 19.5390 4.9509 36.6410  -9.9900 0.3980 0.0300    0.2400
10030002 1991.198649 31.8070 64.2410  186  184.6240 19.5290 4.9499 36.6410  -9.9900 0.3980 0.0330    0.2200
10030002 1991.198649 31.8070 64.2410  188  186.6083 19.5180 4.9487 36.6400  -9.9900 0.3980 0.0350    0.2100
10030002 1991.198649 31.8070 64.2410  190  188.5926 19.4920 4.9460 36.6390  -9.9900 0.3990 0.0350    0.2100
10030002 1991.198649 31.8070 64.2410  192  190.5769 19.4560 4.9422 36.6380  -9.9900 0.3990 0.0360    0.1900
10030002 1991.198649 31.8070 64.2410  194  192.5611 19.4200 4.9383 36.6370  -9.9900 0.3980 0.0330    0.1800
10030002 1991.198649 31.8070 64.2410  196  194.5453 19.3800 4.9341 36.6360  -9.9900 0.3970 0.0300    0.1700
10030002 1991.198649 31.8070 64.2410  198  196.5295 19.3350 4.9292 36.6340  -9.9900 0.3980 0.0300    0.1600
10030002 1991.198649 31.8070 64.2410  200  198.5137 19.2790 4.9229 36.6300  -9.9900 0.3960 0.0260    0.1500
10030002 1991.198649 31.8070 64.2410  202  200.4979 19.2090 4.9152 36.6260  -9.9900 0.3960 0.0230    0.1500
10030002 1991.198649 31.8070 64.2410  204  202.4820 19.1830 4.9124 36.6250  -9.9900 0.3950 0.0230    0.1400
10030002 1991.198649 31.8070 64.2410  206  204.4662 19.1690 4.9110 36.6250  -9.9900 0.3940 0.0180    0.1300
10030002 1991.198649 31.8070 64.2410  208  206.4503 19.1440 4.9085 36.6250  -9.9900 0.3940 0.0130    0.1300
10030002 1991.198649 31.8070 64.2410  210  208.4344 19.1170 4.9059 36.6260  -9.9900 0.3940 0.0130    0.1200
10030002 1991.198649 31.8070 64.2410  212  210.4184 19.1180 4.9064 36.6290  -9.9900 0.3940 0.0130    0.1200
10030002 1991.198649 31.8070 64.2410  214  212.4025 19.1130 4.9060 36.6290  -9.9900 0.3940 0.0130    0.1100
10030002 1991.198649 31.8070 64.2410  216  214.3865 19.0750 4.9021 36.6290  -9.9900 0.3940 0.0110    0.1100
10030002 1991.198649 31.8070 64.2410  218  216.3705 18.9980 4.8932 36.6220  -9.9900 0.3940 0.0200    0.1000
10030002 1991.198649 31.8070 64.2410  220  218.3545 18.9730 4.8898 36.6140  -9.9900 0.3930 0.0210    0.1000
10030002 1991.198649 31.8070 64.2410  222  220.3385 18.9370 4.8858 36.6120  -9.9900 0.3920 0.0190    0.1000
10030002 1991.198649 31.8070 64.2410  224  222.3225 18.8740 4.8782 36.6030  -9.9900 0.3930 0.0120    0.0900
10030002 1991.198649 31.8070 64.2410  226  224.3064 18.8510 4.8760 36.6040  -9.9900 0.3920 0.0190    0.0900
10030002 1991.198649 31.8070 64.2410  228  226.2903 18.8170 4.8725 36.6030  -9.9900 0.3910 0.0180    0.0900
10030002 1991.198649 31.8070 64.2410  230  228.2742 18.7850 4.8686 36.5980  -9.9900 0.3920 0.0060    0.0800
10030002 1991.198649 31.8070 64.2410  232  230.2581 18.7510 4.8650 36.5970  -9.9900 0.3910 0.0070    0.0800
10030002 1991.198649 31.8070 64.2410  234  232.2420 18.7160 4.8608 36.5920  -9.9900 0.3910 0.0090    0.0800
10030002 1991.198649 31.8070 64.2410  236  234.2258 18.7050 4.8594 36.5890  -9.9900 0.3900 0.0070    0.0800
10030002 1991.198649 31.8070 64.2410  238  236.2096 18.6910 4.8578 36.5870  -9.9900 0.3900 0.0040    0.0700
10030002 1991.198649 31.8070 64.2410  240  238.1934 18.6760 4.8563 36.5870  -9.9900 0.3900 0.0040    0.0700
10030002 1991.198649 31.8070 64.2410  242  240.1772 18.6620 4.8550 36.5870  -9.9900 0.3900 0.0040    0.0700
10030002 1991.198649 31.8070 64.2410  244  242.1610 18.6450 4.8531 36.5860  -9.9900 0.3900 0.0060    0.0700
10030002 1991.198649 31.8070 64.2410  246  244.1447 18.6170 4.8497 36.5810  -9.9900 0.3900 0.0050    0.0700
10030002 1991.198649 31.8070 64.2410  248  246.1285 18.6100 4.8488 36.5790  -9.9900 0.3920 0.0070    0.0700
10030002 1991.198649 31.8070 64.2410  250  248.1122 18.6060 4.8483 36.5770  -9.9900 0.3900 0.0080    0.0600
10030002 1991.198649 31.8070 64.2410  252  250.0958 18.5990 4.8476 36.5770  -9.9900 0.3900 0.0080    0.0600
10030002 1991.198649 31.8070 64.2410  254  252.0795 18.5960 4.8474 36.5770  -9.9900 0.3900 0.0080    0.0600
10030002 1991.198649 31.8070 64.2410  256  254.0632 18.5920 4.8471 36.5770  -9.9900 0.3900 0.0110    0.0600
