20079001,1995.319269,31.719,64.203,,,,6,,,,5.9583,20.5955,5.0746,36.8043,223.727,-9.99,0.064,,,-9.99
20079001,1995.319269,31.719,64.203,,,,8,,,,7.9443,20.574,5.0723,36.803,223.556,-9.99,0.066,,,-9.99
20079001,1995.319269,31.719,64.203,,,10,,,,9.9303,20.5332,5.0677,36.8003,223.678,-9.99,0.07,,,-9.99,
20079001,1995.319269,31.719,64.203,,,12,,,11.9163,20.5249,5.0668,36.7996,223.855,-9.99,0.076,,,-9.99,,
20079001,1995.319269,31.719,64.203,,,14,,,13.9023,20.5127,5.0654,36.7984,224.013,-9.99,0.084,,,-9.99,,
20079001,1995.319269,31.719,64.203,,,16,,,15.8883,20.5075,5.0649,36.7978,224.166,-9.99,0.086,,,-9.99,,
20079001,1995.319269,31.719,64.203,,,18,,,17.8742,20.5025,5.0644,36.7974,224.26,-9.99,0.086,,,-9.99,,
20079001,1995.319269,31.719,64.203,,,20,,,19.8602,20.4995,5.0641,36.7969,224.084,-9.99,0.087,,,-9.99,,
20079001,1995.319269,31.719,64.203,,,22,,,21.8461,20.4958,5.0638,36.7963,224.114,-9.99,0.085,,,-9.99,,
20079001,1995.319269,31.719,64.203,,,24,,,23.832,20.4893,5.0631,36.7955,224.024,-9.99,0.089,,,-9.99,,
20079001,1995.319269,31.719,64.203,,,26,,,25.8179,20.4855,5.0627,36.7949,224.164,-9.99,0.097,,,-9.99,,
20079001,1995.319269,31.719,64.203,,,28,,,27.8037,20.4824,5.0624,36.7947,224.024,-9.99,0.1,,,-9.99,,
20079001,1995.319269,31.719,64.203,,,30,,,29.7895,20.4813,5.0624,36.7946,224.178,-9.99,0.107,,,-9.99,,
20079001,1995.319269,31.719,64.203,,,32,,,31.7754,20.4784,5.0621,36.7944,224.367,-9.99,0.108,,,-9.99,,
20079001,1995.319269,31.719,64.203,,,34,,,33.7612,20.4747,5.0617,36.7938,224.187,-9.99,0.112,,,-9.99,,
20079001,1995.319269,31.719,64.203,,,36,,,35.7469,20.4713,5.0615,36.7943,224.138,-9.99,0.112,,,-9.99,,
20079001,1995.319269,31.719,64.203,,,38,,,37.7327,20.3956,5.053,36.7895,224.643,-9.99,0.119,,,-9.99,,
20079001,1995.319269,31.719,64.203,,,40,,,39.7184,20.2675,5.0381,36.7787,225.035,-9.99,0.123,,,-9.99,,
20079001,1995.319269,31.719,64.203,,,42,,,41.7041,20.1614,5.026,36.771,225.414,-9.99,0.126,,,-9.99,,
20079001,1995.319269,31.719,64.203,,,44,,,43.6898,20.0645,5.0151,36.7645,225.789,-9.99,0.132,,,-9.99,,
20079001,1995.319269,31.719,64.203,,,46,,,45.6755,19.9899,5.0068,36.7609,226.253,-9.99,0.143,,,-9.99,,
20079001,1995.319269,31.719,64.203,,,48,,,47.6612,19.9673,5.0043,36.7591,226.404,-9.99,0.162,,,-9.99,,
20079001,1995.319269,31.719,64.203,,,50,,,49.6468,19.8673,4.9925,36.7483,226.684,-9.99,0.189,,,-9.99,,
20079001,1995.319269,31.719,64.203,,,52,,,51.6325,19.7994,4.9845,36.7407,226.822,-9.99,0.21,,,-9.99,,
20079001,1995.319269,31.719,64.203,,,54,,,53.6181,19.7054,4.9729,36.7269,226.655,-9.99,0.247,,,-9.99,,
20079001,1995.319269,31.719,64.203,,,56,,,55.6036,19.6502,4.9661,36.7182,226.497,-9.99,0.266,,,-9.99,,
20079001,1995.319269,31.719,64.203,,,58,,,57.5892,19.5627,4.9555,36.7059,226.374,-9.99,0.343,,,-9.99,,
20079001,1995.319269,31.719,64.203,,,60,,,59.5748,19.4927,4.9471,36.6962,226.666,-9.99,0.371,,,-9.99,,
20079001,1995.319269,31.719,64.203,,,62,,,61.5603,19.4432,4.9413,36.6906,227.189,-9.99,0.395,,,-9.99,,
20079001,1995.319269,31.719,64.203,,,64,,,63.5458,19.3602,4.9314,36.6809,228.38,-9.99,0.424,,,-9.99,,
20079001,1995.319269,31.719,64.203,,,66,,,65.5313,19.3101,4.9257,36.6766,226.997,-9.99,0.49,,,-9.99,,
20079001,1995.319269,31.719,64.203,,,68,,,67.5167,19.223,4.9158,36.6693,224.725,-9.99,0.775,,,-9.99,,
20079001,1995.319269,31.719,64.203,,,70,,,69.5022,19.2002,4.9135,36.6697,224.388,-9.99,0.838,,,-9.99,,
20079001,1995.319269,31.719,64.203,,,72,,,71.4876,19.1886,4.9124,36.6701,224.709,-9.99,0.866,,,-9.99,,
20079001,1995.319269,31.719,64.203,,,74,,,73.473,19.1603,4.9094,36.6693,225.122,-9.99,0.912,,,-9.99,,
20079001,1995.319269,31.719,64.203,,,76,,,75.4584,19.1386,4.9073,36.6693,226.435,-9.99,0.864,,,-9.99,,
20079001,1995.319269,31.719,64.203,,,78,,,77.4438,19.1052,4.9036,36.6677,227.934,-9.99,0.786,,,-9.99,,
20079001,1995.319269,31.719,64.203,,,80,,,79.4291,19.089,4.9019,36.6667,228.113,-9.99,0.769,,,-9.99,,
20079001,1995.319269,31.719,64.203,,,82,,,81.4145,19.0765,4.9006,36.6658,227.997,-9.99,0.757,,,-9.99,,
20079001,1995.319269,31.719,64.203,,,84,,,83.3998,19.068,4.8997,36.6653,227.846,-9.99,0.769,,,-9.99,,
20079001,1995.319269,31.719,64.203,,,86,,,85.3851,19.0614,4.899,36.6647,227.693,-9.99,0.79,,,-9.99,,
20079001,1995.319269,31.719,64.203,,,88,,,87.3704,19.0564,4.8985,36.6642,227.502,-9.99,0.804,,,-9.99,,
20079001,1995.319269,31.719,64.203,,,90,,,89.3556,19.051,4.898,36.6637,227.272,-9.99,0.774,,,-9.99,,
20079001,1995.319269,31.719,64.203,,,92,,,91.3409,19.0441,4.8973,36.663,227.124,-9.99,0.681,,,-9.99,,
20079001,1995.319269,31.719,64.203,,,94,,,93.3261,19.0414,4.8971,36.6632,226.964,-9.99,0.607,,,-9.99,,
20079001,1995.319269,31.719,64.203,,,96,,,95.3113,19.0362,4.8967,36.6635,226.982,-9.99,0.769,,,-9.99,,
20079001,1995.319269,31.719,64.203,,,98,,,97.2965,19.0317,4.8963,36.6635,226.757,-9.99,0.673,,,-9.99,,
20079001,1995.319269,31.719,64.203,,100,,,99.2816,19.0284,4.896,36.6633,226.193,-9.99,0.667,,,-9.99,,,
20079001,1995.319269,31.719,64.203,,102,,101.2668,19.0231,4.8955,36.6629,225.762,-9.99,0.646,,,-9.99,,,,
20079001,1995.319269,31.719,64.203,,104,,103.2519,19.0205,4.8953,36.6622,225.441,-9.99,0.521,,,-9.99,,,,
20079001,1995.319269,31.719,64.203,,106,,105.237,19.0189,4.8951,36.6618,225.096,-9.99,0.437,,,-9.99,,,,
20079001,1995.319269,31.719,64.203,,108,,107.2221,19.0175,4.8951,36.662,225.174,-9.99,0.403,,,-9.99,,,,
20079001,1995.319269,31.719,64.203,,110,,109.2071,19.0174,4.8952,36.6623,224.964,-9.99,0.381,,,-9.99,,,,
20079001,1995.319269,31.719,64.203,,112,,111.1922,19.0164,4.8952,36.662,224.658,-9.99,0.359,,,-9.99,,,,
20079001,1995.319269,31.719,64.203,,114,,113.1772,19.011,4.8945,36.6608,224.335,-9.99,0.339,,,-9.99,,,,
20079001,1995.319269,31.719,64.203,,116,,115.1622,19.0054,4.8939,36.6595,224.033,-9.99,0.321,,,-9.99,,,,
20079001,1995.319269,31.719,64.203,,118,,117.1472,19.0026,4.8936,36.659,224.01,-9.99,0.314,,,-9.99,,,,
20079001,1995.319269,31.719,64.203,,120,,119.1322,18.9944,4.8927,36.6573,223.731,-9.99,0.307,,,-9.99,,,,
20079001,1995.319269,31.719,64.203,,122,,121.1171,18.9852,4.8915,36.6553,223.27,-9.99,0.292,,,-9.99,,,,
20079001,1995.319269,31.719,64.203,,124,,123.1021,18.9784,4.8907,36.6538,222.873,-9.99,0.278,,,-9.99,,,,
20079001,1995.319269,31.719,64.203,,126,,125.087,18.971,4.8898,36.6521,222.473,-9.99,0.259,,,-9.99,,,,
20079001,1995.319269,31.719,64.203,,128,,127.0719,18.9591,4.8884,36.6494,222.091,-9.99,0.245,,,-9.99,,,,
20079001,1995.319269,31.719,64.203,,130,,129.0567,18.9382,4.8857,36.6449,221.501,-9.99,0.224,,,-9.99,,,,
20079001,1995.319269,31.719,64.203,,132,,131.0416,18.9307,4.8849,36.6436,221.289,-9.99,0.212,,,-9.99,,,,
20079001,1995.319269,31.719,64.203,,134,,133.0264,18.9269,4.8845,36.6431,221.063,-9.99,0.194,,,-9.99,,,,
20079001,1995.319269,31.719,64.203,,136,,135.0112,18.9259,4.8845,36.6431,220.945,-9.99,0.184,,,-9.99,,,,
20079001,1995.319269,31.719,64.203,,138,,136.996,18.9247,4.8845,36.6431,220.837,-9.99,0.172,,,-9.99,,,,
20079001,1995.319269,31.719,64.203,,140,,138.9808,18.9209,4.8841,36.6424,220.729,-9.99,0.164,,,-9.99,,,,
20079001,1995.319269,31.719,64.203,,142,,140.9656,18.9076,4.8824,36.6395,220.519,-9.99,0.152,,,-9.99,,,,
20079001,1995.319269,31.719,64.203,,144,,142.9503,18.8946,4.8808,36.6366,220.383,-9.99,0.148,,,-9.99,,,,
20079001,1995.319269,31.719,64.203,,146,,144.935,18.8775,4.8787,36.6329,220.219,-9.99,0.137,,,-9.99,,,,
20079001,1995.319269,31.719,64.203,,148,,146.9197,18.8573,4.8761,36.6287,219.888,-9.99,0.127,,,-9.99,,,,
20079001,1995.319269,31.719,64.203,,150,,148.9044,18.8458,4.8747,36.6262,219.61,-9.99,0.114,,,-9.99,,,,
20079001,1995.319269,31.719,64.203,,152,,150.8891,18.8402,4.8741,36.6248,219.709,-9.99,0.103,,,-9.99,,,,
20079001,1995.319269,31.719,64.203,,154,,152.8737,18.8362,4.8737,36.6243,219.465,-9.99,0.096,,,-9.99,,,,
20079001,1995.319269,31.719,64.203,,156,,154.8583,18.8312,4.8731,36.6235,219.293,-9.99,0.092,,,-9.99,,,,
20079001,1995.319269,31.719,64.203,,158,,156.8429,18.8236,4.8723,36.6225,219.118,-9.99,0.087,,,-9.99,,,,
20079001,1995.319269,31.719,64.203,,160,,158.8275,18.8158,4.8715,36.6219,218.81,-9.99,0.08,,,-9.99,,,,
20079001,1995.319269,31.719,64.203,,162,,160.8121,18.8119,4.8712,36.6218,218.546,-9.99,0.074,,,-9.99,,,,
20079001,1995.319269,31.719,64.203,,164,,162.7966,18.8099,4.8711,36.6221,218.259,-9.99,0.07,,,-9.99,,,,
20079001,1995.319269,31.719,64.203,,166,,164.7811,18.8093,4.8712,36.6226,218.095,-9.99,0.07,,,-9.99,,,,
20079001,1995.319269,31.719,64.203,,168,,166.7657,18.8068,4.871,36.6226,217.89,-9.99,0.07,,,-9.99,,,,
20079001,1995.319269,31.719,64.203,,170,,168.7501,18.8008,4.8703,36.6215,217.623,-9.99,0.067,,,-9.99,,,,
20079001,1995.319269,31.719,64.203,,172,,170.7346,18.7958,4.8698,36.6204,217.491,-9.99,0.063,,,-9.99,,,,
20079001,1995.319269,31.719,64.203,,174,,172.7191,18.792,4.8694,36.6198,217.387,-9.99,0.061,,,-9.99,,,,
20079001,1995.319269,31.719,64.203,,176,,174.7035,18.7885,4.8691,36.6195,217.324,-9.99,0.057,,,-9.99,,,,
20079001,1995.319269,31.719,64.203,,178,,176.6879,18.7817,4.8684,36.6186,216.911,-9.99,0.054,,,-9.99,,,,
20079001,1995.319269,31.719,64.203,,180,,178.6723,18.7768,4.8679,36.618,216.712,-9.99,0.051,,,-9.99,,,,
20079001,1995.319269,31.719,64.203,,182,,180.6567,18.7737,4.8676,36.618,216.408,-9.99,0.048,,,-9.99,,,,
20079001,1995.319269,31.719,64.203,,184,,182.641,18.7756,4.8681,36.6196,216.443,-9.99,0.043,,,-9.99,,,,
20079001,1995.319269,31.719,64.203,,186,,184.6254,18.7751,4.8682,36.6199,216.506,-9.99,0.045,,,-9.99,,,,
20079001,1995.319269,31.719,64.203,,188,,186.6097,18.7743,4.8684,36.6214,216.531,-9.99,0.046,,,-9.99,,,,
20079001,1995.319269,31.719,64.203,,190,,188.594,18.7712,4.8681,36.6213,216.53,-9.99,0.045,,,-9.99,,,,
20079001,1995.319269,31.719,64.203,,192,,190.5783,18.7684,4.868,36.6217,216.477,-9.99,0.043,,,-9.99,,,,
20079001,1995.319269,31.719,64.203,,194,,192.5625,18.7675,4.868,36.6219,216.454,-9.99,0.041,,,-9.99,,,,
20079001,1995.319269,31.719,64.203,,196,,194.5467,18.7654,4.8678,36.6218,216.54,-9.99,0.04,,,-9.99,,,,
20079001,1995.319269,31.719,64.203,,198,,196.531,18.7647,4.8678,36.6216,216.471,-9.99,0.04,,,-9.99,,,,
20079001,1995.319269,31.719,64.203,,200,,198.5152,18.7611,4.8675,36.621,216.386,-9.99,0.042,,,-9.99,,,,
20079001,1995.319269,31.719,64.203,,202,,200.4994,18.7602,4.8674,36.6208,216.222,-9.99,0.043,,,-9.99,,,,
20079001,1995.319269,31.719,64.203,,204,,202.4835,18.7557,4.867,36.6202,215.92,-9.99,0.045,,,-9.99,,,,
20079001,1995.319269,31.719,64.203,,206,,204.4677,18.7534,4.8668,36.6196,215.601,-9.99,0.045,,,-9.99,,,,
20079001,1995.319269,31.719,64.203,,208,,206.4518,18.7483,4.8662,36.6185,215.255,-9.99,0.046,,,-9.99,,,,
20079001,1995.319269,31.719,64.203,,210,,208.4359,18.7287,4.8637,36.6143,214.61,-9.99,0.046,,,-9.99,,,,
20079001,1995.319269,31.719,64.203,,212,,210.42,18.7063,4.8609,36.6099,213.042,-9.99,0.044,,,-9.99,,,,
20079001,1995.319269,31.719,64.203,,214,,212.404,18.6985,4.86,36.6081,211.477,-9.99,0.044,,,-9.99,,,,
20079001,1995.319269,31.719,64.203,,216,,214.3881,18.6953,4.8597,36.6077,209.488,-9.99,0.045,,,-9.99,,,,
20079001,1995.319269,31.719,64.203,,218,,216.3721,18.6916,4.8593,36.607,208.38,-9.99,0.047,,,-9.99,,,,
20079001,1995.319269,31.719,64.203,,220,,218.3561,18.6869,4.8588,36.6058,207.738,-9.99,0.046,,,-9.99,,,,
20079001,1995.319269,31.719,64.203,,222,,220.3401,18.6665,4.8563,36.6018,207.943,-9.99,0.049,,,-9.99,,,,
20079001,1995.319269,31.719,64.203,,224,,222.3241,18.6458,4.8538,36.5981,208.029,-9.99,0.047,,,-9.99,,,,
20079001,1995.319269,31.719,64.203,,226,,224.308,18.6326,4.8522,36.5959,207.92,-9.99,0.044,,,-9.99,,,,
20079001,1995.319269,31.719,64.203,,228,,226.292,18.6204,4.8507,36.5934,208.058,-9.99,0.043,,,-9.99,,,,
20079001,1995.319269,31.719,64.203,,230,,228.2759,18.6175,4.8505,36.593,208.04,-9.99,0.045,,,-9.99,,,,
20079001,1995.319269,31.719,64.203,,232,,230.2598,18.5899,4.847,36.5874,206.48,-9.99,0.045,,,-9.99,,,,
20079001,1995.319269,31.719,64.203,,234,,232.2437,18.5591,4.8432,36.5814,205.406,-9.99,0.047,,,-9.99,,,,
20079001,1995.319269,31.719,64.203,,236,,234.2275,18.5339,4.8402,36.5779,204.722,-9.99,0.047,,,-9.99,,,,
20079001,1995.319269,31.719,64.203,,238,,236.2113,18.5221,4.8389,36.5768,204.348,-9.99,0.046,,,-9.99,,,,
20079001,1995.319269,31.719,64.203,,240,,238.1952,18.515,4.8382,36.5765,204.047,-9.99,0.045,,,-9.99,,,,
20079001,1995.319269,31.719,64.203,,242,,240.179,18.5073,4.8375,36.5764,203.652,-9.99,0.043,,,-9.99,,,,
20079001,1995.319269,31.719,64.203,,244,,242.1627,18.4962,4.8364,36.5761,203.027,-9.99,0.041,,,-9.99,,,,
20079001,1995.319269,31.719,64.203,,246,,244.1465,18.4805,4.8348,36.5759,201.696,-9.99,0.039,,,-9.99,,,,
20079001,1995.319269,31.719,64.203,,248,,246.1302,18.4653,4.8334,36.5761,200.575,-9.99,0.04,,,-9.99,,,,
20079001,1995.319269,31.719,64.203,,250,,248.114,18.446,4.8313,36.5747,200.198,-9.99,0.039,,,-9.99,,,,
20079001,1995.319269,31.719,64.203,,252,,250.0977,18.4367,4.8301,36.5725,200.835,-9.99,0.039,,,-9.99,,,,
20079001,1995.319269,31.719,64.203,,254,,252.0813,18.4147,4.8275,36.5691,201.342,-9.99,0.04,,,-9.99,,,,
20079001,1995.319269,31.719,64.203,,256,,254.065,18.4052,4.8265,36.5685,201.405,-9.99,0.039,,,-9.99,,,,
20079001,1995.319269,31.719,64.203,,258,,256.0487,18.4025,4.8264,36.5692,201.13,-9.99,0.037,,,-9.99,,,,
20079001,1995.319269,31.719,64.203,,260,,258.0323,18.3981,4.8261,36.5697,201.236,-9.99,0.037,,,-9.99,,,,
20079001,1995.319269,31.719,64.203,,262,,260.0159,18.3818,4.8242,36.5667,201.995,-9.99,0.04,,,-9.99,,,,
20079001,1995.319269,31.719,64.203,,264,,261.9995,18.3646,4.8221,36.5638,202.556,-9.99,0.041,,,-9.99,,,,
20079001,1995.319269,31.719,64.203,,266,,263.983,18.3516,4.8206,36.562,202.713,-9.99,0.041,,,-9.99,,,,
20079001,1995.319269,31.719,64.203,,268,,265.9666,18.3504,4.8206,36.5621,202.348,-9.99,0.041,,,-9.99,,,,
20079001,1995.319269,31.719,64.203,,270,,267.9501,18.3482,4.8205,36.5625,201.915,-9.99,0.041,,,-9.99,,,,
20079001,1995.319269,31.719,64.203,,272,,269.9336,18.3378,4.8195,36.5622,201.698,-9.99,0.04,,,-9.99,,,,
20079001,1995.319269,31.719,64.203,,274,,271.9171,18.3245,4.818,36.5608,202.137,-9.99,0.037,,,-9.99,,,,
20079001,1995.319269,31.719,64.203,,276,,273.9006,18.314,4.8168,36.5587,202.819,-9.99,0.038,,,-9.99,,,,
20079001,1995.319269,31.719,64.203,,278,,275.8841,18.2998,4.8151,36.5562,203.052,-9.99,0.037,,,-9.99,,,,
20079001,1995.319269,31.719,64.203,,280,,277.8675,18.2894,4.8139,36.5545,203.483,-9.99,0.04,,,-9.99,,,,
20079001,1995.319269,31.719,64.203,,282,,279.8509,18.2811,4.813,36.5535,203.616,-9.99,0.041,,,-9.99,,,,
20079001,1995.319269,31.719,64.203,,284,,281.8343,18.2726,4.812,36.5519,203.366,-9.99,0.041,,,-9.99,,,,
20079001,1995.319269,31.719,64.203,,286,,283.8177,18.2671,4.8114,36.5509,203.01,-9.99,0.043,,,-9.99,,,,
20079001,1995.319269,31.719,64.203,,288,,285.801,18.2571,4.8103,36.5495,202.993,-9.99,0.043,,,-9.99,,,,
20079001,1995.319269,31.719,64.203,,290,,287.7844,18.2505,4.8096,36.5488,203.024,-9.99,0.044,,,-9.99,,,,
20079001,1995.319269,31.719,64.203,,292,,289.7677,18.2442,4.8089,36.548,202.84,-9.99,0.045,,,-9.99,,,,
20079001,1995.319269,31.719,64.203,,294,,291.751,18.2327,4.8078,36.5475,202.977,-9.99,0.041,,,-9.99,,,,
20079001,1995.319269,31.719,64.203,,296,,293.7343,18.2221,4.8067,36.5467,202.636,-9.99,0.04,,,-9.99,,,,
20079001,1995.319269,31.719,64.203,,298,,295.7175,18.223,4.8068,36.5465,202.416,-9.99,0.039,,,-9.99,,,,
20079001,1995.319269,31.719,64.203,,300,,297.7008,18.2172,4.8063,36.5463,201.402,-9.99,0.039,,,-9.99,,,,
20079001,1995.319269,31.719,64.203,,302,,299.684,18.2117,4.8058,36.546,200.857,-9.99,0.042,,,-9.99,,,,
20079001,1995.319269,31.719,64.203,,304,,301.6672,18.2105,4.8057,36.5458,200.736,-9.99,0.043,,,-9.99,,,,
20079001,1995.319269,31.719,64.203,,306,,303.6504,18.2087,4.8056,36.5456,200.497,-9.99,0.042,,,-9.99,,,,
20079001,1995.319269,31.719,64.203,,308,,305.6336,18.2041,4.8051,36.5445,200.759,-9.99,0.041,,,-9.99,,,,
20079001,1995.319269,31.719,64.203,,310,,307.6167,18.1961,4.8042,36.5431,201.071,-9.99,0.043,,,-9.99,,,,
20079001,1995.319269,31.719,64.203,,312,,309.5998,18.1817,4.8025,36.541,201.285,-9.99,0.043,,,-9.99,,,,
20079001,1995.319269,31.719,64.203,,314,,311.583,18.1599,4.7999,36.5378,201.582,-9.99,0.042,,,-9.99,,,,
20079001,1995.319269,31.719,64.203,,316,,313.566,18.145,4.7983,36.5359,201.413,-9.99,0.041,,,-9.99,,,,
20079001,1995.319269,31.719,64.203,,318,,315.5491,18.1315,4.7967,36.5342,201.271,-9.99,0.042,,,-9.99,,,,
20079001,1995.319269,31.719,64.203,,320,,317.5322,18.1235,4.7959,36.5332,201.09,-9.99,0.041,,,-9.99,,,,
20079001,1995.319269,31.719,64.203,,322,,319.5152,18.1227,4.7959,36.5331,201.066,-9.99,0.041,,,-9.99,,,,
20079001,1995.319269,31.719,64.203,,324,,321.4982,18.122,4.7959,36.5331,201.061,-9.99,0.039,,,-9.99,,,,
20079001,1995.319269,31.719,64.203,,326,,323.4812,18.1211,4.7959,36.5329,200.992,-9.99,0.037,,,-9.99,,,,
20079001,1995.319269,31.719,64.203,,328,,325.4642,18.1198,4.7958,36.5327,201.027,-9.99,0.035,,,-9.99,,,,
20079001,1995.319269,31.719,64.203,,330,,327.4471,18.1118,4.7949,36.5316,200.915,-9.99,0.036,,,-9.99,,,,
20079001,1995.319269,31.719,64.203,,332,,329.4301,18.1039,4.7941,36.5306,200.713,-9.99,0.036,,,-9.99,,,,
20079001,1995.319269,31.719,64.203,,334,,331.413,18.0916,4.7927,36.5289,200.747,-9.99,0.035,,,-9.99,,,,
20079001,1995.319269,31.719,64.203,,336,,333.3959,18.0813,4.7915,36.5274,200.767,-9.99,0.038,,,-9.99,,,,
20079001,1995.319269,31.719,64.203,,338,,335.3788,18.0583,4.7888,36.5242,200.501,-9.99,0.04,,,-9.99,,,,
20079001,1995.319269,31.719,64.203,,340,,337.3616,18.0427,4.7871,36.5221,200.185,-9.99,0.038,,,-9.99,,,,
20079001,1995.319269,31.719,64.203,,342,,339.3445,18.0264,4.7852,36.5195,200.186,-9.99,0.037,,,-9.99,,,,
20079001,1995.319269,31.719,64.203,,344,,341.3273,18.0153,4.7839,36.5177,200.355,-9.99,0.037,,,-9.99,,,,
20079001,1995.319269,31.719,64.203,,346,,343.3101,18.0105,4.7834,36.5171,200.035,-9.99,0.037,,,-9.99,,,,
20079001,1995.319269,31.719,64.203,,348,,345.2929,18.0066,4.783,36.5166,200.136,-9.99,0.037,,,-9.99,,,,
20079001,1995.319269,31.719,64.203,,350,,347.2757,18.0003,4.7823,36.5155,200.002,-9.99,0.037,,,-9.99,,,,
20079001,1995.319269,31.719,64.203,,352,,349.2584,17.9855,4.7806,36.5132,199.859,-9.99,0.038,,,-9.99,,,,
20079001,1995.319269,31.719,64.203,,354,,351.2411,17.9753,4.7795,36.5116,199.673,-9.99,0.039,,,-9.99,,,,
20079001,1995.319269,31.719,64.203,,356,,353.2239,17.9707,4.779,36.5109,199.729,-9.99,0.039,,,-9.99,,,,
20079001,1995.319269,31.719,64.203,,358,,355.2065,17.9671,4.7786,36.5103,199.46,-9.99,0.039,,,-9.99,,,,
20079001,1995.319269,31.719,64.203,,360,,357.1892,17.9627,4.7782,36.5096,199.216,-9.99,0.039,,,-9.99,,,,
20079001,1995.319269,31.719,64.203,,362,,359.1719,17.9555,4.7774,36.5085,199.203,-9.99,0.038,,,-9.99,,,,
20079001,1995.319269,31.719,64.203,,364,,361.1545,17.9515,4.777,36.5077,199.18,-9.99,0.036,,,-9.99,,,,
20079001,1995.319269,31.719,64.203,,366,,363.1371,17.9476,4.7766,36.5072,198.834,-9.99,0.036,,,-9.99,,,,
20079001,1995.319269,31.719,64.203,,368,,365.1197,17.9382,4.7755,36.5057,198.644,-9.99,0.036,,,-9.99,,,,
20079001,1995.319269,31.719,64.203,,370,,367.1023,17.9252,4.774,36.5034,198.615,-9.99,0.035,,,-9.99,,,,
20079001,1995.319269,31.719,64.203,,372,,369.0848,17.9152,4.7728,36.5016,198.352,-9.99,0.035,,,-9.99,,,,
20079001,1995.319269,31.719,64.203,,374,,371.0674,17.9013,4.7712,36.4992,198.153,-9.99,0.037,,,-9.99,,,,
20079001,1995.319269,31.719,64.203,,376,,373.0499,17.8816,4.7689,36.496,198.34,-9.99,0.039,,,-9.99,,,,
20079001,1995.319269,31.719,64.203,,378,,375.0324,17.8616,4.7665,36.4926,198.117,-9.99,0.04,,,-9.99,,,,
20079001,1995.319269,31.719,64.203,,380,,377.0149,17.8533,4.7656,36.4912,197.941,-9.99,0.04,,,-9.99,,,,
20079001,1995.319269,31.719,64.203,,382,,378.9973,17.8357,4.7635,36.4883,197.769,-9.99,0.041,,,-9.99,,,,
20079001,1995.319269,31.719,64.203,,384,,380.9798,17.8146,4.761,36.4847,197.446,-9.99,0.04,,,-9.99,,,,
20079001,1995.319269,31.719,64.203,,386,,382.9622,17.7954,4.7587,36.4813,197.06,-9.99,0.037,,,-9.99,,,,
20079001,1995.319269,31.719,64.203,,388,,384.9446,17.789,4.758,36.4802,197.072,-9.99,0.037,,,-9.99,,,,
20079001,1995.319269,31.719,64.203,,390,,386.927,17.7775,4.7566,36.4781,196.883,-9.99,0.038,,,-9.99,,,,
20079001,1995.319269,31.719,64.203,,392,,388.9094,17.7682,4.7555,36.4764,196.507,-9.99,0.038,,,-9.99,,,,
20079001,1995.319269,31.719,64.203,,394,,390.8917,17.7598,4.7546,36.4749,196.41,-9.99,0.041,,,-9.99,,,,
20079001,1995.319269,31.719,64.203,,396,,392.874,17.7524,4.7537,36.4736,196.356,-9.99,0.042,,,-9.99,,,,
20079001,1995.319269,31.719,64.203,,398,,394.8563,17.7465,4.7531,36.4724,196.158,-9.99,0.04,,,-9.99,,,,
20079001,1995.319269,31.719,64.203,,400,,396.8386,17.7445,4.7529,36.4722,196.207,-9.99,0.04,,,-9.99,,,,
20079001,1995.319269,31.719,64.203,,402,,398.8209,17.7237,4.7505,36.4689,196.059,-9.99,0.04,,,-9.99,,,,
20079001,1995.319269,31.719,64.203,,404,,400.8031,17.7,4.7477,36.465,195.84,-9.99,0.039,,,-9.99,,,,
20079001,1995.319269,31.719,64.203,,406,,402.7854,17.6846,4.7458,36.4623,195.49,-9.99,0.039,,,-9.99,,,,
20079001,1995.319269,31.719,64.203,,408,,404.7676,17.6771,4.745,36.4608,195.293,-9.99,0.038,,,-9.99,,,,
20079001,1995.319269,31.719,64.203,,410,,406.7498,17.6687,4.744,36.4593,195.09,-9.99,0.038,,,-9.99,,,,
20079001,1995.319269,31.719,64.203,,412,,408.732,17.6446,4.7411,36.455,194.916,-9.99,0.039,,,-9.99,,,,
20079001,1995.319269,31.719,64.203,,414,,410.7141,17.6092,4.7368,36.4487,194.687,-9.99,0.039,,,-9.99,,,,
20079001,1995.319269,31.719,64.203,,416,,412.6963,17.579,4.7332,36.4436,194.298,-9.99,0.042,,,-9.99,,,,
20079001,1995.319269,31.719,64.203,,418,,414.6784,17.5458,4.7291,36.4375,193.993,-9.99,0.044,,,-9.99,,,,
20079001,1995.319269,31.719,64.203,,420,,416.6605,17.5359,4.728,36.4357,193.899,-9.99,0.044,,,-9.99,,,,
20079001,1995.319269,31.719,64.203,,422,,418.6425,17.525,4.7267,36.4339,193.688,-9.99,0.045,,,-9.99,,,,
20079001,1995.319269,31.719,64.203,,424,,420.6246,17.5095,4.7249,36.4313,193.552,-9.99,0.045,,,-9.99,,,,
20079001,1995.319269,31.719,64.203,,426,,422.6067,17.4964,4.7234,36.429,193.179,-9.99,0.044,,,-9.99,,,,
20079001,1995.319269,31.719,64.203,,428,,424.5887,17.4805,4.7215,36.426,192.999,-9.99,0.044,,,-9.99,,,,
20079001,1995.319269,31.719,64.203,,430,,426.5707,17.4532,4.7182,36.4212,192.707,-9.99,0.044,,,-9.99,,,,
20079001,1995.319269,31.719,64.203,,432,,428.5527,17.4386,4.7165,36.4185,192.368,-9.99,0.044,,,-9.99,,,,
20079001,1995.319269,31.719,64.203,,434,,430.5346,17.3979,4.7115,36.4113,192.036,-9.99,0.042,,,-9.99,,,,
20079001,1995.319269,31.719,64.203,,436,,432.5166,17.3648,4.7075,36.4053,191.99,-9.99,0.043,,,-9.99,,,,
20079001,1995.319269,31.719,64.203,,438,,434.4985,17.3566,4.7066,36.4038,191.873,-9.99,0.043,,,-9.99,,,,
20079001,1995.319269,31.719,64.203,,440,,436.4804,17.3484,4.7056,36.4024,191.492,-9.99,0.041,,,-9.99,,,,
20079001,1995.319269,31.719,64.203,,442,,438.4623,17.3384,4.7045,36.4007,191.099,-9.99,0.039,,,-9.99,,,,
20079001,1995.319269,31.719,64.203,,444,,440.4442,17.324,4.7028,36.3982,190.851,-9.99,0.042,,,-9.99,,,,
20079001,1995.319269,31.719,64.203,,446,,442.426,17.2883,4.6985,36.3921,190.643,-9.99,0.044,,,-9.99,,,,
20079001,1995.319269,31.719,64.203,,448,,444.4079,17.2532,4.6943,36.3861,190.517,-9.99,0.042,,,-9.99,,,,
20079001,1995.319269,31.719,64.203,,450,,446.3897,17.2405,4.6928,36.3839,190.548,-9.99,0.042,,,-9.99,,,,
20079001,1995.319269,31.719,64.203,,452,,448.3715,17.2254,4.691,36.3812,190.253,-9.99,0.042,,,-9.99,,,,
20079001,1995.319269,31.719,64.203,,454,,450.3532,17.2119,4.6895,36.3788,189.861,-9.99,0.041,,,-9.99,,,,
20079001,1995.319269,31.719,64.203,,456,,452.335,17.2033,4.6885,36.3774,189.687,-9.99,0.043,,,-9.99,,,,
20079001,1995.319269,31.719,64.203,,458,,454.3167,17.1859,4.6864,36.3744,189.379,-9.99,0.046,,,-9.99,,,,
20079001,1995.319269,31.719,64.203,,460,,456.2984,17.173,4.6849,36.372,189.12,-9.99,0.049,,,-9.99,,,,
20079001,1995.319269,31.719,64.203,,462,,458.2801,17.1642,4.6839,36.3706,189.175,-9.99,0.046,,,-9.99,,,,
20079001,1995.319269,31.719,64.203,,464,,460.2618,17.1429,4.6814,36.3667,189.103,-9.99,0.046,,,-9.99,,,,
20079001,1995.319269,31.719,64.203,,466,,462.2435,17.1071,4.6771,36.3605,188.949,-9.99,0.049,,,-9.99,,,,
20079001,1995.319269,31.719,64.203,,468,,464.2251,17.0624,4.6717,36.353,188.662,-9.99,0.05,,,-9.99,,,,
20079001,1995.319269,31.719,64.203,,470,,466.2068,17.0497,4.6702,36.3503,188.1,-9.99,0.047,,,-9.99,,,,
20079001,1995.319269,31.719,64.203,,472,,468.1884,17.0096,4.6654,36.3437,187.884,-9.99,0.047,,,-9.99,,,,
20079001,1995.319269,31.719,64.203,,474,,470.1699,16.9891,4.6629,36.3401,187.745,-9.99,0.048,,,-9.99,,,,
20079001,1995.319269,31.719,64.203,,476,,472.1515,16.9632,4.6599,36.3356,187.269,-9.99,0.049,,,-9.99,,,,
20079001,1995.319269,31.719,64.203,,478,,474.1331,16.9342,4.6564,36.3304,186.956,-9.99,0.046,,,-9.99,,,,
20079001,1995.319269,31.719,64.203,,480,,476.1146,16.8986,4.6521,36.3244,186.682,-9.99,0.044,,,-9.99,,,,
20079001,1995.319269,31.719,64.203,,482,,478.0961,16.8478,4.646,36.3157,185.877,-9.99,0.042,,,-9.99,,,,
20079001,1995.319269,31.719,64.203,,484,,480.0776,16.8026,4.6406,36.3083,185.709,-9.99,0.042,,,-9.99,,,,
20079001,1995.319269,31.719,64.203,,486,,482.0591,16.7585,4.6353,36.3011,185.571,-9.99,0.044,,,-9.99,,,,
20079001,1995.319269,31.719,64.203,,488,,484.0405,16.7279,4.6317,36.2961,185.473,-9.99,0.045,,,-9.99,,,,
20079001,1995.319269,31.719,64.203,,490,,486.0219,16.7176,4.6306,36.2945,185.484,-9.99,0.045,,,-9.99,,,,
20079001,1995.319269,31.719,64.203,,492,,488.0034,16.6741,4.6254,36.2876,185.336,-9.99,0.044,,,-9.99,,,,
20079001,1995.319269,31.719,64.203,,494,,489.9848,16.6254,4.6196,36.2795,185.203,-9.99,0.047,,,-9.99,,,,
20079001,1995.319269,31.719,64.203,,496,,491.9661,16.6046,4.6171,36.2759,184.994,-9.99,0.049,,,-9.99,,,,
20079001,1995.319269,31.719,64.203,,498,,493.9475,16.5861,4.615,36.2728,184.718,-9.99,0.05,,,-9.99,,,,
20079001,1995.319269,31.719,64.203,,500,,495.9288,16.5679,4.6129,36.27,184.536,-9.99,0.05,,,-9.99,,,,
20079001,1995.319269,31.719,64.203,,502,,497.9101,16.5387,4.6095,36.2658,184.317,-9.99,0.048,,,-9.99,,,,
20079001,1995.319269,31.719,64.203,,504,,499.8914,16.5129,4.6065,36.262,184.253,-9.99,0.047,,,-9.99,,,,
20079001,1995.319269,31.719,64.203,,506,,501.8727,16.4876,4.6035,36.2575,184.193,-9.99,0.048,,,-9.99,,,,
20079001,1995.319269,31.719,64.203,,508,,503.854,16.4686,4.6012,36.254,184.03,-9.99,0.048,,,-9.99,,,,
20079001,1995.319269,31.719,64.203,,510,,505.8352,16.4587,4.6001,36.2523,183.976,-9.99,0.047,,,-9.99,,,,
20079001,1995.319269,31.719,64.203,,512,,507.8165,16.4408,4.598,36.2492,183.729,-9.99,0.046,,,-9.99,,,,
20079001,1995.319269,31.719,64.203,,514,,509.7977,16.4216,4.5958,36.2457,183.483,-9.99,0.047,,,-9.99,,,,
20079002,1995.319697,31.746,64.194,,,,6,,,,5.9582,20.7656,5.0944,36.8177,222.741,-9.99,0.085,,,-9.99
20079002,1995.319697,31.746,64.194,,,,8,,,,7.9443,20.7105,5.0883,36.8151,222.855,-9.99,0.084,,,-9.99
20079002,1995.319697,31.746,64.194,,,10,,,,9.9303,20.6532,5.0819,36.812,223.198,-9.99,0.089,,,-9.99,
20079002,1995.319697,31.746,64.194,,,12,,,11.9163,20.6118,5.0773,36.8101,223.4,-9.99,0.092,,,-9.99,,
20079002,1995.319697,31.746,64.194,,,14,,,13.9023,20.5893,5.0749,36.809,223.569,-9.99,0.095,,,-9.99,,
20079002,1995.319697,31.746,64.194,,,16,,,15.8883,20.5675,5.0725,36.808,223.6,-9.99,0.097,,,-9.99,,
20079002,1995.319697,31.746,64.194,,,18,,,17.8742,20.5639,5.0722,36.8075,223.306,-9.99,0.091,,,-9.99,,
20079002,1995.319697,31.746,64.194,,,20,,,19.8601,20.5583,5.0716,36.8071,223.605,-9.99,0.095,,,-9.99,,
20079002,1995.319697,31.746,64.194,,,22,,,21.846,20.5514,5.071,36.8068,223.814,-9.99,0.097,,,-9.99,,
20079002,1995.319697,31.746,64.194,,,24,,,23.8319,20.5466,5.0705,36.8065,223.881,-9.99,0.097,,,-9.99,,
20079002,1995.319697,31.746,64.194,,,26,,,25.8178,20.5383,5.0696,36.8057,223.822,-9.99,0.1,,,-9.99,,
20079002,1995.319697,31.746,64.194,,,28,,,27.8036,20.5305,5.0688,36.8048,223.732,-9.99,0.099,,,-9.99,,
20079002,1995.319697,31.746,64.194,,,30,,,29.7895,20.5262,5.0684,36.8049,223.781,-9.99,0.104,,,-9.99,,
20079002,1995.319697,31.746,64.194,,,32,,,31.7753,20.5217,5.0679,36.8043,223.481,-9.99,0.109,,,-9.99,,
20079002,1995.319697,31.746,64.194,,,34,,,33.7611,20.5209,5.0681,36.8053,224.058,-9.99,0.116,,,-9.99,,
20079002,1995.319697,31.746,64.194,,,36,,,35.7469,20.5112,5.067,36.8045,223.935,-9.99,0.118,,,-9.99,,
20079002,1995.319697,31.746,64.194,,,38,,,37.7326,20.4666,5.0617,36.799,223.869,-9.99,0.125,,,-9.99,,
20079002,1995.319697,31.746,64.194,,,40,,,39.7183,20.3729,5.0504,36.7872,224.339,-9.99,0.132,,,-9.99,,
20079002,1995.319697,31.746,64.194,,,42,,,41.7041,20.2291,5.0337,36.7749,224.999,-9.99,0.143,,,-9.99,,
20079002,1995.319697,31.746,64.194,,,44,,,43.6897,20.0423,5.0127,36.7642,225.695,-9.99,0.159,,,-9.99,,
20079002,1995.319697,31.746,64.194,,,46,,,45.6754,19.9538,5.0031,36.7622,225.947,-9.99,0.173,,,-9.99,,
20079002,1995.319697,31.746,64.194,,,48,,,47.6611,19.8896,4.9958,36.757,226.003,-9.99,0.194,,,-9.99,,
20079002,1995.319697,31.746,64.194,,,50,,,49.6467,19.811,4.9861,36.7448,226.139,-9.99,0.212,,,-9.99,,
20079002,1995.319697,31.746,64.194,,,52,,,51.6323,19.7274,4.9757,36.7313,226.404,-9.99,0.231,,,-9.99,,
20079002,1995.319697,31.746,64.194,,,54,,,53.6179,19.6212,4.9625,36.7143,226.585,-9.99,0.26,,,-9.99,,
20079002,1995.319697,31.746,64.194,,,56,,,55.6035,19.5426,4.9529,36.7022,226.676,-9.99,0.301,,,-9.99,,
20079002,1995.319697,31.746,64.194,,,58,,,57.5891,19.4673,4.9438,36.6925,226.512,-9.99,0.365,,,-9.99,,
20079002,1995.319697,31.746,64.194,,,60,,,59.5746,19.4487,4.9421,36.6934,226.749,-9.99,0.39,,,-9.99,,
20079002,1995.319697,31.746,64.194,,,62,,,61.5601,19.4104,4.938,36.6924,227.365,-9.99,0.426,,,-9.99,,
20079002,1995.319697,31.746,64.194,,,64,,,63.5456,19.3836,4.935,36.6905,227.898,-9.99,0.444,,,-9.99,,
20079002,1995.319697,31.746,64.194,,,66,,,65.5311,19.3173,4.9272,36.6828,228.865,-9.99,0.469,,,-9.99,,
20079002,1995.319697,31.746,64.194,,,68,,,67.5166,19.2623,4.9205,36.6745,229.442,-9.99,0.504,,,-9.99,,
20079002,1995.319697,31.746,64.194,,,70,,,69.502,19.1954,4.9125,36.6655,229.998,-9.99,0.527,,,-9.99,,
20079002,1995.319697,31.746,64.194,,,72,,,71.4875,19.1746,4.9104,36.6654,230.022,-9.99,0.55,,,-9.99,,
20079002,1995.319697,31.746,64.194,,,74,,,73.4729,19.1418,4.907,36.6654,230.103,-9.99,0.558,,,-9.99,,
20079002,1995.319697,31.746,64.194,,,76,,,75.4583,19.1257,4.9054,36.665,230.013,-9.99,0.581,,,-9.99,,
20079002,1995.319697,31.746,64.194,,,78,,,77.4436,19.1004,4.9027,36.6641,229.853,-9.99,0.624,,,-9.99,,
20079002,1995.319697,31.746,64.194,,,80,,,79.429,19.0857,4.9009,36.6614,229.499,-9.99,0.618,,,-9.99,,
20079002,1995.319697,31.746,64.194,,,82,,,81.4143,19.0721,4.8996,36.6613,229.236,-9.99,0.636,,,-9.99,,
20079002,1995.319697,31.746,64.194,,,84,,,83.3996,19.0648,4.899,36.6619,228.841,-9.99,0.657,,,-9.99,,
20079002,1995.319697,31.746,64.194,,,86,,,85.3849,19.0612,4.8988,36.6627,228.441,-9.99,0.671,,,-9.99,,
20079002,1995.319697,31.746,64.194,,,88,,,87.3702,19.0575,4.8986,36.6638,228.014,-9.99,0.67,,,-9.99,,
20079002,1995.319697,31.746,64.194,,,90,,,89.3554,19.0533,4.8983,36.6645,227.531,-9.99,0.712,,,-9.99,,
20079002,1995.319697,31.746,64.194,,,92,,,91.3407,19.0528,4.8984,36.6646,227.338,-9.99,0.743,,,-9.99,,
20079002,1995.319697,31.746,64.194,,,94,,,93.3259,19.049,4.8981,36.6648,226.752,-9.99,0.788,,,-9.99,,
20079002,1995.319697,31.746,64.194,,,96,,,95.3111,19.0402,4.8972,36.6638,226.573,-9.99,0.755,,,-9.99,,
20079002,1995.319697,31.746,64.194,,,98,,,97.2962,19.0348,4.8966,36.6631,226.287,-9.99,0.691,,,-9.99,,
20079002,1995.319697,31.746,64.194,,100,,,99.2814,19.0328,4.8965,36.663,226.01,-9.99,0.568,,,-9.99,,,
20079002,1995.319697,31.746,64.194,,102,,101.2665,19.0325,4.8965,36.6629,225.942,-9.99,0.508,,,-9.99,,,,
20079002,1995.319697,31.746,64.194,,104,,103.2517,19.0322,4.8966,36.6628,225.993,-9.99,0.502,,,-9.99,,,,
20079002,1995.319697,31.746,64.194,,106,,105.2368,19.0297,4.8963,36.6624,225.877,-9.99,0.581,,,-9.99,,,,
20079002,1995.319697,31.746,64.194,,108,,107.2218,19.0256,4.8959,36.6617,225.7,-9.99,0.667,,,-9.99,,,,
20079002,1995.319697,31.746,64.194,,110,,109.2069,19.0233,4.8958,36.6616,225.558,-9.99,0.596,,,-9.99,,,,
20079002,1995.319697,31.746,64.194,,112,,111.1919,19.0232,4.8959,36.6621,225.292,-9.99,0.504,,,-9.99,,,,
20079002,1995.319697,31.746,64.194,,114,,113.177,19.0236,4.8961,36.6624,225.099,-9.99,0.452,,,-9.99,,,,
20079002,1995.319697,31.746,64.194,,116,,115.162,19.0237,4.8962,36.6624,224.898,-9.99,0.432,,,-9.99,,,,
20079002,1995.319697,31.746,64.194,,118,,117.1469,19.0238,4.8963,36.6624,224.702,-9.99,0.414,,,-9.99,,,,
20079002,1995.319697,31.746,64.194,,120,,119.1319,19.024,4.8964,36.6624,224.529,-9.99,0.395,,,-9.99,,,,
20079002,1995.319697,31.746,64.194,,122,,121.1169,19.0246,4.8966,36.6629,224.228,-9.99,0.361,,,-9.99,,,,
20079002,1995.319697,31.746,64.194,,124,,123.1018,19.0232,4.8965,36.6628,224.106,-9.99,0.34,,,-9.99,,,,
20079002,1995.319697,31.746,64.194,,126,,125.0867,19.0213,4.8964,36.6627,223.986,-9.99,0.316,,,-9.99,,,,
20079002,1995.319697,31.746,64.194,,128,,127.0716,19.0175,4.896,36.6619,223.83,-9.99,0.292,,,-9.99,,,,
20079002,1995.319697,31.746,64.194,,130,,129.0564,19.008,4.8948,36.6596,223.366,-9.99,0.263,,,-9.99,,,,
20079002,1995.319697,31.746,64.194,,132,,131.0413,19.0034,4.8942,36.6581,223.11,-9.99,0.26,,,-9.99,,,,
20079002,1995.319697,31.746,64.194,,134,,133.0261,18.9907,4.8926,36.6549,222.366,-9.99,0.232,,,-9.99,,,,
20079002,1995.319697,31.746,64.194,,136,,135.0109,18.9852,4.892,36.6538,222.246,-9.99,0.231,,,-9.99,,,,
20079002,1995.319697,31.746,64.194,,138,,136.9957,18.9746,4.8907,36.6516,221.819,-9.99,0.208,,,-9.99,,,,
20079002,1995.319697,31.746,64.194,,140,,138.9805,18.9547,4.8882,36.6477,221.415,-9.99,0.189,,,-9.99,,,,
20079002,1995.319697,31.746,64.194,,142,,140.9652,18.9431,4.8868,36.6452,221.158,-9.99,0.187,,,-9.99,,,,
20079002,1995.319697,31.746,64.194,,144,,142.95,18.933,4.8856,36.6435,220.826,-9.99,0.178,,,-9.99,,,,
20079002,1995.319697,31.746,64.194,,146,,144.9347,18.9214,4.8843,36.6418,220.543,-9.99,0.161,,,-9.99,,,,
20079002,1995.319697,31.746,64.194,,148,,146.9194,18.9088,4.8827,36.6386,220.319,-9.99,0.158,,,-9.99,,,,
20079002,1995.319697,31.746,64.194,,150,,148.9041,18.9018,4.8819,36.6369,219.958,-9.99,0.164,,,-9.99,,,,
20079002,1995.319697,31.746,64.194,,152,,150.8887,18.8969,4.8814,36.6362,219.955,-9.99,0.166,,,-9.99,,,,
20079002,1995.319697,31.746,64.194,,154,,152.8734,18.8937,4.881,36.6357,219.891,-9.99,0.16,,,-9.99,,,,
20079002,1995.319697,31.746,64.194,,156,,154.858,18.8915,4.8809,36.6353,219.795,-9.99,0.15,,,-9.99,,,,
20079002,1995.319697,31.746,64.194,,158,,156.8426,18.8912,4.8809,36.6355,219.788,-9.99,0.143,,,-9.99,,,,
20079002,1995.319697,31.746,64.194,,160,,158.8272,18.8898,4.8809,36.636,219.744,-9.99,0.14,,,-9.99,,,,
20079002,1995.319697,31.746,64.194,,162,,160.8117,18.8835,4.8802,36.6343,219.588,-9.99,0.135,,,-9.99,,,,
20079002,1995.319697,31.746,64.194,,164,,162.7963,18.8726,4.8788,36.6318,219.533,-9.99,0.126,,,-9.99,,,,
20079002,1995.319697,31.746,64.194,,166,,164.7808,18.8619,4.8775,36.6295,219.284,-9.99,0.121,,,-9.99,,,,
20079002,1995.319697,31.746,64.194,,168,,166.7653,18.8551,4.8767,36.6279,219.054,-9.99,0.115,,,-9.99,,,,
20079002,1995.319697,31.746,64.194,,170,,168.7498,18.8525,4.8764,36.6273,219.007,-9.99,0.107,,,-9.99,,,,
20079002,1995.319697,31.746,64.194,,172,,170.7342,18.8534,4.8767,36.6279,218.909,-9.99,0.105,,,-9.99,,,,
20079002,1995.319697,31.746,64.194,,174,,172.7187,18.852,4.8766,36.6278,218.813,-9.99,0.108,,,-9.99,,,,
20079002,1995.319697,31.746,64.194,,176,,174.7031,18.8463,4.876,36.6266,218.749,-9.99,0.109,,,-9.99,,,,
20079002,1995.319697,31.746,64.194,,178,,176.6875,18.8422,4.8755,36.6257,218.691,-9.99,0.108,,,-9.99,,,,
20079002,1995.319697,31.746,64.194,,180,,178.6719,18.8373,4.875,36.6248,218.534,-9.99,0.103,,,-9.99,,,,
20079002,1995.319697,31.746,64.194,,182,,180.6563,18.8326,4.8745,36.624,218.422,-9.99,0.095,,,-9.99,,,,
20079002,1995.319697,31.746,64.194,,184,,182.6406,18.8195,4.873,36.6219,217.781,-9.99,0.085,,,-9.99,,,,
20079002,1995.319697,31.746,64.194,,186,,184.625,18.8135,4.8723,36.6211,217.423,-9.99,0.075,,,-9.99,,,,
20079002,1995.319697,31.746,64.194,,188,,186.6093,18.8124,4.8723,36.6209,217.445,-9.99,0.07,,,-9.99,,,,
20079002,1995.319697,31.746,64.194,,190,,188.5936,18.8115,4.8723,36.6207,217.482,-9.99,0.065,,,-9.99,,,,
20079002,1995.319697,31.746,64.194,,192,,190.5778,18.8099,4.8721,36.6202,217.335,-9.99,0.063,,,-9.99,,,,
20079002,1995.319697,31.746,64.194,,194,,192.5621,18.8076,4.8719,36.6198,217.011,-9.99,0.065,,,-9.99,,,,
20079002,1995.319697,31.746,64.194,,196,,194.5463,18.8021,4.8714,36.6193,217.041,-9.99,0.062,,,-9.99,,,,
20079002,1995.319697,31.746,64.194,,198,,196.5305,18.8042,4.8719,36.6207,217.107,-9.99,0.061,,,-9.99,,,,
20079002,1995.319697,31.746,64.194,,200,,198.5147,18.8069,4.8725,36.6228,217.092,-9.99,0.059,,,-9.99,,,,
20079002,1995.319697,31.746,64.194,,202,,200.4989,18.8095,4.873,36.6245,217.135,-9.99,0.058,,,-9.99,,,,
20079002,1995.319697,31.746,64.194,,204,,202.4831,18.8088,4.8731,36.6251,217.096,-9.99,0.058,,,-9.99,,,,
20079002,1995.319697,31.746,64.194,,206,,204.4672,18.8072,4.8731,36.6253,217.105,-9.99,0.057,,,-9.99,,,,
20079002,1995.319697,31.746,64.194,,208,,206.4513,18.8052,4.873,36.6256,216.83,-9.99,0.055,,,-9.99,,,,
20079002,1995.319697,31.746,64.194,,210,,208.4354,18.8045,4.873,36.6258,216.713,-9.99,0.052,,,-9.99,,,,
20079002,1995.319697,31.746,64.194,,212,,210.4195,18.804,4.873,36.6256,216.755,-9.99,0.049,,,-9.99,,,,
20079002,1995.319697,31.746,64.194,,214,,212.4036,18.8018,4.8729,36.6255,216.722,-9.99,0.045,,,-9.99,,,,
20079002,1995.319697,31.746,64.194,,216,,214.3876,18.7991,4.8726,36.625,216.684,-9.99,0.045,,,-9.99,,,,
20079002,1995.319697,31.746,64.194,,218,,216.3716,18.7939,4.8721,36.6245,216.496,-9.99,0.046,,,-9.99,,,,
20079002,1995.319697,31.746,64.194,,220,,218.3556,18.7853,4.8712,36.6238,216.266,-9.99,0.042,,,-9.99,,,,
20079002,1995.319697,31.746,64.194,,222,,220.3396,18.7768,4.8703,36.623,216.246,-9.99,0.043,,,-9.99,,,,
20079002,1995.319697,31.746,64.194,,224,,222.3236,18.774,4.8701,36.6225,216.061,-9.99,0.043,,,-9.99,,,,
20079002,1995.319697,31.746,64.194,,226,,224.3075,18.7718,4.8699,36.6221,215.824,-9.99,0.04,,,-9.99,,,,
20079002,1995.319697,31.746,64.194,,228,,226.2915,18.7703,4.8698,36.6219,215.347,-9.99,0.043,,,-9.99,,,,
20079002,1995.319697,31.746,64.194,,230,,228.2754,18.7547,4.8678,36.6185,213.221,-9.99,0.044,,,-9.99,,,,
20079002,1995.319697,31.746,64.194,,232,,230.2593,18.7419,4.8663,36.6156,211.253,-9.99,0.048,,,-9.99,,,,
20079002,1995.319697,31.746,64.194,,234,,232.2431,18.73,4.8648,36.6128,208.42,-9.99,0.05,,,-9.99,,,,
20079002,1995.319697,31.746,64.194,,236,,234.227,18.7102,4.8623,36.6091,206.285,-9.99,0.05,,,-9.99,,,,
20079002,1995.319697,31.746,64.194,,238,,236.2108,18.679,4.8586,36.6042,205.101,-9.99,0.051,,,-9.99,,,,
20079002,1995.319697,31.746,64.194,,240,,238.1946,18.6547,4.8557,36.6006,204.249,-9.99,0.052,,,-9.99,,,,
20079002,1995.319697,31.746,64.194,,242,,240.1784,18.6374,4.8536,36.5974,204.093,-9.99,0.052,,,-9.99,,,,
20079002,1995.319697,31.746,64.194,,244,,242.1622,18.605,4.8495,36.591,204.186,-9.99,0.052,,,-9.99,,,,
20079002,1995.319697,31.746,64.194,,246,,244.146,18.57,4.8452,36.5844,204.658,-9.99,0.052,,,-9.99,,,,
20079002,1995.319697,31.746,64.194,,248,,246.1297,18.5571,4.8437,36.5825,204.705,-9.99,0.05,,,-9.99,,,,
20079002,1995.319697,31.746,64.194,,250,,248.1134,18.5533,4.8434,36.5822,204.581,-9.99,0.049,,,-9.99,,,,
20079002,1995.319697,31.746,64.194,,252,,250.0971,18.5515,4.8433,36.5822,204.277,-9.99,0.048,,,-9.99,,,,
20079002,1995.319697,31.746,64.194,,254,,252.0808,18.5512,4.8434,36.5827,203.792,-9.99,0.048,,,-9.99,,,,
20079002,1995.319697,31.746,64.194,,256,,254.0644,18.5388,4.8421,36.5818,203.293,-9.99,0.047,,,-9.99,,,,
20079002,1995.319697,31.746,64.194,,258,,256.0481,18.5204,4.84,36.5795,203.257,-9.99,0.045,,,-9.99,,,,
20079002,1995.319697,31.746,64.194,,260,,258.0317,18.506,4.8384,36.5778,203.556,-9.99,0.045,,,-9.99,,,,
20079002,1995.319697,31.746,64.194,,262,,260.0153,18.4994,4.8377,36.5772,203.829,-9.99,0.042,,,-9.99,,,,
20079002,1995.319697,31.746,64.194,,264,,261.9989,18.4941,4.8373,36.5776,203.571,-9.99,0.042,,,-9.99,,,,
20079002,1995.319697,31.746,64.194,,266,,263.9825,18.4885,4.8368,36.5779,203.33,-9.99,0.043,,,-9.99,,,,
20079002,1995.319697,31.746,64.194,,268,,265.966,18.4809,4.8361,36.5778,203.005,-9.99,0.044,,,-9.99,,,,
20079002,1995.319697,31.746,64.194,,270,,267.9495,18.4756,4.8356,36.5773,202.792,-9.99,0.045,,,-9.99,,,,
20079002,1995.319697,31.746,64.194,,272,,269.933,18.4661,4.8345,36.5761,202.786,-9.99,0.046,,,-9.99,,,,
20079002,1995.319697,31.746,64.194,,274,,271.9165,18.4582,4.8336,36.5747,203.373,-9.99,0.048,,,-9.99,,,,
20079002,1995.319697,31.746,64.194,,276,,273.9,18.441,4.8315,36.5716,204.124,-9.99,0.044,,,-9.99,,,,
20079002,1995.319697,31.746,64.194,,278,,275.8834,18.4243,4.8295,36.5682,204.782,-9.99,0.043,,,-9.99,,,,
20079002,1995.319697,31.746,64.194,,280,,277.8669,18.4157,4.8285,36.5666,204.635,-9.99,0.049,,,-9.99,,,,
20079002,1995.319697,31.746,64.194,,282,,279.8503,18.4133,4.8283,36.5665,204.218,-9.99,0.054,,,-9.99,,,,
20079002,1995.319697,31.746,64.194,,284,,281.8337,18.4104,4.828,36.566,203.896,-9.99,0.047,,,-9.99,,,,
20079002,1995.319697,31.746,64.194,,286,,283.817,18.4048,4.8275,36.5654,203.916,-9.99,0.045,,,-9.99,,,,
20079002,1995.319697,31.746,64.194,,288,,285.8004,18.3908,4.8259,36.5638,204.074,-9.99,0.043,,,-9.99,,,,
20079002,1995.319697,31.746,64.194,,290,,287.7837,18.3684,4.8233,36.5609,204.43,-9.99,0.043,,,-9.99,,,,
20079002,1995.319697,31.746,64.194,,292,,289.7671,18.3561,4.8219,36.5593,204.359,-9.99,0.042,,,-9.99,,,,
20079002,1995.319697,31.746,64.194,,294,,291.7503,18.3482,4.8211,36.5584,204.104,-9.99,0.041,,,-9.99,,,,
20079002,1995.319697,31.746,64.194,,296,,293.7336,18.3407,4.8203,36.5577,204.088,-9.99,0.04,,,-9.99,,,,
20079002,1995.319697,31.746,64.194,,298,,295.7169,18.3372,4.82,36.5574,204.187,-9.99,0.039,,,-9.99,,,,
20079002,1995.319697,31.746,64.194,,300,,297.7001,18.3372,4.8201,36.5577,204.15,-9.99,0.044,,,-9.99,,,,
20079002,1995.319697,31.746,64.194,,302,,299.6833,18.3361,4.8201,36.5576,204.078,-9.99,0.044,,,-9.99,,,,
20079002,1995.319697,31.746,64.194,,304,,301.6665,18.3332,4.8199,36.5575,203.951,-9.99,0.042,,,-9.99,,,,
20079002,1995.319697,31.746,64.194,,306,,303.6497,18.3155,4.818,36.5561,203.793,-9.99,0.041,,,-9.99,,,,
20079002,1995.319697,31.746,64.194,,308,,305.6329,18.2987,4.8161,36.5546,203.647,-9.99,0.04,,,-9.99,,,,
20079002,1995.319697,31.746,64.194,,310,,307.616,18.2875,4.8149,36.5534,203.289,-9.99,0.039,,,-9.99,,,,
20079002,1995.319697,31.746,64.194,,312,,309.5992,18.2719,4.8131,36.5514,202.793,-9.99,0.039,,,-9.99,,,,
20079002,1995.319697,31.746,64.194,,314,,311.5823,18.2629,4.8121,36.5501,202.624,-9.99,0.038,,,-9.99,,,,
20079002,1995.319697,31.746,64.194,,316,,313.5653,18.2555,4.8113,36.5491,202.467,-9.99,0.038,,,-9.99,,,,
20079002,1995.319697,31.746,64.194,,318,,315.5484,18.2456,4.8103,36.548,202.301,-9.99,0.038,,,-9.99,,,,
20079002,1995.319697,31.746,64.194,,320,,317.5315,18.2319,4.8087,36.5464,202.284,-9.99,0.038,,,-9.99,,,,
20079002,1995.319697,31.746,64.194,,322,,319.5145,18.2252,4.808,36.5455,202.102,-9.99,0.04,,,-9.99,,,,
20079002,1995.319697,31.746,64.194,,324,,321.4975,18.221,4.8076,36.545,202.065,-9.99,0.042,,,-9.99,,,,
20079002,1995.319697,31.746,64.194,,326,,323.4805,18.2157,4.8071,36.5443,202.042,-9.99,0.042,,,-9.99,,,,
20079002,1995.319697,31.746,64.194,,328,,325.4635,18.2079,4.8062,36.5433,201.936,-9.99,0.041,,,-9.99,,,,
20079002,1995.319697,31.746,64.194,,330,,327.4464,18.1973,4.805,36.542,201.772,-9.99,0.041,,,-9.99,,,,
20079002,1995.319697,31.746,64.194,,332,,329.4294,18.1913,4.8044,36.5413,201.813,-9.99,0.04,,,-9.99,,,,
20079002,1995.319697,31.746,64.194,,334,,331.4123,18.1871,4.804,36.5408,201.893,-9.99,0.039,,,-9.99,,,,
20079002,1995.319697,31.746,64.194,,336,,333.3952,18.1806,4.8033,36.54,201.929,-9.99,0.039,,,-9.99,,,,
20079002,1995.319697,31.746,64.194,,338,,335.378,18.172,4.8024,36.5388,201.825,-9.99,0.039,,,-9.99,,,,
20079002,1995.319697,31.746,64.194,,340,,337.3609,18.162,4.8013,36.5375,201.686,-9.99,0.041,,,-9.99,,,,
20079002,1995.319697,31.746,64.194,,342,,339.3437,18.1495,4.7999,36.5359,201.483,-9.99,0.041,,,-9.99,,,,
20079002,1995.319697,31.746,64.194,,344,,341.3266,18.1374,4.7985,36.5343,201.365,-9.99,0.042,,,-9.99,,,,
20079002,1995.319697,31.746,64.194,,346,,343.3094,18.1315,4.7979,36.5336,201.254,-9.99,0.042,,,-9.99,,,,
20079002,1995.319697,31.746,64.194,,348,,345.2921,18.1234,4.797,36.5324,201.202,-9.99,0.043,,,-9.99,,,,
20079002,1995.319697,31.746,64.194,,350,,347.2749,18.1132,4.7959,36.5311,201.271,-9.99,0.044,,,-9.99,,,,
20079002,1995.319697,31.746,64.194,,352,,349.2576,18.1036,4.7949,36.5299,201.141,-9.99,0.044,,,-9.99,,,,
20079002,1995.319697,31.746,64.194,,354,,351.2404,18.0951,4.7939,36.5287,201.228,-9.99,0.045,,,-9.99,,,,
20079002,1995.319697,31.746,64.194,,356,,353.2231,18.0861,4.7929,36.5275,201.175,-9.99,0.043,,,-9.99,,,,
20079002,1995.319697,31.746,64.194,,358,,355.2058,18.0796,4.7922,36.5266,200.752,-9.99,0.04,,,-9.99,,,,
20079002,1995.319697,31.746,64.194,,360,,357.1884,18.0691,4.7911,36.5251,200.554,-9.99,0.042,,,-9.99,,,,
20079002,1995.319697,31.746,64.194,,362,,359.1711,18.0577,4.7898,36.5235,200.452,-9.99,0.045,,,-9.99,,,,
20079002,1995.319697,31.746,64.194,,364,,361.1537,18.0492,4.7888,36.522,200.565,-9.99,0.043,,,-9.99,,,,
20079002,1995.319697,31.746,64.194,,366,,363.1363,18.0408,4.7879,36.5209,200.497,-9.99,0.041,,,-9.99,,,,
20079002,1995.319697,31.746,64.194,,368,,365.1189,18.0281,4.7864,36.5189,200.264,-9.99,0.04,,,-9.99,,,,
20079002,1995.319697,31.746,64.194,,370,,367.1015,18.0234,4.7859,36.5181,200.093,-9.99,0.042,,,-9.99,,,,
20079002,1995.319697,31.746,64.194,,372,,369.084,18.0158,4.7851,36.517,199.938,-9.99,0.045,,,-9.99,,,,
20079002,1995.319697,31.746,64.194,,374,,371.0665,18.0116,4.7847,36.5163,200.052,-9.99,0.044,,,-9.99,,,,
20079002,1995.319697,31.746,64.194,,376,,373.0491,17.9962,4.7829,36.514,200.083,-9.99,0.043,,,-9.99,,,,
20079002,1995.319697,31.746,64.194,,378,,375.0316,17.9775,4.7807,36.5111,199.69,-9.99,0.042,,,-9.99,,,,
20079002,1995.319697,31.746,64.194,,380,,377.014,17.9666,4.7794,36.5093,199.473,-9.99,0.041,,,-9.99,,,,
20079002,1995.319697,31.746,64.194,,382,,378.9965,17.9593,4.7786,36.5082,199.275,-9.99,0.038,,,-9.99,,,,
20079002,1995.319697,31.746,64.194,,384,,380.9789,17.9566,4.7784,36.5078,199.056,-9.99,0.039,,,-9.99,,,,
20079002,1995.319697,31.746,64.194,,386,,382.9613,17.9543,4.7782,36.5076,198.869,-9.99,0.039,,,-9.99,,,,
20079002,1995.319697,31.746,64.194,,388,,384.9437,17.9505,4.7778,36.5069,198.74,-9.99,0.04,,,-9.99,,,,
20079002,1995.319697,31.746,64.194,,390,,386.9261,17.9392,4.7765,36.5049,198.629,-9.99,0.04,,,-9.99,,,,
20079002,1995.319697,31.746,64.194,,392,,388.9085,17.923,4.7746,36.502,198.359,-9.99,0.04,,,-9.99,,,,
20079002,1995.319697,31.746,64.194,,394,,390.8908,17.9088,4.7729,36.4995,198.149,-9.99,0.041,,,-9.99,,,,
20079002,1995.319697,31.746,64.194,,396,,392.8731,17.8891,4.7706,36.4961,197.95,-9.99,0.043,,,-9.99,,,,
20079002,1995.319697,31.746,64.194,,398,,394.8555,17.8735,4.7687,36.4935,197.769,-9.99,0.043,,,-9.99,,,,
20079002,1995.319697,31.746,64.194,,400,,396.8377,17.854,4.7664,36.4901,197.675,-9.99,0.045,,,-9.99,,,,
20079002,1995.319697,31.746,64.194,,402,,398.82,17.8328,4.7639,36.4867,197.454,-9.99,0.043,,,-9.99,,,,
20079002,1995.319697,31.746,64.194,,404,,400.8023,17.8136,4.7616,36.4836,197.086,-9.99,0.041,,,-9.99,,,,
20079003,1995.319749,31.752,64.195,,,10,,,,9.9303,20.6115,5.0773,36.8108,217.304,-9.99,0.094,,,-9.99,
20079003,1995.319749,31.752,64.195,,,12,,,11.9163,20.5967,5.0757,36.8102,217.433,-9.99,0.095,,,-9.99,,
20079003,1995.319749,31.752,64.195,,,14,,,13.9023,20.5849,5.0745,36.8097,217.562,-9.99,0.095,,,-9.99,,
20079003,1995.319749,31.752,64.195,,,16,,,15.8883,20.5753,5.0735,36.8094,217.732,-9.99,0.093,,,-9.99,,
20079003,1995.319749,31.752,64.195,,,18,,,17.8742,20.5664,5.0726,36.8087,217.862,-9.99,0.091,,,-9.99,,
20079003,1995.319749,31.752,64.195,,,20,,,19.8601,20.5623,5.0722,36.8085,217.798,-9.99,0.091,,,-9.99,,
20079003,1995.319749,31.752,64.195,,,22,,,21.846,20.557,5.0717,36.8081,217.788,-9.99,0.095,,,-9.99,,
20079003,1995.319749,31.752,64.195,,,24,,,23.8319,20.5508,5.0711,36.8076,217.957,-9.99,0.105,,,-9.99,,
20079003,1995.319749,31.752,64.195,,,26,,,25.8178,20.5445,5.0705,36.8072,218.413,-9.99,0.113,,,-9.99,,
20079003,1995.319749,31.752,64.195,,,28,,,27.8036,20.5435,5.0705,36.8079,218.379,-9.99,0.114,,,-9.99,,
20079003,1995.319749,31.752,64.195,,,30,,,29.7895,20.5412,5.0704,36.8083,218.272,-9.99,0.114,,,-9.99,,
20079003,1995.319749,31.752,64.195,,,32,,,31.7753,20.5393,5.0704,36.8087,218.594,-9.99,0.11,,,-9.99,,
20079003,1995.319749,31.752,64.195,,,34,,,33.7611,20.5338,5.0698,36.8082,218.445,-9.99,0.112,,,-9.99,,
20079003,1995.319749,31.752,64.195,,,36,,,35.7468,20.5258,5.0689,36.8073,218.676,-9.99,0.115,,,-9.99,,
20079003,1995.319749,31.752,64.195,,,38,,,37.7326,20.5059,5.0666,36.8047,218.898,-9.99,0.121,,,-9.99,,
20079003,1995.319749,31.752,64.195,,,40,,,39.7183,20.4288,5.0573,36.7955,219.28,-9.99,0.126,,,-9.99,,
20079003,1995.319749,31.752,64.195,,,42,,,41.704,20.2772,5.0397,36.782,219.957,-9.99,0.133,,,-9.99,,
20079003,1995.319749,31.752,64.195,,,44,,,43.6897,20.1492,5.0251,36.7734,220.467,-9.99,0.142,,,-9.99,,
20079003,1995.319749,31.752,64.195,,,46,,,45.6754,20.0738,5.0168,36.7702,220.732,-9.99,0.151,,,-9.99,,
20079003,1995.319749,31.752,64.195,,,48,,,47.6611,19.9495,5.0029,36.7633,221.269,-9.99,0.166,,,-9.99,,
20079003,1995.319749,31.752,64.195,,,50,,,49.6467,19.9221,4.9999,36.7615,221.292,-9.99,0.179,,,-9.99,,
20079003,1995.319749,31.752,64.195,,,52,,,51.6323,19.852,4.9913,36.7512,221.543,-9.99,0.2,,,-9.99,,
20079003,1995.319749,31.752,64.195,,,54,,,53.6179,19.78,4.9823,36.7394,221.988,-9.99,0.214,,,-9.99,,
20079003,1995.319749,31.752,64.195,,,56,,,55.6035,19.6384,4.9647,36.7168,222.678,-9.99,0.239,,,-9.99,,
20079003,1995.319749,31.752,64.195,,,58,,,57.589,19.5681,4.9562,36.7067,222.095,-9.99,0.281,,,-9.99,,
20079003,1995.319749,31.752,64.195,,,60,,,59.5746,19.5325,4.9519,36.7016,222.15,-9.99,0.305,,,-9.99,,
20079003,1995.319749,31.752,64.195,,,62,,,61.5601,19.4709,4.9446,36.6938,222.172,-9.99,0.364,,,-9.99,,
20079003,1995.319749,31.752,64.195,,,64,,,63.5456,19.4571,4.9432,36.694,222.463,-9.99,0.409,,,-9.99,,
20079003,1995.319749,31.752,64.195,,,66,,,65.5311,19.4433,4.9421,36.6958,222.947,-9.99,0.434,,,-9.99,,
20079003,1995.319749,31.752,64.195,,,68,,,67.5166,19.4323,4.9411,36.6969,223.425,-9.99,0.447,,,-9.99,,
20079003,1995.319749,31.752,64.195,,,70,,,69.502,19.3495,4.9312,36.686,224.382,-9.99,0.456,,,-9.99,,
20079003,1995.319749,31.752,64.195,,,72,,,71.4874,19.2782,4.9226,36.6765,225.105,-9.99,0.468,,,-9.99,,
20079003,1995.319749,31.752,64.195,,,74,,,73.4728,19.1769,4.9106,36.6641,226.196,-9.99,0.502,,,-9.99,,
20079003,1995.319749,31.752,64.195,,,76,,,75.4582,19.1763,4.9108,36.6656,226.006,-9.99,0.518,,,-9.99,,
20079003,1995.319749,31.752,64.195,,,78,,,77.4436,19.1544,4.9086,36.6658,225.945,-9.99,0.535,,,-9.99,,
20079003,1995.319749,31.752,64.195,,,80,,,79.4289,19.1375,4.9069,36.6659,225.823,-9.99,0.553,,,-9.99,,
20079003,1995.319749,31.752,64.195,,,82,,,81.4143,19.115,4.9047,36.6664,225.654,-9.99,0.581,,,-9.99,,
20079003,1995.319749,31.752,64.195,,,84,,,83.3996,19.0952,4.9026,36.6653,225.537,-9.99,0.625,,,-9.99,,
20079003,1995.319749,31.752,64.195,,,86,,,85.3849,19.0862,4.9017,36.6651,225.48,-9.99,0.651,,,-9.99,,
20079003,1995.319749,31.752,64.195,,,88,,,87.3701,19.0741,4.9004,36.6645,225.239,-9.99,0.696,,,-9.99,,
20079003,1995.319749,31.752,64.195,,,90,,,89.3554,19.0683,4.8999,36.6642,225.089,-9.99,0.781,,,-9.99,,
20079003,1995.319749,31.752,64.195,,,92,,,91.3406,19.0619,4.8993,36.6639,225.147,-9.99,0.831,,,-9.99,,
20079003,1995.319749,31.752,64.195,,,94,,,93.3258,19.0592,4.8991,36.6639,224.881,-9.99,0.822,,,-9.99,,
20079003,1995.319749,31.752,64.195,,,96,,,95.311,19.0528,4.8985,36.6638,224.023,-9.99,0.743,,,-9.99,,
20079003,1995.319749,31.752,64.195,,,98,,,97.2962,19.0452,4.8977,36.6636,223.622,-9.99,0.656,,,-9.99,,
20079003,1995.319749,31.752,64.195,,100,,,99.2814,19.0443,4.8978,36.664,223.189,-9.99,0.617,,,-9.99,,,
20079003,1995.319749,31.752,64.195,,102,,101.2665,19.0388,4.8972,36.6632,223.069,-9.99,0.735,,,-9.99,,,,
20079003,1995.319749,31.752,64.195,,104,,103.2516,19.0328,4.8965,36.6618,222.969,-9.99,0.795,,,-9.99,,,,
20079003,1995.319749,31.752,64.195,,106,,105.2367,19.0334,4.8967,36.6625,222.595,-9.99,0.674,,,-9.99,,,,
20079003,1995.319749,31.752,64.195,,108,,107.2218,19.0332,4.8969,36.6629,222.38,-9.99,0.533,,,-9.99,,,,
20079003,1995.319749,31.752,64.195,,110,,109.2068,19.0318,4.8968,36.6626,222.386,-9.99,0.5,,,-9.99,,,,
20079003,1995.319749,31.752,64.195,,112,,111.1919,19.0305,4.8967,36.6624,222.322,-9.99,0.489,,,-9.99,,,,
20079003,1995.319749,31.752,64.195,,114,,113.1769,19.0294,4.8967,36.6623,222.258,-9.99,0.488,,,-9.99,,,,
20079003,1995.319749,31.752,64.195,,116,,115.1619,19.0289,4.8967,36.6624,222.206,-9.99,0.513,,,-9.99,,,,
20079003,1995.319749,31.752,64.195,,118,,117.1469,19.0275,4.8966,36.6622,222.092,-9.99,0.478,,,-9.99,,,,
20079003,1995.319749,31.752,64.195,,120,,119.1318,19.0263,4.8966,36.662,221.997,-9.99,0.421,,,-9.99,,,,
20079003,1995.319749,31.752,64.195,,122,,121.1168,19.0244,4.8964,36.6616,221.725,-9.99,0.37,,,-9.99,,,,
20079003,1995.319749,31.752,64.195,,124,,123.1017,19.0229,4.8963,36.6611,221.417,-9.99,0.368,,,-9.99,,,,
20079003,1995.319749,31.752,64.195,,126,,125.0866,19.0168,4.8955,36.6595,220.855,-9.99,0.328,,,-9.99,,,,
20079003,1995.319749,31.752,64.195,,128,,127.0715,19.0154,4.8954,36.6592,220.868,-9.99,0.313,,,-9.99,,,,
20079003,1995.319749,31.752,64.195,,130,,129.0564,19.0139,4.8954,36.6591,220.709,-9.99,0.268,,,-9.99,,,,
20079003,1995.319749,31.752,64.195,,132,,131.0412,19.0157,4.8958,36.66,220.646,-9.99,0.251,,,-9.99,,,,
20079003,1995.319749,31.752,64.195,,134,,133.0261,19.0037,4.8943,36.6573,220.374,-9.99,0.28,,,-9.99,,,,
20079003,1995.319749,31.752,64.195,,136,,135.0109,18.9918,4.8928,36.6546,220.096,-9.99,0.285,,,-9.99,,,,
20079003,1995.319749,31.752,64.195,,138,,136.9957,18.9794,4.8913,36.652,219.676,-9.99,0.248,,,-9.99,,,,
20079003,1995.319749,31.752,64.195,,140,,138.9804,18.9729,4.8905,36.6507,219.478,-9.99,0.228,,,-9.99,,,,
20079003,1995.319749,31.752,64.195,,142,,140.9652,18.9655,4.8897,36.6493,219.21,-9.99,0.218,,,-9.99,,,,
20079003,1995.319749,31.752,64.195,,144,,142.9499,18.9542,4.8883,36.6471,218.779,-9.99,0.203,,,-9.99,,,,
20079003,1995.319749,31.752,64.195,,146,,144.9346,18.9465,4.8875,36.646,218.474,-9.99,0.179,,,-9.99,,,,
20079003,1995.319749,31.752,64.195,,148,,146.9193,18.936,4.8862,36.6438,218.354,-9.99,0.215,,,-9.99,,,,
20079003,1995.319749,31.752,64.195,,150,,148.904,18.9321,4.8857,36.6427,218.275,-9.99,0.178,,,-9.99,,,,
20079003,1995.319749,31.752,64.195,,152,,150.8886,18.9284,4.8853,36.6417,218.03,-9.99,0.158,,,-9.99,,,,
20079003,1995.319749,31.752,64.195,,154,,152.8733,18.9243,4.8848,36.6406,217.963,-9.99,0.16,,,-9.99,,,,
20079003,1995.319749,31.752,64.195,,156,,154.8579,18.9233,4.8848,36.6407,217.862,-9.99,0.161,,,-9.99,,,,
20079003,1995.319749,31.752,64.195,,158,,156.8425,18.9216,4.8847,36.6407,217.814,-9.99,0.162,,,-9.99,,,,
20079003,1995.319749,31.752,64.195,,160,,158.8271,18.9181,4.8844,36.6405,217.787,-9.99,0.16,,,-9.99,,,,
20079003,1995.319749,31.752,64.195,,162,,160.8116,18.9103,4.8836,36.6393,217.671,-9.99,0.157,,,-9.99,,,,
20079003,1995.319749,31.752,64.195,,164,,162.7962,18.9009,4.8825,36.6375,217.569,-9.99,0.151,,,-9.99,,,,
20079003,1995.319749,31.752,64.195,,166,,164.7807,18.8922,4.8814,36.6356,217.548,-9.99,0.145,,,-9.99,,,,
20079003,1995.319749,31.752,64.195,,168,,166.7652,18.8858,4.8807,36.6341,217.516,-9.99,0.138,,,-9.99,,,,
20079003,1995.319749,31.752,64.195,,170,,168.7497,18.8799,4.88,36.6328,217.246,-9.99,0.129,,,-9.99,,,,
20079003,1995.319749,31.752,64.195,,172,,170.7341,18.8667,4.8783,36.63,217.014,-9.99,0.122,,,-9.99,,,,
20079003,1995.319749,31.752,64.195,,174,,172.7186,18.8559,4.877,36.6278,216.816,-9.99,0.117,,,-9.99,,,,
20079003,1995.319749,31.752,64.195,,176,,174.703,18.8522,4.8766,36.6269,216.858,-9.99,0.11,,,-9.99,,,,
20079003,1995.319749,31.752,64.195,,178,,176.6874,18.8501,4.8764,36.6263,216.786,-9.99,0.104,,,-9.99,,,,
20079003,1995.319749,31.752,64.195,,180,,178.6718,18.8471,4.8762,36.6258,216.576,-9.99,0.098,,,-9.99,,,,
20079003,1995.319749,31.752,64.195,,182,,180.6562,18.8443,4.8759,36.6254,216.411,-9.99,0.102,,,-9.99,,,,
20079003,1995.319749,31.752,64.195,,184,,182.6405,18.8416,4.8757,36.6251,216.268,-9.99,0.119,,,-9.99,,,,
20079003,1995.319749,31.752,64.195,,186,,184.6249,18.8392,4.8755,36.6248,216.106,-9.99,0.127,,,-9.99,,,,
20079003,1995.319749,31.752,64.195,,188,,186.6092,18.8368,4.8753,36.6243,216.025,-9.99,0.107,,,-9.99,,,,
20079003,1995.319749,31.752,64.195,,190,,188.5935,18.832,4.8748,36.6236,215.881,-9.99,0.084,,,-9.99,,,,
20079003,1995.319749,31.752,64.195,,192,,190.5777,18.8257,4.8741,36.6229,215.709,-9.99,0.079,,,-9.99,,,,
20079003,1995.319749,31.752,64.195,,194,,192.562,18.8186,4.8734,36.6226,215.382,-9.99,0.072,,,-9.99,,,,
20079003,1995.319749,31.752,64.195,,196,,194.5462,18.8154,4.8732,36.6226,215.317,-9.99,0.07,,,-9.99,,,,
20079003,1995.319749,31.752,64.195,,198,,196.5304,18.8117,4.8729,36.6227,215.504,-9.99,0.066,,,-9.99,,,,
20079003,1995.319749,31.752,64.195,,200,,198.5146,18.8084,4.8726,36.6228,215.654,-9.99,0.063,,,-9.99,,,,
20079003,1995.319749,31.752,64.195,,202,,200.4988,18.8051,4.8724,36.6229,215.762,-9.99,0.059,,,-9.99,,,,
20079003,1995.319749,31.752,64.195,,204,,202.483,18.8032,4.8724,36.6235,215.702,-9.99,0.056,,,-9.99,,,,
20079003,1995.319749,31.752,64.195,,206,,204.4671,18.8036,4.8726,36.6247,215.663,-9.99,0.051,,,-9.99,,,,
20079003,1995.319749,31.752,64.195,,208,,206.4512,18.8036,4.8728,36.6253,215.658,-9.99,0.05,,,-9.99,,,,
20079003,1995.319749,31.752,64.195,,210,,208.4353,18.8037,4.8729,36.6256,215.558,-9.99,0.049,,,-9.99,,,,
20079003,1995.319749,31.752,64.195,,212,,210.4194,18.8037,4.873,36.6255,215.373,-9.99,0.051,,,-9.99,,,,
20079003,1995.319749,31.752,64.195,,214,,212.4035,18.8036,4.8731,36.6255,215.291,-9.99,0.049,,,-9.99,,,,
20079003,1995.319749,31.752,64.195,,216,,214.3875,18.8018,4.873,36.6254,215.366,-9.99,0.049,,,-9.99,,,,
20079003,1995.319749,31.752,64.195,,218,,216.3715,18.7948,4.8722,36.6246,215.145,-9.99,0.047,,,-9.99,,,,
20079003,1995.319749,31.752,64.195,,220,,218.3555,18.791,4.8719,36.6241,214.982,-9.99,0.047,,,-9.99,,,,
20079003,1995.319749,31.752,64.195,,222,,220.3395,18.7865,4.8714,36.6234,214.719,-9.99,0.048,,,-9.99,,,,
20079003,1995.319749,31.752,64.195,,224,,222.3235,18.7817,4.8709,36.6228,214.479,-9.99,0.046,,,-9.99,,,,
20079003,1995.319749,31.752,64.195,,226,,224.3074,18.7776,4.8705,36.6222,214.361,-9.99,0.047,,,-9.99,,,,
20079003,1995.319749,31.752,64.195,,228,,226.2914,18.7702,4.8696,36.6203,213.217,-9.99,0.047,,,-9.99,,,,
20079003,1995.319749,31.752,64.195,,230,,228.2753,18.764,4.8689,36.6188,212.116,-9.99,0.049,,,-9.99,,,,
20079003,1995.319749,31.752,64.195,,232,,230.2591,18.758,4.8682,36.6174,210.82,-9.99,0.05,,,-9.99,,,,
20079003,1995.319749,31.752,64.195,,234,,232.243,18.7509,4.8673,36.6158,209.491,-9.99,0.049,,,-9.99,,,,
20079003,1995.319749,31.752,64.195,,236,,234.2269,18.7343,4.8653,36.6127,206.727,-9.99,0.046,,,-9.99,,,,
20079003,1995.319749,31.752,64.195,,238,,236.2107,18.7041,4.8616,36.6078,204.277,-9.99,0.051,,,-9.99,,,,
20079003,1995.319749,31.752,64.195,,240,,238.1945,18.6822,4.859,36.6044,203.085,-9.99,0.054,,,-9.99,,,,
20079003,1995.319749,31.752,64.195,,242,,240.1783,18.6624,4.8567,36.6015,202.451,-9.99,0.055,,,-9.99,,,,
20079003,1995.319749,31.752,64.195,,244,,242.1621,18.6437,4.8545,36.5984,202.501,-9.99,0.07,,,-9.99,,,,
20079003,1995.319749,31.752,64.195,,246,,244.1458,18.6227,4.8519,36.5941,203.056,-9.99,0.082,,,-9.99,,,,
20079003,1995.319749,31.752,64.195,,248,,246.1296,18.5882,4.8475,36.5872,203.818,-9.99,0.074,,,-9.99,,,,
20079003,1995.319749,31.752,64.195,,250,,248.1133,18.5826,4.8469,36.5863,203.491,-9.99,0.061,,,-9.99,,,,
20079003,1995.319749,31.752,64.195,,252,,250.097,18.5732,4.8459,36.585,203.416,-9.99,0.055,,,-9.99,,,,
20079003,1995.319749,31.752,64.195,,254,,252.0807,18.5661,4.8452,36.5846,203.002,-9.99,0.048,,,-9.99,,,,
20079003,1995.319749,31.752,64.195,,256,,254.0643,18.5623,4.8449,36.5847,202.975,-9.99,0.046,,,-9.99,,,,
20079003,1995.319749,31.752,64.195,,258,,256.048,18.5524,4.8438,36.5836,202.63,-9.99,0.044,,,-9.99,,,,
20079003,1995.319749,31.752,64.195,,260,,258.0316,18.529,4.8411,36.5803,201.993,-9.99,0.046,,,-9.99,,,,
20079003,1995.319749,31.752,64.195,,262,,260.0152,18.5093,4.8388,36.5779,202.112,-9.99,0.047,,,-9.99,,,,
20079003,1995.319749,31.752,64.195,,264,,261.9988,18.4974,4.8375,36.5767,202.145,-9.99,0.048,,,-9.99,,,,
20079003,1995.319749,31.752,64.195,,266,,263.9823,18.4921,4.8372,36.5778,201.735,-9.99,0.047,,,-9.99,,,,
20079003,1995.319749,31.752,64.195,,268,,265.9659,18.4869,4.8367,36.5781,201.629,-9.99,0.045,,,-9.99,,,,
20079003,1995.319749,31.752,64.195,,270,,267.9494,18.4845,4.8366,36.5779,201.503,-9.99,0.043,,,-9.99,,,,
20079003,1995.319749,31.752,64.195,,272,,269.9329,18.4834,4.8366,36.5782,201.195,-9.99,0.045,,,-9.99,,,,
20079003,1995.319749,31.752,64.195,,274,,271.9164,18.4832,4.8367,36.5786,201.06,-9.99,0.046,,,-9.99,,,,
20079003,1995.319749,31.752,64.195,,276,,273.8999,18.4768,4.836,36.5776,201.398,-9.99,0.047,,,-9.99,,,,
20079003,1995.319749,31.752,64.195,,278,,275.8833,18.4568,4.8335,36.5738,202.424,-9.99,0.048,,,-9.99,,,,
20079003,1995.319749,31.752,64.195,,280,,277.8667,18.4343,4.8308,36.5696,203.218,-9.99,0.046,,,-9.99,,,,
20079003,1995.319749,31.752,64.195,,282,,279.8501,18.4174,4.8287,36.5665,203.029,-9.99,0.047,,,-9.99,,,,
20079003,1995.319749,31.752,64.195,,284,,281.8335,18.4114,4.8281,36.5658,202.864,-9.99,0.047,,,-9.99,,,,
20079003,1995.319749,31.752,64.195,,286,,283.8169,18.4085,4.8279,36.5657,202.919,-9.99,0.044,,,-9.99,,,,
20079003,1995.319749,31.752,64.195,,288,,285.8003,18.4011,4.8271,36.5649,202.821,-9.99,0.044,,,-9.99,,,,
20079003,1995.319749,31.752,64.195,,290,,287.7836,18.3735,4.8239,36.5614,202.922,-9.99,0.046,,,-9.99,,,,
20079003,1995.319749,31.752,64.195,,292,,289.7669,18.3566,4.822,36.559,202.619,-9.99,0.047,,,-9.99,,,,
20079003,1995.319749,31.752,64.195,,294,,291.7502,18.3512,4.8214,36.5585,202.764,-9.99,0.045,,,-9.99,,,,
20079003,1995.319749,31.752,64.195,,296,,293.7335,18.3413,4.8204,36.5575,202.831,-9.99,0.046,,,-9.99,,,,
20079003,1995.319749,31.752,64.195,,298,,295.7167,18.3368,4.82,36.5572,202.598,-9.99,0.047,,,-9.99,,,,
20079003,1995.319749,31.752,64.195,,300,,297.7,18.3342,4.8197,36.557,202.504,-9.99,0.047,,,-9.99,,,,
20079003,1995.319749,31.752,64.195,,302,,299.6832,18.3317,4.8196,36.5568,202.701,-9.99,0.048,,,-9.99,,,,
20079003,1995.319749,31.752,64.195,,304,,301.6664,18.3302,4.8195,36.5573,203.043,-9.99,0.046,,,-9.99,,,,
20079003,1995.319749,31.752,64.195,,306,,303.6496,18.3221,4.8188,36.5576,203.22,-9.99,0.043,,,-9.99,,,,
20079003,1995.319749,31.752,64.195,,308,,305.6327,18.3071,4.8172,36.556,202.548,-9.99,0.042,,,-9.99,,,,
20079003,1995.319749,31.752,64.195,,310,,307.6159,18.2904,4.8153,36.554,201.95,-9.99,0.041,,,-9.99,,,,
20079003,1995.319749,31.752,64.195,,312,,309.599,18.2743,4.8134,36.5516,201.745,-9.99,0.04,,,-9.99,,,,
20079003,1995.319749,31.752,64.195,,314,,311.5821,18.2726,4.8133,36.5515,201.698,-9.99,0.042,,,-9.99,,,,
20079003,1995.319749,31.752,64.195,,316,,313.5652,18.2705,4.8131,36.5513,201.284,-9.99,0.043,,,-9.99,,,,
20079003,1995.319749,31.752,64.195,,318,,315.5483,18.2635,4.8124,36.5502,201.166,-9.99,0.043,,,-9.99,,,,
20079003,1995.319749,31.752,64.195,,320,,317.5313,18.258,4.8118,36.5495,201.032,-9.99,0.042,,,-9.99,,,,
20079003,1995.319749,31.752,64.195,,322,,319.5143,18.2475,4.8106,36.5481,200.878,-9.99,0.041,,,-9.99,,,,
20079003,1995.319749,31.752,64.195,,324,,321.4973,18.2385,4.8097,36.547,201.128,-9.99,0.042,,,-9.99,,,,
20079003,1995.319749,31.752,64.195,,326,,323.4803,18.2267,4.8083,36.5454,201.23,-9.99,0.043,,,-9.99,,,,
20079003,1995.319749,31.752,64.195,,328,,325.4633,18.2173,4.8073,36.5442,201.141,-9.99,0.042,,,-9.99,,,,
20079003,1995.319749,31.752,64.195,,330,,327.4463,18.2072,4.8062,36.5431,201.08,-9.99,0.043,,,-9.99,,,,
20079003,1995.319749,31.752,64.195,,332,,329.4292,18.1922,4.8045,36.5411,201.17,-9.99,0.044,,,-9.99,,,,
20079003,1995.319749,31.752,64.195,,334,,331.4121,18.1739,4.8024,36.5388,201.262,-9.99,0.043,,,-9.99,,,,
20079003,1995.319749,31.752,64.195,,336,,333.395,18.1506,4.7997,36.536,201.405,-9.99,0.04,,,-9.99,,,,
20079003,1995.319749,31.752,64.195,,338,,335.3779,18.1566,4.8005,36.5366,201.035,-9.99,0.041,,,-9.99,,,,
20079003,1995.319749,31.752,64.195,,340,,337.3607,18.1448,4.7992,36.5352,200.935,-9.99,0.043,,,-9.99,,,,
20079003,1995.319749,31.752,64.195,,342,,339.3436,18.1326,4.7979,36.5337,200.764,-9.99,0.042,,,-9.99,,,,
20079003,1995.319749,31.752,64.195,,344,,341.3264,18.1276,4.7974,36.533,200.769,-9.99,0.042,,,-9.99,,,,
20079003,1995.319749,31.752,64.195,,346,,343.3092,18.1232,4.7969,36.5324,200.635,-9.99,0.043,,,-9.99,,,,
20079003,1995.319749,31.752,64.195,,348,,345.292,18.1184,4.7964,36.5318,200.305,-9.99,0.045,,,-9.99,,,,
20079003,1995.319749,31.752,64.195,,350,,347.2747,18.1125,4.7958,36.531,200.157,-9.99,0.042,,,-9.99,,,,
20079003,1995.319749,31.752,64.195,,352,,349.2575,18.1041,4.7949,36.53,200.195,-9.99,0.041,,,-9.99,,,,
20079003,1995.319749,31.752,64.195,,354,,351.2402,18.0961,4.794,36.5289,200.322,-9.99,0.04,,,-9.99,,,,
20079003,1995.319749,31.752,64.195,,356,,353.2229,18.0926,4.7937,36.5283,200.323,-9.99,0.042,,,-9.99,,,,
20079003,1995.319749,31.752,64.195,,358,,355.2056,18.0894,4.7934,36.5279,200.174,-9.99,0.039,,,-9.99,,,,
20079003,1995.319749,31.752,64.195,,360,,357.1882,18.0832,4.7928,36.5271,199.937,-9.99,0.041,,,-9.99,,,,
20079003,1995.319749,31.752,64.195,,362,,359.1709,18.0778,4.7922,36.5263,199.785,-9.99,0.042,,,-9.99,,,,
20079003,1995.319749,31.752,64.195,,364,,361.1535,18.0647,4.7907,36.5244,199.875,-9.99,0.043,,,-9.99,,,,
20079003,1995.319749,31.752,64.195,,366,,363.1361,18.0554,4.7896,36.523,199.843,-9.99,0.04,,,-9.99,,,,
20079003,1995.319749,31.752,64.195,,368,,365.1187,18.0488,4.7889,36.5219,199.61,-9.99,0.037,,,-9.99,,,,
20079003,1995.319749,31.752,64.195,,370,,367.1013,18.0344,4.7873,36.5198,199.332,-9.99,0.04,,,-9.99,,,,
20079003,1995.319749,31.752,64.195,,372,,369.0838,18.0224,4.7859,36.5181,199.059,-9.99,0.042,,,-9.99,,,,
20079003,1995.319749,31.752,64.195,,374,,371.0664,18.0029,4.7836,36.515,199.131,-9.99,0.041,,,-9.99,,,,
20079003,1995.319749,31.752,64.195,,376,,373.0489,17.9892,4.782,36.5128,199.074,-9.99,0.041,,,-9.99,,,,
20079003,1995.319749,31.752,64.195,,378,,375.0314,17.9667,4.7794,36.5093,198.991,-9.99,0.039,,,-9.99,,,,
20079003,1995.319749,31.752,64.195,,380,,377.0138,17.956,4.7781,36.5076,198.936,-9.99,0.041,,,-9.99,,,,
20079003,1995.319749,31.752,64.195,,382,,378.9963,17.948,4.7772,36.5063,198.786,-9.99,0.043,,,-9.99,,,,
20079003,1995.319749,31.752,64.195,,384,,380.9787,17.9387,4.7762,36.5048,198.582,-9.99,0.046,,,-9.99,,,,
20079003,1995.319749,31.752,64.195,,386,,382.9612,17.9289,4.7751,36.5031,198.336,-9.99,0.046,,,-9.99,,,,
20079003,1995.319749,31.752,64.195,,388,,384.9436,17.9192,4.774,36.5015,197.88,-9.99,0.043,,,-9.99,,,,
20079003,1995.319749,31.752,64.195,,390,,386.9259,17.9013,4.7718,36.4985,198.163,-9.99,0.045,,,-9.99,,,,
20079003,1995.319749,31.752,64.195,,392,,388.9083,17.8973,4.7714,36.4977,198.112,-9.99,0.046,,,-9.99,,,,
20079003,1995.319749,31.752,64.195,,394,,390.8906,17.8842,4.7698,36.4952,197.991,-9.99,0.045,,,-9.99,,,,
20079003,1995.319749,31.752,64.195,,396,,392.873,17.8728,4.7685,36.4934,197.693,-9.99,0.042,,,-9.99,,,,
20079003,1995.319749,31.752,64.195,,398,,394.8553,17.8479,4.7656,36.4893,197.424,-9.99,0.043,,,-9.99,,,,
20079003,1995.319749,31.752,64.195,,400,,396.8375,17.8233,4.7627,36.4854,197.092,-9.99,0.044,,,-9.99,,,,
20079003,1995.319749,31.752,64.195,,402,,398.8198,17.8009,4.76,36.4816,196.668,-9.99,0.045,,,-9.99,,,,
20079003,1995.319749,31.752,64.195,,404,,400.8021,17.7798,4.7575,36.478,196.253,-9.99,0.044,,,-9.99,,,,
20079003,1995.319749,31.752,64.195,,406,,402.7843,17.75,4.7538,36.4728,195.76,-9.99,0.044,,,-9.99,,,,
20079003,1995.319749,31.752,64.195,,408,,404.7665,17.7145,4.7495,36.4666,195.779,-9.99,0.043,,,-9.99,,,,
20079003,1995.319749,31.752,64.195,,410,,406.7487,17.6994,4.7477,36.4639,195.554,-9.99,0.042,,,-9.99,,,,
20079003,1995.319749,31.752,64.195,,412,,408.7308,17.6832,4.7458,36.4611,195.3,-9.99,0.041,,,-9.99,,,,
20079003,1995.319749,31.752,64.195,,414,,410.713,17.6773,4.7452,36.4603,195.448,-9.99,0.043,,,-9.99,,,,
20079003,1995.319749,31.752,64.195,,416,,412.6951,17.6771,4.7453,36.4602,195.468,-9.99,0.045,,,-9.99,,,,
20079003,1995.319749,31.752,64.195,,418,,414.6772,17.6755,4.7452,36.46,195.329,-9.99,0.047,,,-9.99,,,,
20079003,1995.319749,31.752,64.195,,420,,416.6593,17.6716,4.7448,36.4593,195.01,-9.99,0.048,,,-9.99,,,,
20079003,1995.319749,31.752,64.195,,422,,418.6414,17.6628,4.7437,36.4576,194.924,-9.99,0.047,,,-9.99,,,,
20079003,1995.319749,31.752,64.195,,424,,420.6235,17.6289,4.7396,36.4517,194.733,-9.99,0.047,,,-9.99,,,,
20079003,1995.319749,31.752,64.195,,426,,422.6055,17.6055,4.7368,36.4473,194.405,-9.99,0.048,,,-9.99,,,,
20079003,1995.319749,31.752,64.195,,428,,424.5875,17.5891,4.7349,36.4446,194.109,-9.99,0.046,,,-9.99,,,,
20079003,1995.319749,31.752,64.195,,430,,426.5695,17.5612,4.7316,36.4402,193.897,-9.99,0.047,,,-9.99,,,,
20079003,1995.319749,31.752,64.195,,432,,428.5515,17.5483,4.73,36.4378,193.692,-9.99,0.049,,,-9.99,,,,
20079003,1995.319749,31.752,64.195,,434,,430.5335,17.5344,4.7284,36.4352,193.455,-9.99,0.05,,,-9.99,,,,
20079003,1995.319749,31.752,64.195,,436,,432.5154,17.5184,4.7265,36.4327,193.313,-9.99,0.049,,,-9.99,,,,
20079003,1995.319749,31.752,64.195,,438,,434.4973,17.5161,4.7263,36.4319,193.128,-9.99,0.049,,,-9.99,,,,
20079003,1995.319749,31.752,64.195,,440,,436.4792,17.5097,4.7256,36.4307,193.493,-9.99,0.047,,,-9.99,,,,
20079003,1995.319749,31.752,64.195,,442,,438.4611,17.4827,4.7223,36.426,192.602,-9.99,0.044,,,-9.99,,,,
20079003,1995.319749,31.752,64.195,,444,,440.443,17.4529,4.7187,36.4207,192.14,-9.99,0.043,,,-9.99,,,,
20079003,1995.319749,31.752,64.195,,446,,442.4248,17.4228,4.7151,36.4152,192.161,-9.99,0.046,,,-9.99,,,,
20079003,1995.319749,31.752,64.195,,448,,444.4066,17.3999,4.7123,36.411,191.809,-9.99,0.047,,,-9.99,,,,
20079003,1995.319749,31.752,64.195,,450,,446.3885,17.3548,4.7069,36.4038,191.63,-9.99,0.048,,,-9.99,,,,
20079003,1995.319749,31.752,64.195,,452,,448.3702,17.3291,4.7038,36.399,191.153,-9.99,0.05,,,-9.99,,,,
20079003,1995.319749,31.752,64.195,,454,,450.352,17.2919,4.6993,36.3923,190.68,-9.99,0.049,,,-9.99,,,,
20079003,1995.319749,31.752,64.195,,456,,452.3338,17.2646,4.696,36.3875,190.304,-9.99,0.048,,,-9.99,,,,
20079003,1995.319749,31.752,64.195,,458,,454.3155,17.2537,4.6947,36.3856,190.17,-9.99,0.048,,,-9.99,,,,
20079003,1995.319749,31.752,64.195,,460,,456.2972,17.2506,4.6944,36.3852,190.057,-9.99,0.048,,,-9.99,,,,
20079003,1995.319749,31.752,64.195,,462,,458.2789,17.2469,4.6941,36.3846,189.875,-9.99,0.048,,,-9.99,,,,
20079003,1995.319749,31.752,64.195,,464,,460.2606,17.2435,4.6938,36.384,189.948,-9.99,0.047,,,-9.99,,,,
20079003,1995.319749,31.752,64.195,,466,,462.2422,17.2377,4.6931,36.3832,189.689,-9.99,0.045,,,-9.99,,,,
20079003,1995.319749,31.752,64.195,,468,,464.2239,17.2299,4.6923,36.3817,189.41,-9.99,0.049,,,-9.99,,,,
20079003,1995.319749,31.752,64.195,,470,,466.2055,17.2198,4.6911,36.3801,189.113,-9.99,0.05,,,-9.99,,,,
20079003,1995.319749,31.752,64.195,,472,,468.1871,17.1976,4.6884,36.3758,189.17,-9.99,0.05,,,-9.99,,,,
20079003,1995.319749,31.752,64.195,,474,,470.1687,17.1638,4.6843,36.3698,188.89,-9.99,0.048,,,-9.99,,,,
20079003,1995.319749,31.752,64.195,,476,,472.1502,17.1128,4.6782,36.3609,188.639,-9.99,0.048,,,-9.99,,,,
20079003,1995.319749,31.752,64.195,,478,,474.1318,17.0596,4.6717,36.3519,188.257,-9.99,0.048,,,-9.99,,,,
20079003,1995.319749,31.752,64.195,,480,,476.1133,17.0429,4.6697,36.3486,187.615,-9.99,0.049,,,-9.99,,,,
20079003,1995.319749,31.752,64.195,,482,,478.0948,17.0233,4.6674,36.3454,187.66,-9.99,0.048,,,-9.99,,,,
20079003,1995.319749,31.752,64.195,,484,,480.0763,17.0084,4.6657,36.3428,187.707,-9.99,0.049,,,-9.99,,,,
20079003,1995.319749,31.752,64.195,,486,,482.0577,17.0013,4.6649,36.3415,187.446,-9.99,0.051,,,-9.99,,,,
20079003,1995.319749,31.752,64.195,,488,,484.0392,16.9808,4.6625,36.3383,186.983,-9.99,0.052,,,-9.99,,,,
20079003,1995.319749,31.752,64.195,,490,,486.0206,16.9324,4.6567,36.3304,186.521,-9.99,0.052,,,-9.99,,,,
20079003,1995.319749,31.752,64.195,,492,,488.002,16.8785,4.6502,36.3213,186.03,-9.99,0.051,,,-9.99,,,,
20079003,1995.319749,31.752,64.195,,494,,489.9834,16.8392,4.6455,36.3146,185.712,-9.99,0.051,,,-9.99,,,,
20079003,1995.319749,31.752,64.195,,496,,491.9648,16.799,4.6407,36.3079,185.462,-9.99,0.052,,,-9.99,,,,
20079003,1995.319749,31.752,64.195,,498,,493.9461,16.751,4.635,36.3,184.956,-9.99,0.052,,,-9.99,,,,
20079003,1995.319749,31.752,64.195,,500,,495.9275,16.7214,4.6315,36.2951,184.622,-9.99,0.051,,,-9.99,,,,
20079003,1995.319749,31.752,64.195,,502,,497.9088,16.7116,4.6304,36.2935,184.545,-9.99,0.052,,,-9.99,,,,
20079003,1995.319749,31.752,64.195,,504,,499.8901,16.7093,4.6302,36.2933,184.468,-9.99,0.056,,,-9.99,,,,
20079003,1995.319749,31.752,64.195,,506,,501.8714,16.6892,4.6278,36.2896,184.072,-9.99,0.055,,,-9.99,,,,
