20029001,1991.137928,31.788,64.191,,,,4,,,,3.9722,20.373,5.0373,36.693,221.52,0.428,-9.99,,,-9.99
20029001,1991.137928,31.788,64.191,,,,6,,,,5.9582,20.37,5.037,36.693,222.47,0.428,-9.99,,,-9.99
20029001,1991.137928,31.788,64.191,,,,8,,,,7.9443,20.373,5.0375,36.693,222.82,0.428,-9.99,,,-9.99
20029001,1991.137928,31.788,64.191,,,10,,,,9.9303,20.373,5.0375,36.693,222.75,0.429,-9.99,,,-9.99,
20029001,1991.137928,31.788,64.191,,,12,,,11.9163,20.375,5.0378,36.693,222.53,0.428,-9.99,,,-9.99,,
20029001,1991.137928,31.788,64.191,,,14,,,13.9022,20.375,5.0379,36.693,222.7,0.428,-9.99,,,-9.99,,
20029001,1991.137928,31.788,64.191,,,16,,,15.8882,20.375,5.038,36.693,222.9,0.428,-9.99,,,-9.99,,
20029001,1991.137928,31.788,64.191,,,18,,,17.8741,20.375,5.0381,36.693,223.35,0.428,-9.99,,,-9.99,,
20029001,1991.137928,31.788,64.191,,,20,,,19.8601,20.374,5.0381,36.693,223.67,0.427,-9.99,,,-9.99,,
20029001,1991.137928,31.788,64.191,,,22,,,21.846,20.374,5.0382,36.693,223.31,0.428,-9.99,,,-9.99,,
20029001,1991.137928,31.788,64.191,,,24,,,23.8318,20.375,5.0384,36.693,223.07,0.427,-9.99,,,-9.99,,
20029001,1991.137928,31.788,64.191,,,26,,,25.8177,20.376,5.0386,36.693,222.77,0.427,-9.99,,,-9.99,,
20029001,1991.137928,31.788,64.191,,,28,,,27.8036,20.376,5.0387,36.693,222.84,0.428,-9.99,,,-9.99,,
20029001,1991.137928,31.788,64.191,,,30,,,29.7894,20.376,5.0388,36.693,222.99,0.426,-9.99,,,-9.99,,
20029001,1991.137928,31.788,64.191,,,32,,,31.7752,20.377,5.039,36.693,223.13,0.428,-9.99,,,-9.99,,
20029001,1991.137928,31.788,64.191,,,34,,,33.761,20.378,5.0392,36.693,223.27,0.427,-9.99,,,-9.99,,
20029001,1991.137928,31.788,64.191,,,36,,,35.7467,20.378,5.0392,36.693,223.4,0.426,-9.99,,,-9.99,,
20029001,1991.137928,31.788,64.191,,,38,,,37.7325,20.378,5.0393,36.693,223.54,0.426,-9.99,,,-9.99,,
20029001,1991.137928,31.788,64.191,,,40,,,39.7182,20.378,5.0394,36.693,223.39,0.426,-9.99,,,-9.99,,
20029001,1991.137928,31.788,64.191,,,42,,,41.7039,20.378,5.0395,36.693,223.08,0.426,-9.99,,,-9.99,,
20029001,1991.137928,31.788,64.191,,,44,,,43.6896,20.379,5.0397,36.693,222.81,0.426,-9.99,,,-9.99,,
20029001,1991.137928,31.788,64.191,,,46,,,45.6753,20.379,5.0398,36.693,222.93,0.426,-9.99,,,-9.99,,
20029001,1991.137928,31.788,64.191,,,48,,,47.6609,20.379,5.0399,36.693,223.28,0.426,-9.99,,,-9.99,,
20029001,1991.137928,31.788,64.191,,,50,,,49.6465,20.38,5.0401,36.693,223.65,0.426,-9.99,,,-9.99,,
20029001,1991.137928,31.788,64.191,,,52,,,51.6322,20.381,5.0403,36.693,223.96,0.426,-9.99,,,-9.99,,
20029001,1991.137928,31.788,64.191,,,54,,,53.6178,20.381,5.0404,36.693,224.4,0.426,-9.99,,,-9.99,,
20029001,1991.137928,31.788,64.191,,,56,,,55.6033,20.381,5.0405,36.693,224.66,0.427,-9.99,,,-9.99,,
20029001,1991.137928,31.788,64.191,,,58,,,57.5889,20.382,5.0407,36.693,224.51,0.426,-9.99,,,-9.99,,
20029001,1991.137928,31.788,64.191,,,60,,,59.5744,20.382,5.0408,36.693,224.4,0.426,-9.99,,,-9.99,,
20029001,1991.137928,31.788,64.191,,,62,,,61.5599,20.384,5.0411,36.693,224.29,0.426,-9.99,,,-9.99,,
20029001,1991.137928,31.788,64.191,,,64,,,63.5454,20.384,5.0411,36.693,224.38,0.426,-9.99,,,-9.99,,
20029001,1991.137928,31.788,64.191,,,66,,,65.5309,20.385,5.0413,36.693,224.34,0.426,-9.99,,,-9.99,,
20029001,1991.137928,31.788,64.191,,,68,,,67.5164,20.385,5.0414,36.693,224.35,0.426,-9.99,,,-9.99,,
20029001,1991.137928,31.788,64.191,,,70,,,69.5018,20.385,5.0416,36.694,224.46,0.426,-9.99,,,-9.99,,
20029001,1991.137928,31.788,64.191,,,72,,,71.4872,20.385,5.0417,36.694,224.53,0.426,-9.99,,,-9.99,,
20029001,1991.137928,31.788,64.191,,,74,,,73.4726,20.386,5.0419,36.694,224.34,0.426,-9.99,,,-9.99,,
20029001,1991.137928,31.788,64.191,,,76,,,75.458,20.386,5.0419,36.693,224.45,0.426,-9.99,,,-9.99,,
20029001,1991.137928,31.788,64.191,,,78,,,77.4434,20.386,5.042,36.693,224.57,0.426,-9.99,,,-9.99,,
20029001,1991.137928,31.788,64.191,,,80,,,79.4287,20.387,5.0422,36.693,224.69,0.426,-9.99,,,-9.99,,
20029001,1991.137928,31.788,64.191,,,82,,,81.414,20.386,5.0422,36.693,224.86,0.426,-9.99,,,-9.99,,
20029001,1991.137928,31.788,64.191,,,84,,,83.3993,20.387,5.0424,36.693,225.22,0.426,-9.99,,,-9.99,,
20029001,1991.137928,31.788,64.191,,,86,,,85.3846,20.387,5.0425,36.693,225.34,0.426,-9.99,,,-9.99,,
20029001,1991.137928,31.788,64.191,,,88,,,87.3699,20.387,5.0425,36.693,225.46,0.426,-9.99,,,-9.99,,
20029001,1991.137928,31.788,64.191,,,90,,,89.3551,20.388,5.0427,36.693,225.53,0.426,-9.99,,,-9.99,,
20029001,1991.137928,31.788,64.191,,,92,,,91.3403,20.389,5.0429,36.693,225.44,0.426,-9.99,,,-9.99,,
20029001,1991.137928,31.788,64.191,,,94,,,93.3256,20.39,5.0433,36.694,225.4,0.426,-9.99,,,-9.99,,
20029001,1991.137928,31.788,64.191,,,96,,,95.3107,20.39,5.0433,36.694,225.19,0.426,-9.99,,,-9.99,,
20029001,1991.137928,31.788,64.191,,,98,,,97.2959,20.391,5.0435,36.694,225.08,0.427,-9.99,,,-9.99,,
20029001,1991.137928,31.788,64.191,,100,,,99.2811,20.391,5.0436,36.694,224.84,0.426,-9.99,,,-9.99,,,
20029001,1991.137928,31.788,64.191,,102,,101.2662,20.392,5.0438,36.694,224.69,0.426,-9.99,,,-9.99,,,,
20029001,1991.137928,31.788,64.191,,104,,103.2513,20.392,5.0439,36.694,224.6,0.426,-9.99,,,-9.99,,,,
20029001,1991.137928,31.788,64.191,,106,,105.2364,20.392,5.044,36.694,224.72,0.426,-9.99,,,-9.99,,,,
20029001,1991.137928,31.788,64.191,,108,,107.2215,20.392,5.0441,36.694,224.83,0.426,-9.99,,,-9.99,,,,
20029001,1991.137928,31.788,64.191,,110,,109.2065,20.393,5.0443,36.694,224.94,0.426,-9.99,,,-9.99,,,,
20029001,1991.137928,31.788,64.191,,112,,111.1916,20.393,5.0444,36.694,224.96,0.426,-9.99,,,-9.99,,,,
20029001,1991.137928,31.788,64.191,,114,,113.1766,20.394,5.0446,36.694,225.07,0.426,-9.99,,,-9.99,,,,
20029001,1991.137928,31.788,64.191,,116,,115.1616,20.394,5.0447,36.694,225.17,0.426,-9.99,,,-9.99,,,,
20029001,1991.137928,31.788,64.191,,118,,117.1465,20.395,5.0449,36.694,225.25,0.425,-9.99,,,-9.99,,,,
20029001,1991.137928,31.788,64.191,,120,,119.1315,20.395,5.045,36.694,225.1,0.426,-9.99,,,-9.99,,,,
20029001,1991.137928,31.788,64.191,,122,,121.1164,20.395,5.045,36.694,225.04,0.425,-9.99,,,-9.99,,,,
20029001,1991.137928,31.788,64.191,,124,,123.1014,20.395,5.0451,36.694,225.13,0.425,-9.99,,,-9.99,,,,
20029001,1991.137928,31.788,64.191,,126,,125.0863,20.396,5.0452,36.693,225.23,0.425,-9.99,,,-9.99,,,,
20029001,1991.137928,31.788,64.191,,128,,127.0711,20.397,5.0455,36.694,225.33,0.426,-9.99,,,-9.99,,,,
20029001,1991.137928,31.788,64.191,,130,,129.056,20.397,5.0456,36.694,225.75,0.426,-9.99,,,-9.99,,,,
20029001,1991.137928,31.788,64.191,,132,,131.0408,20.398,5.0458,36.694,225.94,0.426,-9.99,,,-9.99,,,,
20029001,1991.137928,31.788,64.191,,134,,133.0257,20.398,5.0459,36.694,225.72,0.425,-9.99,,,-9.99,,,,
20029001,1991.137928,31.788,64.191,,136,,135.0105,20.398,5.046,36.694,225.5,0.426,-9.99,,,-9.99,,,,
20029001,1991.137928,31.788,64.191,,138,,136.9952,20.398,5.0461,36.694,225.41,0.425,-9.99,,,-9.99,,,,
20029001,1991.137928,31.788,64.191,,140,,138.98,20.399,5.0463,36.694,225.58,0.426,-9.99,,,-9.99,,,,
20029001,1991.137928,31.788,64.191,,142,,140.9648,20.399,5.0464,36.694,225.95,0.426,-9.99,,,-9.99,,,,
20029001,1991.137928,31.788,64.191,,144,,142.9495,20.401,5.0467,36.694,226.39,0.425,-9.99,,,-9.99,,,,
20029001,1991.137928,31.788,64.191,,146,,144.9342,20.402,5.047,36.695,226.59,0.426,-9.99,,,-9.99,,,,
20029001,1991.137928,31.788,64.191,,148,,146.9189,20.402,5.0471,36.695,226.3,0.426,-9.99,,,-9.99,,,,
20029001,1991.137928,31.788,64.191,,150,,148.9035,20.403,5.0473,36.695,225.78,0.426,-9.99,,,-9.99,,,,
20029001,1991.137928,31.788,64.191,,152,,150.8882,20.405,5.0477,36.696,225.23,0.426,-9.99,,,-9.99,,,,
20029001,1991.137928,31.788,64.191,,154,,152.8728,20.404,5.0476,36.695,224.64,0.426,-9.99,,,-9.99,,,,
20029001,1991.137928,31.788,64.191,,156,,154.8574,20.405,5.0478,36.695,224.45,0.426,-9.99,,,-9.99,,,,
20029001,1991.137928,31.788,64.191,,158,,156.842,20.407,5.0482,36.696,224.21,0.426,-9.99,,,-9.99,,,,
20029001,1991.137928,31.788,64.191,,160,,158.8266,20.408,5.0485,36.697,224.32,0.426,-9.99,,,-9.99,,,,
20029001,1991.137928,31.788,64.191,,162,,160.8112,20.408,5.0485,36.696,224.41,0.425,-9.99,,,-9.99,,,,
20029001,1991.137928,31.788,64.191,,164,,162.7957,20.409,5.0487,36.696,224.49,0.426,-9.99,,,-9.99,,,,
20029001,1991.137928,31.788,64.191,,166,,164.7802,20.409,5.0487,36.696,224.57,0.426,-9.99,,,-9.99,,,,
20029001,1991.137928,31.788,64.191,,168,,166.7647,20.41,5.0489,36.696,224.55,0.426,-9.99,,,-9.99,,,,
20029001,1991.137928,31.788,64.191,,170,,168.7492,20.41,5.049,36.696,224.41,0.426,-9.99,,,-9.99,,,,
20029001,1991.137928,31.788,64.191,,172,,170.7336,20.41,5.0491,36.696,224.46,0.426,-9.99,,,-9.99,,,,
20029001,1991.137928,31.788,64.191,,174,,172.7181,20.41,5.0492,36.696,224.53,0.426,-9.99,,,-9.99,,,,
20029001,1991.137928,31.788,64.191,,176,,174.7025,20.411,5.0494,36.696,224.63,0.426,-9.99,,,-9.99,,,,
20029001,1991.137928,31.788,64.191,,178,,176.6869,20.411,5.0495,36.696,224.96,0.426,-9.99,,,-9.99,,,,
20029001,1991.137928,31.788,64.191,,180,,178.6713,20.41,5.0495,36.696,225.11,0.427,-9.99,,,-9.99,,,,
20029001,1991.137928,31.788,64.191,,182,,180.6556,20.41,5.0496,36.696,225.13,0.426,-9.99,,,-9.99,,,,
20029001,1991.137928,31.788,64.191,,184,,182.64,20.41,5.0497,36.696,225.17,0.426,-9.99,,,-9.99,,,,
20029001,1991.137928,31.788,64.191,,186,,184.6243,20.41,5.0497,36.696,225,0.426,-9.99,,,-9.99,,,,
20029001,1991.137928,31.788,64.191,,188,,186.6086,20.41,5.0497,36.695,224.93,0.426,-9.99,,,-9.99,,,,
20029001,1991.137928,31.788,64.191,,190,,188.5929,20.409,5.0498,36.696,224.74,0.426,-9.99,,,-9.99,,,,
20029001,1991.137928,31.788,64.191,,192,,190.5772,20.407,5.0496,36.695,224.56,0.424,-9.99,,,-9.99,,,,
20029001,1991.137928,31.788,64.191,,194,,192.5614,20.405,5.0493,36.694,224.65,0.424,-9.99,,,-9.99,,,,
20029001,1991.137928,31.788,64.191,,196,,194.5456,20.403,5.0492,36.694,224.97,0.424,-9.99,,,-9.99,,,,
20029001,1991.137928,31.788,64.191,,198,,196.5298,20.403,5.0493,36.694,225.11,0.424,-9.99,,,-9.99,,,,
20029001,1991.137928,31.788,64.191,,200,,198.514,20.402,5.0493,36.694,224.97,0.424,-9.99,,,-9.99,,,,
20029001,1991.137928,31.788,64.191,,202,,200.4982,20.403,5.0495,36.694,224.71,0.424,-9.99,,,-9.99,,,,
20029001,1991.137928,31.788,64.191,,204,,202.4824,20.393,5.0485,36.694,224.55,0.421,-9.99,,,-9.99,,,,
20029001,1991.137928,31.788,64.191,,206,,204.4665,20.372,5.0462,36.693,224.29,0.417,-9.99,,,-9.99,,,,
20029001,1991.137928,31.788,64.191,,208,,206.4506,20.346,5.043,36.688,223.75,0.414,-9.99,,,-9.99,,,,
20029001,1991.137928,31.788,64.191,,210,,208.4347,20.337,5.042,36.687,222.76,0.415,-9.99,,,-9.99,,,,
20029001,1991.137928,31.788,64.191,,212,,210.4188,20.29,5.0366,36.683,221.87,0.412,-9.99,,,-9.99,,,,
20029001,1991.137928,31.788,64.191,,214,,212.4028,20.187,5.0253,36.679,221.04,0.41,-9.99,,,-9.99,,,,
20029001,1991.137928,31.788,64.191,,216,,214.3869,20.154,5.0215,36.676,219.76,0.407,-9.99,,,-9.99,,,,
20029001,1991.137928,31.788,64.191,,218,,216.3709,19.947,4.9987,36.668,217.29,0.402,-9.99,,,-9.99,,,,
20029001,1991.137928,31.788,64.191,,220,,218.3549,19.889,4.9916,36.659,214.7,0.402,-9.99,,,-9.99,,,,
20029001,1991.137928,31.788,64.191,,222,,220.3389,19.744,4.9757,36.653,212.01,0.4,-9.99,,,-9.99,,,,
20029001,1991.137928,31.788,64.191,,224,,222.3228,19.627,4.962,36.641,208.4,0.399,-9.99,,,-9.99,,,,
20029001,1991.137928,31.788,64.191,,226,,224.3068,19.609,4.9597,36.637,206.37,0.4,-9.99,,,-9.99,,,,
20029001,1991.137928,31.788,64.191,,228,,226.2907,19.568,4.9552,36.635,205.17,0.399,-9.99,,,-9.99,,,,
20029001,1991.137928,31.788,64.191,,230,,228.2746,19.51,4.9489,36.633,204.14,0.399,-9.99,,,-9.99,,,,
20029001,1991.137928,31.788,64.191,,232,,230.2585,19.466,4.9443,36.632,203.57,0.398,-9.99,,,-9.99,,,,
20029001,1991.137928,31.788,64.191,,234,,232.2423,19.449,4.9421,36.628,202.87,0.398,-9.99,,,-9.99,,,,
20029001,1991.137928,31.788,64.191,,236,,234.2262,19.406,4.9377,36.628,202.74,0.398,-9.99,,,-9.99,,,,
20029001,1991.137928,31.788,64.191,,238,,236.21,19.371,4.9337,36.625,202.61,0.398,-9.99,,,-9.99,,,,
20029001,1991.137928,31.788,64.191,,240,,238.1938,19.31,4.9273,36.624,202.56,0.398,-9.99,,,-9.99,,,,
20029001,1991.137928,31.788,64.191,,242,,240.1776,19.28,4.924,36.622,202.49,0.397,-9.99,,,-9.99,,,,
20029001,1991.137928,31.788,64.191,,244,,242.1614,19.25,4.9205,36.619,202.41,0.397,-9.99,,,-9.99,,,,
20029001,1991.137928,31.788,64.191,,246,,244.1451,19.22,4.9172,36.617,202.37,0.397,-9.99,,,-9.99,,,,
20029001,1991.137928,31.788,64.191,,248,,246.1288,19.184,4.9133,36.615,202.37,0.396,-9.99,,,-9.99,,,,
20029001,1991.137928,31.788,64.191,,250,,248.1125,19.156,4.91,36.611,202.38,0.397,-9.99,,,-9.99,,,,
20029001,1991.137928,31.788,64.191,,252,,250.0962,19.11,4.905,36.609,202.41,0.396,-9.99,,,-9.99,,,,
20029001,1991.137928,31.788,64.191,,254,,252.0799,19.07,4.9004,36.605,202.38,0.395,-9.99,,,-9.99,,,,
20029002,1991.138419,31.764,64.156,,,,4,,,,3.9722,20.522,5.0539,36.7,227.3,0.439,-9.99,,,-9.99
20029002,1991.138419,31.764,64.156,,,,6,,,,5.9582,20.48,5.0497,36.701,227.73,0.44,-9.99,,,-9.99
20029002,1991.138419,31.764,64.156,,,,8,,,,7.9443,20.419,5.0431,36.699,227.94,0.442,-9.99,,,-9.99
20029002,1991.138419,31.764,64.156,,,10,,,,9.9303,20.402,5.0412,36.698,228.08,0.443,-9.99,,,-9.99,
20029002,1991.138419,31.764,64.156,,,12,,,11.9163,20.405,5.0414,36.696,228.23,0.444,-9.99,,,-9.99,,
20029002,1991.138419,31.764,64.156,,,14,,,13.9023,20.399,5.0408,36.696,228.38,0.443,-9.99,,,-9.99,,
20029002,1991.138419,31.764,64.156,,,16,,,15.8882,20.396,5.0405,36.695,228.52,0.443,-9.99,,,-9.99,,
20029002,1991.138419,31.764,64.156,,,18,,,17.8742,20.393,5.0403,36.695,228.53,0.443,-9.99,,,-9.99,,
20029002,1991.138419,31.764,64.156,,,20,,,19.8601,20.391,5.0401,36.695,228.15,0.443,-9.99,,,-9.99,,
20029002,1991.138419,31.764,64.156,,,22,,,21.846,20.39,5.0401,36.695,227.94,0.443,-9.99,,,-9.99,,
20029002,1991.138419,31.764,64.156,,,24,,,23.8319,20.388,5.04,36.695,227.83,0.443,-9.99,,,-9.99,,
20029002,1991.138419,31.764,64.156,,,26,,,25.8178,20.387,5.0399,36.694,227.55,0.442,-9.99,,,-9.99,,
20029002,1991.138419,31.764,64.156,,,28,,,27.8036,20.385,5.0398,36.694,227.69,0.441,-9.99,,,-9.99,,
20029002,1991.138419,31.764,64.156,,,30,,,29.7894,20.385,5.0398,36.694,227.82,0.441,-9.99,,,-9.99,,
20029002,1991.138419,31.764,64.156,,,32,,,31.7752,20.384,5.0398,36.694,227.51,0.441,-9.99,,,-9.99,,
20029002,1991.138419,31.764,64.156,,,34,,,33.761,20.383,5.0398,36.694,227.29,0.441,-9.99,,,-9.99,,
20029002,1991.138419,31.764,64.156,,,36,,,35.7468,20.383,5.0399,36.694,227.11,0.439,-9.99,,,-9.99,,
20029002,1991.138419,31.764,64.156,,,38,,,37.7325,20.384,5.0402,36.695,227.26,0.439,-9.99,,,-9.99,,
20029002,1991.138419,31.764,64.156,,,40,,,39.7183,20.384,5.0403,36.695,227.68,0.439,-9.99,,,-9.99,,
20029002,1991.138419,31.764,64.156,,,42,,,41.704,20.385,5.0405,36.695,228.24,0.438,-9.99,,,-9.99,,
20029002,1991.138419,31.764,64.156,,,44,,,43.6897,20.385,5.0406,36.695,228.74,0.437,-9.99,,,-9.99,,
20029002,1991.138419,31.764,64.156,,,46,,,45.6754,20.385,5.0407,36.695,228.68,0.437,-9.99,,,-9.99,,
20029002,1991.138419,31.764,64.156,,,48,,,47.661,20.385,5.0408,36.695,228.46,0.437,-9.99,,,-9.99,,
20029002,1991.138419,31.764,64.156,,,50,,,49.6466,20.386,5.041,36.695,228.18,0.437,-9.99,,,-9.99,,
20029002,1991.138419,31.764,64.156,,,52,,,51.6323,20.386,5.0411,36.695,228.13,0.434,-9.99,,,-9.99,,
20029002,1991.138419,31.764,64.156,,,54,,,53.6179,20.386,5.0412,36.695,228.06,0.434,-9.99,,,-9.99,,
20029002,1991.138419,31.764,64.156,,,56,,,55.6034,20.386,5.0412,36.695,227.93,0.435,-9.99,,,-9.99,,
20029002,1991.138419,31.764,64.156,,,58,,,57.589,20.387,5.0414,36.695,228.06,0.434,-9.99,,,-9.99,,
20029002,1991.138419,31.764,64.156,,,60,,,59.5745,20.387,5.0417,36.696,228.08,0.435,-9.99,,,-9.99,,
20029002,1991.138419,31.764,64.156,,,62,,,61.56,20.388,5.0417,36.695,227.79,0.433,-9.99,,,-9.99,,
20029002,1991.138419,31.764,64.156,,,64,,,63.5455,20.388,5.0418,36.695,227.79,0.434,-9.99,,,-9.99,,
20029002,1991.138419,31.764,64.156,,,66,,,65.531,20.388,5.0419,36.695,227.83,0.434,-9.99,,,-9.99,,
20029002,1991.138419,31.764,64.156,,,68,,,67.5165,20.389,5.0421,36.695,227.67,0.434,-9.99,,,-9.99,,
20029002,1991.138419,31.764,64.156,,,70,,,69.5019,20.389,5.0422,36.695,227.57,0.435,-9.99,,,-9.99,,
20029002,1991.138419,31.764,64.156,,,72,,,71.4874,20.389,5.0423,36.695,227.64,0.435,-9.99,,,-9.99,,
20029002,1991.138419,31.764,64.156,,,74,,,73.4728,20.387,5.0422,36.695,227.57,0.431,-9.99,,,-9.99,,
20029002,1991.138419,31.764,64.156,,,76,,,75.4581,20.389,5.0425,36.695,227.57,0.432,-9.99,,,-9.99,,
20029002,1991.138419,31.764,64.156,,,78,,,77.4435,20.389,5.0426,36.695,227.59,0.432,-9.99,,,-9.99,,
20029002,1991.138419,31.764,64.156,,,80,,,79.4289,20.389,5.0426,36.695,227.72,0.431,-9.99,,,-9.99,,
20029002,1991.138419,31.764,64.156,,,82,,,81.4142,20.388,5.0426,36.695,227.76,0.43,-9.99,,,-9.99,,
20029002,1991.138419,31.764,64.156,,,84,,,83.3995,20.388,5.0426,36.694,227.49,0.429,-9.99,,,-9.99,,
20029002,1991.138419,31.764,64.156,,,86,,,85.3848,20.388,5.0427,36.694,227.28,0.428,-9.99,,,-9.99,,
20029002,1991.138419,31.764,64.156,,,88,,,87.37,20.388,5.0428,36.694,227.15,0.428,-9.99,,,-9.99,,
20029002,1991.138419,31.764,64.156,,,90,,,89.3553,20.388,5.0429,36.694,226.97,0.428,-9.99,,,-9.99,,
20029002,1991.138419,31.764,64.156,,,92,,,91.3405,20.389,5.0431,36.694,226.88,0.428,-9.99,,,-9.99,,
20029002,1991.138419,31.764,64.156,,,94,,,93.3257,20.39,5.0433,36.694,227.03,0.429,-9.99,,,-9.99,,
20029002,1991.138419,31.764,64.156,,,96,,,95.3109,20.39,5.0433,36.694,227.14,0.428,-9.99,,,-9.99,,
20029002,1991.138419,31.764,64.156,,,98,,,97.2961,20.391,5.0435,36.694,227.25,0.428,-9.99,,,-9.99,,
20029002,1991.138419,31.764,64.156,,100,,,99.2813,20.392,5.0437,36.694,227.36,0.429,-9.99,,,-9.99,,,
20029002,1991.138419,31.764,64.156,,102,,101.2664,20.392,5.044,36.695,227.47,0.43,-9.99,,,-9.99,,,,
20029002,1991.138419,31.764,64.156,,104,,103.2515,20.393,5.0441,36.695,227.48,0.428,-9.99,,,-9.99,,,,
20029002,1991.138419,31.764,64.156,,106,,105.2366,20.393,5.0442,36.695,227.24,0.427,-9.99,,,-9.99,,,,
20029002,1991.138419,31.764,64.156,,108,,107.2217,20.392,5.0441,36.694,227.07,0.427,-9.99,,,-9.99,,,,
20029002,1991.138419,31.764,64.156,,110,,109.2067,20.393,5.0443,36.694,226.84,0.426,-9.99,,,-9.99,,,,
20029002,1991.138419,31.764,64.156,,112,,111.1918,20.393,5.0444,36.694,226.59,0.427,-9.99,,,-9.99,,,,
20029002,1991.138419,31.764,64.156,,114,,113.1768,20.393,5.0445,36.694,226.64,0.427,-9.99,,,-9.99,,,,
20029002,1991.138419,31.764,64.156,,116,,115.1618,20.393,5.0446,36.694,226.74,0.426,-9.99,,,-9.99,,,,
20029002,1991.138419,31.764,64.156,,118,,117.1468,20.392,5.0445,36.694,226.77,0.427,-9.99,,,-9.99,,,,
20029002,1991.138419,31.764,64.156,,120,,119.1317,20.393,5.0446,36.693,226.87,0.426,-9.99,,,-9.99,,,,
20029002,1991.138419,31.764,64.156,,122,,121.1167,20.393,5.0447,36.693,226.93,0.426,-9.99,,,-9.99,,,,
20029002,1991.138419,31.764,64.156,,124,,123.1016,20.393,5.0448,36.693,226.72,0.427,-9.99,,,-9.99,,,,
20029002,1991.138419,31.764,64.156,,126,,125.0865,20.394,5.0451,36.694,226.46,0.426,-9.99,,,-9.99,,,,
20029002,1991.138419,31.764,64.156,,128,,127.0714,20.392,5.0449,36.693,225.91,0.426,-9.99,,,-9.99,,,,
20029002,1991.138419,31.764,64.156,,130,,129.0562,20.392,5.045,36.693,225.6,0.426,-9.99,,,-9.99,,,,
20029002,1991.138419,31.764,64.156,,132,,131.0411,20.393,5.0452,36.693,225.46,0.426,-9.99,,,-9.99,,,,
20029002,1991.138419,31.764,64.156,,134,,133.0259,20.396,5.0456,36.693,225.54,0.427,-9.99,,,-9.99,,,,
20029002,1991.138419,31.764,64.156,,136,,135.0107,20.394,5.0454,36.693,225.63,0.426,-9.99,,,-9.99,,,,
20029002,1991.138419,31.764,64.156,,138,,136.9955,20.394,5.0455,36.693,225.75,0.427,-9.99,,,-9.99,,,,
20029002,1991.138419,31.764,64.156,,140,,138.9803,20.399,5.0463,36.694,225.98,0.426,-9.99,,,-9.99,,,,
20029002,1991.138419,31.764,64.156,,142,,140.965,20.396,5.046,36.694,226.38,0.426,-9.99,,,-9.99,,,,
20029002,1991.138419,31.764,64.156,,144,,142.9498,20.398,5.0462,36.693,226.51,0.426,-9.99,,,-9.99,,,,
20029002,1991.138419,31.764,64.156,,146,,144.9345,20.397,5.0463,36.694,226.52,0.426,-9.99,,,-9.99,,,,
20029002,1991.138419,31.764,64.156,,148,,146.9192,20.396,5.0462,36.693,226.21,0.426,-9.99,,,-9.99,,,,
20029002,1991.138419,31.764,64.156,,150,,148.9038,20.397,5.0464,36.693,226.11,0.426,-9.99,,,-9.99,,,,
20029002,1991.138419,31.764,64.156,,152,,150.8885,20.399,5.0468,36.694,225.83,0.425,-9.99,,,-9.99,,,,
20029002,1991.138419,31.764,64.156,,154,,152.8731,20.399,5.0469,36.694,225.54,0.426,-9.99,,,-9.99,,,,
20029002,1991.138419,31.764,64.156,,156,,154.8577,20.397,5.0467,36.693,225.58,0.426,-9.99,,,-9.99,,,,
20029002,1991.138419,31.764,64.156,,158,,156.8423,20.398,5.0469,36.693,225.66,0.426,-9.99,,,-9.99,,,,
20029002,1991.138419,31.764,64.156,,160,,158.8269,20.4,5.0473,36.694,225.74,0.429,-9.99,,,-9.99,,,,
20029002,1991.138419,31.764,64.156,,162,,160.8115,20.401,5.0475,36.694,225.68,0.426,-9.99,,,-9.99,,,,
20029002,1991.138419,31.764,64.156,,164,,162.796,20.401,5.0476,36.694,225.46,0.426,-9.99,,,-9.99,,,,
20029002,1991.138419,31.764,64.156,,166,,164.7805,20.402,5.0478,36.694,225.45,0.426,-9.99,,,-9.99,,,,
20029002,1991.138419,31.764,64.156,,168,,166.765,20.402,5.0479,36.694,225.32,0.425,-9.99,,,-9.99,,,,
20029002,1991.138419,31.764,64.156,,170,,168.7495,20.401,5.0478,36.694,225.11,0.426,-9.99,,,-9.99,,,,
20029002,1991.138419,31.764,64.156,,172,,170.734,20.402,5.048,36.694,224.91,0.426,-9.99,,,-9.99,,,,
20029002,1991.138419,31.764,64.156,,174,,172.7184,20.4,5.0479,36.694,224.85,0.426,-9.99,,,-9.99,,,,
20029002,1991.138419,31.764,64.156,,176,,174.7028,20.399,5.0479,36.694,224.96,0.426,-9.99,,,-9.99,,,,
20029002,1991.138419,31.764,64.156,,178,,176.6873,20.398,5.0479,36.694,225.03,0.424,-9.99,,,-9.99,,,,
20029002,1991.138419,31.764,64.156,,180,,178.6716,20.397,5.0479,36.694,225.1,0.424,-9.99,,,-9.99,,,,
20029002,1991.138419,31.764,64.156,,182,,180.656,20.394,5.0475,36.693,225.18,0.424,-9.99,,,-9.99,,,,
20029002,1991.138419,31.764,64.156,,184,,182.6403,20.391,5.0473,36.693,225.25,0.424,-9.99,,,-9.99,,,,
20029002,1991.138419,31.764,64.156,,186,,184.6247,20.389,5.047,36.692,225.24,0.423,-9.99,,,-9.99,,,,
20029002,1991.138419,31.764,64.156,,188,,186.609,20.389,5.0471,36.692,225.02,0.421,-9.99,,,-9.99,,,,
20029002,1991.138419,31.764,64.156,,190,,188.5933,20.389,5.0471,36.691,224.65,0.421,-9.99,,,-9.99,,,,
20029002,1991.138419,31.764,64.156,,192,,190.5775,20.384,5.0465,36.69,224.34,0.421,-9.99,,,-9.99,,,,
20029002,1991.138419,31.764,64.156,,194,,192.5618,20.383,5.0465,36.69,224.02,0.421,-9.99,,,-9.99,,,,
20029002,1991.138419,31.764,64.156,,196,,194.546,20.381,5.0464,36.69,223.57,0.421,-9.99,,,-9.99,,,,
20029002,1991.138419,31.764,64.156,,198,,196.5302,20.377,5.0461,36.69,223.21,0.419,-9.99,,,-9.99,,,,
20029002,1991.138419,31.764,64.156,,200,,198.5144,20.37,5.0454,36.69,222.56,0.419,-9.99,,,-9.99,,,,
20029002,1991.138419,31.764,64.156,,202,,200.4986,20.355,5.0438,36.689,222.02,0.416,-9.99,,,-9.99,,,,
20029002,1991.138419,31.764,64.156,,204,,202.4828,20.325,5.0404,36.687,221.72,0.415,-9.99,,,-9.99,,,,
20029002,1991.138419,31.764,64.156,,206,,204.4669,20.293,5.0368,36.684,221.4,0.413,-9.99,,,-9.99,,,,
20029002,1991.138419,31.764,64.156,,208,,206.451,20.269,5.0335,36.677,220.46,0.411,-9.99,,,-9.99,,,,
20029002,1991.138419,31.764,64.156,,210,,208.4351,20.212,5.0272,36.674,219.77,0.415,-9.99,,,-9.99,,,,
20029002,1991.138419,31.764,64.156,,212,,210.4192,20.097,5.0147,36.671,218.67,0.407,-9.99,,,-9.99,,,,
20029002,1991.138419,31.764,64.156,,214,,212.4032,19.965,4.9994,36.659,216.84,0.404,-9.99,,,-9.99,,,,
20029002,1991.138419,31.764,64.156,,216,,214.3873,19.699,4.9706,36.653,215.1,0.403,-9.99,,,-9.99,,,,
20029002,1991.138419,31.764,64.156,,218,,216.3713,19.619,4.9612,36.644,212.11,0.402,-9.99,,,-9.99,,,,
20029002,1991.138419,31.764,64.156,,220,,218.3553,19.566,4.9552,36.64,210.21,0.402,-9.99,,,-9.99,,,,
20029002,1991.138419,31.764,64.156,,222,,220.3393,19.534,4.9517,36.638,208.54,0.401,-9.99,,,-9.99,,,,
20029002,1991.138419,31.764,64.156,,224,,222.3233,19.508,4.9485,36.633,206.55,0.4,-9.99,,,-9.99,,,,
20029002,1991.138419,31.764,64.156,,226,,224.3072,19.457,4.9432,36.633,205.56,0.402,-9.99,,,-9.99,,,,
20029002,1991.138419,31.764,64.156,,228,,226.2911,19.411,4.9383,36.632,204.5,0.4,-9.99,,,-9.99,,,,
20029002,1991.138419,31.764,64.156,,230,,228.275,19.353,4.9319,36.629,203.55,0.4,-9.99,,,-9.99,,,,
20029002,1991.138419,31.764,64.156,,232,,230.2589,19.321,4.9284,36.627,203.19,0.4,-9.99,,,-9.99,,,,
20029002,1991.138419,31.764,64.156,,234,,232.2428,19.3,4.9259,36.624,202.89,0.4,-9.99,,,-9.99,,,,
20029002,1991.138419,31.764,64.156,,236,,234.2266,19.283,4.9242,36.624,202.75,0.399,-9.99,,,-9.99,,,,
20029002,1991.138419,31.764,64.156,,238,,236.2105,19.217,4.9173,36.623,202.62,0.4,-9.99,,,-9.99,,,,
20029002,1991.138419,31.764,64.156,,240,,238.1943,19.153,4.9099,36.617,202.48,0.398,-9.99,,,-9.99,,,,
20029002,1991.138419,31.764,64.156,,242,,240.1781,19.127,4.9072,36.616,202.47,0.398,-9.99,,,-9.99,,,,
20029002,1991.138419,31.764,64.156,,244,,242.1618,19.092,4.9034,36.615,202.4,0.398,-9.99,,,-9.99,,,,
20029002,1991.138419,31.764,64.156,,246,,244.1456,19.076,4.9016,36.613,202.37,0.398,-9.99,,,-9.99,,,,
20029002,1991.138419,31.764,64.156,,248,,246.1293,19.061,4.9,36.612,202.36,0.398,-9.99,,,-9.99,,,,
20029002,1991.138419,31.764,64.156,,250,,248.113,19.04,4.8978,36.611,202.35,0.397,-9.99,,,-9.99,,,,
20029002,1991.138419,31.764,64.156,,252,,250.0967,19.019,4.8953,36.608,202.35,0.397,-9.99,,,-9.99,,,,
20029002,1991.138419,31.764,64.156,,254,,252.0804,18.995,4.8926,36.606,202.37,0.397,-9.99,,,-9.99,,,,
20029002,1991.138419,31.764,64.156,,256,,254.0641,18.972,4.8902,36.605,202.41,0.397,-9.99,,,-9.99,,,,
20029003,1991.138746,31.792,64.16,,,,3,,,,2.9791,20.583,5.0599,36.696,224.2,0.451,-9.99,,,-9.99
20029003,1991.138746,31.792,64.16,,,,5,,,,4.9652,20.584,5.0601,36.696,224.45,0.447,-9.99,,,-9.99
20029003,1991.138746,31.792,64.16,,,,7,,,,6.9512,20.57,5.0588,36.697,225.05,0.445,-9.99,,,-9.99
20029003,1991.138746,31.792,64.16,,,,9,,,,8.9373,20.451,5.0465,36.699,225.23,0.451,-9.99,,,-9.99
20029003,1991.138746,31.792,64.16,,,11,,,10.9233,20.407,5.0416,36.696,225.35,0.454,-9.99,,,-9.99,,
20029003,1991.138746,31.792,64.16,,,13,,,12.9093,20.402,5.0409,36.694,224.61,0.454,-9.99,,,-9.99,,
20029003,1991.138746,31.792,64.16,,,15,,,14.8952,20.399,5.0406,36.694,224.29,0.454,-9.99,,,-9.99,,
20029003,1991.138746,31.792,64.16,,,17,,,16.8812,20.397,5.0405,36.694,224.05,0.455,-9.99,,,-9.99,,
20029003,1991.138746,31.792,64.16,,,19,,,18.8671,20.393,5.0401,36.693,223.77,0.456,-9.99,,,-9.99,,
20029003,1991.138746,31.792,64.16,,,21,,,20.853,20.389,5.0397,36.693,223.89,0.456,-9.99,,,-9.99,,
20029003,1991.138746,31.792,64.16,,,23,,,22.8389,20.384,5.0393,36.693,223.82,0.456,-9.99,,,-9.99,,
20029003,1991.138746,31.792,64.16,,,25,,,24.8248,20.38,5.039,36.693,223.7,0.456,-9.99,,,-9.99,,
20029003,1991.138746,31.792,64.16,,,27,,,26.8106,20.378,5.0388,36.693,223.61,0.456,-9.99,,,-9.99,,
20029003,1991.138746,31.792,64.16,,,29,,,28.7965,20.378,5.0388,36.692,223.41,0.456,-9.99,,,-9.99,,
20029003,1991.138746,31.792,64.16,,,31,,,30.7823,20.377,5.0388,36.692,223.26,0.456,-9.99,,,-9.99,,
20029003,1991.138746,31.792,64.16,,,33,,,32.7681,20.378,5.039,36.692,223.71,0.457,-9.99,,,-9.99,,
20029003,1991.138746,31.792,64.16,,,35,,,34.7538,20.378,5.0391,36.692,224.13,0.455,-9.99,,,-9.99,,
20029003,1991.138746,31.792,64.16,,,37,,,36.7396,20.377,5.0391,36.692,224.85,0.455,-9.99,,,-9.99,,
20029003,1991.138746,31.792,64.16,,,39,,,38.7253,20.376,5.039,36.692,225.2,0.454,-9.99,,,-9.99,,
20029003,1991.138746,31.792,64.16,,,41,,,40.711,20.377,5.0392,36.692,225.32,0.454,-9.99,,,-9.99,,
20029003,1991.138746,31.792,64.16,,,43,,,42.6967,20.375,5.0391,36.692,225.46,0.453,-9.99,,,-9.99,,
20029003,1991.138746,31.792,64.16,,,45,,,44.6824,20.375,5.0392,36.692,225.59,0.452,-9.99,,,-9.99,,
20029003,1991.138746,31.792,64.16,,,47,,,46.6681,20.373,5.0391,36.692,225.71,0.45,-9.99,,,-9.99,,
20029003,1991.138746,31.792,64.16,,,49,,,48.6537,20.372,5.0391,36.692,225.55,0.446,-9.99,,,-9.99,,
20029003,1991.138746,31.792,64.16,,,51,,,50.6393,20.372,5.0392,36.692,225.39,0.445,-9.99,,,-9.99,,
20029003,1991.138746,31.792,64.16,,,53,,,52.6249,20.373,5.0394,36.692,225.41,0.445,-9.99,,,-9.99,,
20029003,1991.138746,31.792,64.16,,,55,,,54.6105,20.373,5.0393,36.691,225.54,0.445,-9.99,,,-9.99,,
20029003,1991.138746,31.792,64.16,,,57,,,56.5961,20.373,5.0395,36.692,225.51,0.445,-9.99,,,-9.99,,
20029003,1991.138746,31.792,64.16,,,59,,,58.5816,20.374,5.0397,36.692,225.56,0.445,-9.99,,,-9.99,,
20029003,1991.138746,31.792,64.16,,,61,,,60.5672,20.374,5.0398,36.692,225.69,0.445,-9.99,,,-9.99,,
20029003,1991.138746,31.792,64.16,,,63,,,62.5527,20.374,5.0399,36.692,225.6,0.443,-9.99,,,-9.99,,
20029003,1991.138746,31.792,64.16,,,65,,,64.5381,20.374,5.04,36.692,225.47,0.441,-9.99,,,-9.99,,
20029003,1991.138746,31.792,64.16,,,67,,,66.5236,20.374,5.04,36.691,225.15,0.441,-9.99,,,-9.99,,
20029003,1991.138746,31.792,64.16,,,69,,,68.5091,20.374,5.0401,36.691,224.93,0.441,-9.99,,,-9.99,,
20029003,1991.138746,31.792,64.16,,,71,,,70.4945,20.374,5.0402,36.691,224.52,0.44,-9.99,,,-9.99,,
20029003,1991.138746,31.792,64.16,,,73,,,72.4799,20.375,5.0404,36.691,224.24,0.44,-9.99,,,-9.99,,
20029003,1991.138746,31.792,64.16,,,75,,,74.4653,20.375,5.0404,36.691,224.16,0.439,-9.99,,,-9.99,,
20029003,1991.138746,31.792,64.16,,,77,,,76.4507,20.375,5.0405,36.691,224.07,0.441,-9.99,,,-9.99,,
20029003,1991.138746,31.792,64.16,,,79,,,78.436,20.375,5.0406,36.691,224.21,0.439,-9.99,,,-9.99,,
20029003,1991.138746,31.792,64.16,,,81,,,80.4213,20.376,5.0408,36.691,224.8,0.439,-9.99,,,-9.99,,
20029003,1991.138746,31.792,64.16,,,83,,,82.4066,20.376,5.0409,36.691,225.42,0.439,-9.99,,,-9.99,,
20029003,1991.138746,31.792,64.16,,,85,,,84.3919,20.375,5.041,36.692,225.58,0.437,-9.99,,,-9.99,,
20029003,1991.138746,31.792,64.16,,,87,,,86.3772,20.376,5.0411,36.691,225.59,0.435,-9.99,,,-9.99,,
20029003,1991.138746,31.792,64.16,,,89,,,88.3625,20.377,5.0413,36.691,225.4,0.435,-9.99,,,-9.99,,
20029003,1991.138746,31.792,64.16,,,91,,,90.3477,20.376,5.0414,36.692,225.31,0.434,-9.99,,,-9.99,,
20029003,1991.138746,31.792,64.16,,,93,,,92.3329,20.376,5.0414,36.691,225.31,0.435,-9.99,,,-9.99,,
20029003,1991.138746,31.792,64.16,,,95,,,94.3181,20.377,5.0416,36.691,224.93,0.434,-9.99,,,-9.99,,
20029003,1991.138746,31.792,64.16,,,97,,,96.3033,20.378,5.0418,36.691,224.68,0.434,-9.99,,,-9.99,,
20029003,1991.138746,31.792,64.16,,,99,,,98.2885,20.378,5.0418,36.691,224.53,0.433,-9.99,,,-9.99,,
20029003,1991.138746,31.792,64.16,,101,,100.2736,20.378,5.0419,36.691,224.38,0.432,-9.99,,,-9.99,,,,
20029003,1991.138746,31.792,64.16,,103,,102.2587,20.378,5.042,36.691,224.47,0.431,-9.99,,,-9.99,,,,
20029003,1991.138746,31.792,64.16,,105,,104.2438,20.379,5.0422,36.691,224.1,0.432,-9.99,,,-9.99,,,,
20029003,1991.138746,31.792,64.16,,107,,106.2289,20.38,5.0424,36.691,223.93,0.433,-9.99,,,-9.99,,,,
20029003,1991.138746,31.792,64.16,,109,,108.214,20.379,5.0424,36.691,223.72,0.431,-9.99,,,-9.99,,,,
20029003,1991.138746,31.792,64.16,,111,,110.199,20.379,5.0425,36.691,223.46,0.43,-9.99,,,-9.99,,,,
20029003,1991.138746,31.792,64.16,,113,,112.184,20.38,5.0427,36.691,223.56,0.43,-9.99,,,-9.99,,,,
20029003,1991.138746,31.792,64.16,,115,,114.169,20.38,5.0428,36.691,223.65,0.43,-9.99,,,-9.99,,,,
20029003,1991.138746,31.792,64.16,,117,,116.154,20.38,5.0429,36.691,223.47,0.429,-9.99,,,-9.99,,,,
20029003,1991.138746,31.792,64.16,,119,,118.139,20.38,5.043,36.691,223.25,0.43,-9.99,,,-9.99,,,,
20029003,1991.138746,31.792,64.16,,121,,120.1239,20.38,5.043,36.691,223.16,0.43,-9.99,,,-9.99,,,,
20029003,1991.138746,31.792,64.16,,123,,122.1089,20.381,5.0432,36.691,223.33,0.43,-9.99,,,-9.99,,,,
20029003,1991.138746,31.792,64.16,,125,,124.0938,20.381,5.0433,36.691,223.77,0.43,-9.99,,,-9.99,,,,
20029003,1991.138746,31.792,64.16,,127,,126.0787,20.382,5.0435,36.691,224.23,0.429,-9.99,,,-9.99,,,,
20029003,1991.138746,31.792,64.16,,129,,128.0635,20.382,5.0436,36.691,224.36,0.43,-9.99,,,-9.99,,,,
20029003,1991.138746,31.792,64.16,,131,,130.0484,20.383,5.0438,36.691,224.45,0.43,-9.99,,,-9.99,,,,
20029003,1991.138746,31.792,64.16,,133,,132.0332,20.382,5.0438,36.691,224.55,0.429,-9.99,,,-9.99,,,,
20029003,1991.138746,31.792,64.16,,135,,134.018,20.381,5.0438,36.691,224.64,0.427,-9.99,,,-9.99,,,,
20029003,1991.138746,31.792,64.16,,137,,136.0028,20.382,5.044,36.691,224.74,0.428,-9.99,,,-9.99,,,,
20029003,1991.138746,31.792,64.16,,139,,137.9876,20.382,5.0441,36.691,224.83,0.428,-9.99,,,-9.99,,,,
20029003,1991.138746,31.792,64.16,,141,,139.9723,20.382,5.0442,36.691,224.85,0.427,-9.99,,,-9.99,,,,
20029003,1991.138746,31.792,64.16,,143,,141.9571,20.383,5.0443,36.691,224.66,0.428,-9.99,,,-9.99,,,,
20029003,1991.138746,31.792,64.16,,145,,143.9418,20.383,5.0444,36.691,224.39,0.428,-9.99,,,-9.99,,,,
20029003,1991.138746,31.792,64.16,,147,,145.9265,20.383,5.0445,36.691,224.18,0.428,-9.99,,,-9.99,,,,
20029003,1991.138746,31.792,64.16,,149,,147.9112,20.383,5.0446,36.691,223.83,0.428,-9.99,,,-9.99,,,,
20029003,1991.138746,31.792,64.16,,151,,149.8958,20.383,5.0447,36.691,223.4,0.428,-9.99,,,-9.99,,,,
20029003,1991.138746,31.792,64.16,,153,,151.8805,20.384,5.0449,36.691,223.47,0.428,-9.99,,,-9.99,,,,
20029003,1991.138746,31.792,64.16,,155,,153.8651,20.384,5.0449,36.69,223.56,0.428,-9.99,,,-9.99,,,,
20029003,1991.138746,31.792,64.16,,157,,155.8497,20.384,5.045,36.69,223.64,0.429,-9.99,,,-9.99,,,,
20029003,1991.138746,31.792,64.16,,159,,157.8343,20.384,5.0452,36.691,223.91,0.43,-9.99,,,-9.99,,,,
20029003,1991.138746,31.792,64.16,,161,,159.8188,20.384,5.0453,36.691,224.31,0.429,-9.99,,,-9.99,,,,
20029003,1991.138746,31.792,64.16,,163,,161.8034,20.385,5.0453,36.69,224.46,0.43,-9.99,,,-9.99,,,,
20029003,1991.138746,31.792,64.16,,165,,163.7879,20.385,5.0454,36.69,224.53,0.43,-9.99,,,-9.99,,,,
20029003,1991.138746,31.792,64.16,,167,,165.7724,20.385,5.0455,36.69,224.61,0.428,-9.99,,,-9.99,,,,
20029003,1991.138746,31.792,64.16,,169,,167.7569,20.385,5.0456,36.69,224.69,0.427,-9.99,,,-9.99,,,,
20029003,1991.138746,31.792,64.16,,171,,169.7414,20.385,5.0457,36.69,224.57,0.428,-9.99,,,-9.99,,,,
20029003,1991.138746,31.792,64.16,,173,,171.7258,20.385,5.0458,36.69,224.32,0.427,-9.99,,,-9.99,,,,
20029003,1991.138746,31.792,64.16,,175,,173.7102,20.383,5.0457,36.69,223.97,0.426,-9.99,,,-9.99,,,,
20029003,1991.138746,31.792,64.16,,177,,175.6946,20.382,5.0456,36.69,223.65,0.424,-9.99,,,-9.99,,,,
20029003,1991.138746,31.792,64.16,,179,,177.679,20.382,5.0457,36.69,223.69,0.424,-9.99,,,-9.99,,,,
20029003,1991.138746,31.792,64.16,,181,,179.6634,20.379,5.0455,36.69,223.72,0.426,-9.99,,,-9.99,,,,
20029003,1991.138746,31.792,64.16,,183,,181.6478,20.379,5.0455,36.689,223.49,0.424,-9.99,,,-9.99,,,,
20029003,1991.138746,31.792,64.16,,185,,183.6321,20.378,5.0455,36.689,223.39,0.424,-9.99,,,-9.99,,,,
20029003,1991.138746,31.792,64.16,,187,,185.6164,20.378,5.0455,36.689,223.18,0.424,-9.99,,,-9.99,,,,
20029003,1991.138746,31.792,64.16,,189,,187.6007,20.377,5.0455,36.689,223.03,0.424,-9.99,,,-9.99,,,,
20029003,1991.138746,31.792,64.16,,191,,189.585,20.376,5.0455,36.689,222.59,0.424,-9.99,,,-9.99,,,,
20029003,1991.138746,31.792,64.16,,193,,191.5692,20.365,5.0444,36.689,222.39,0.423,-9.99,,,-9.99,,,,
20029003,1991.138746,31.792,64.16,,195,,193.5535,20.329,5.0406,36.688,222.17,0.414,-9.99,,,-9.99,,,,
20029003,1991.138746,31.792,64.16,,197,,195.5377,20.303,5.0378,36.687,222.04,0.415,-9.99,,,-9.99,,,,
20029003,1991.138746,31.792,64.16,,199,,197.5219,20.291,5.0365,36.686,221.77,0.411,-9.99,,,-9.99,,,,
20029003,1991.138746,31.792,64.16,,201,,199.5061,20.262,5.0334,36.685,221.57,0.409,-9.99,,,-9.99,,,,
20029003,1991.138746,31.792,64.16,,203,,201.4902,20.185,5.0252,36.684,221.23,0.404,-9.99,,,-9.99,,,,
20029003,1991.138746,31.792,64.16,,205,,203.4744,20.06,5.0107,36.673,220.39,0.403,-9.99,,,-9.99,,,,
20029003,1991.138746,31.792,64.16,,207,,205.4585,20.005,5.0039,36.664,218.76,0.404,-9.99,,,-9.99,,,,
20029003,1991.138746,31.792,64.16,,209,,207.4426,19.969,4.9997,36.66,217.34,0.401,-9.99,,,-9.99,,,,
20029003,1991.138746,31.792,64.16,,211,,209.4267,19.959,4.9984,36.657,214.56,0.401,-9.99,,,-9.99,,,,
20029003,1991.138746,31.792,64.16,,213,,211.4107,19.931,4.9949,36.652,211.34,0.401,-9.99,,,-9.99,,,,
20029003,1991.138746,31.792,64.16,,215,,213.3948,19.822,4.9833,36.651,210.52,0.4,-9.99,,,-9.99,,,,
20029003,1991.138746,31.792,64.16,,217,,215.3788,19.758,4.9767,36.651,208.37,0.399,-9.99,,,-9.99,,,,
20029003,1991.138746,31.792,64.16,,219,,217.3628,19.699,4.9697,36.644,206.21,0.399,-9.99,,,-9.99,,,,
20029003,1991.138746,31.792,64.16,,221,,219.3468,19.619,4.9607,36.639,205,0.399,-9.99,,,-9.99,,,,
20029003,1991.138746,31.792,64.16,,223,,221.3308,19.584,4.957,36.638,204.54,0.399,-9.99,,,-9.99,,,,
20029003,1991.138746,31.792,64.16,,225,,223.3147,19.561,4.9542,36.634,203.79,0.399,-9.99,,,-9.99,,,,
20029003,1991.138746,31.792,64.16,,227,,225.2986,19.494,4.9471,36.633,203.13,0.398,-9.99,,,-9.99,,,,
20029003,1991.138746,31.792,64.16,,229,,227.2826,19.416,4.9386,36.63,202.66,0.398,-9.99,,,-9.99,,,,
20029003,1991.138746,31.792,64.16,,231,,229.2664,19.377,4.9345,36.629,202.57,0.398,-9.99,,,-9.99,,,,
20029003,1991.138746,31.792,64.16,,233,,231.2503,19.358,4.9325,36.628,202.43,0.397,-9.99,,,-9.99,,,,
20029003,1991.138746,31.792,64.16,,235,,233.2342,19.336,4.9299,36.625,202.25,0.397,-9.99,,,-9.99,,,,
20029003,1991.138746,31.792,64.16,,237,,235.218,19.306,4.9266,36.623,202.15,0.398,-9.99,,,-9.99,,,,
20029003,1991.138746,31.792,64.16,,239,,237.2018,19.284,4.9242,36.622,202.14,0.398,-9.99,,,-9.99,,,,
20029003,1991.138746,31.792,64.16,,241,,239.1856,19.229,4.9181,36.618,202.15,0.397,-9.99,,,-9.99,,,,
20029003,1991.138746,31.792,64.16,,243,,241.1694,19.183,4.9131,36.616,202.17,0.397,-9.99,,,-9.99,,,,
20029003,1991.138746,31.792,64.16,,245,,243.1532,19.118,4.9061,36.614,202.19,0.396,-9.99,,,-9.99,,,,
20029003,1991.138746,31.792,64.16,,247,,245.1369,19.082,4.9021,36.611,202.22,0.396,-9.99,,,-9.99,,,,
20029003,1991.138746,31.792,64.16,,249,,247.1206,19.046,4.8984,36.611,202.26,0.396,-9.99,,,-9.99,,,,
20029003,1991.138746,31.792,64.16,,251,,249.1043,19.052,4.8988,36.609,202.31,0.396,-9.99,,,-9.99,,,,
20029003,1991.138746,31.792,64.16,,253,,251.088,18.985,4.8918,36.608,202.41,0.395,-9.99,,,-9.99,,,,
20029003,1991.138746,31.792,64.16,,255,,253.0717,18.952,4.8877,36.602,202.78,0.395,-9.99,,,-9.99,,,,
