20041001,1992.151627,31.891,64.106,,,,5,,,,4.9652,19.5894,4.9559,36.7057,233.52,0.472,0.09,,,-9.99
20041001,1992.151627,31.891,64.106,,,,7,,,,6.9512,19.5847,4.9555,36.7059,233.4,0.472,0.085,,,-9.99
20041001,1992.151627,31.891,64.106,,,,9,,,,8.9372,19.5831,4.9555,36.706,233.31,0.472,0.093,,,-9.99
20041001,1992.151627,31.891,64.106,,,11,,,10.9232,19.5826,4.9555,36.7058,233.24,0.472,0.096,,,-9.99,,
20041001,1992.151627,31.891,64.106,,,13,,,12.9092,19.5742,4.9547,36.706,233.29,0.472,0.098,,,-9.99,,
20041001,1992.151627,31.891,64.106,,,15,,,14.8951,19.5667,4.954,36.7059,233.36,0.471,0.104,,,-9.99,,
20041001,1992.151627,31.891,64.106,,,17,,,16.881,19.5406,4.9513,36.7057,233.47,0.468,0.11,,,-9.99,,
20041001,1992.151627,31.891,64.106,,,19,,,18.8669,19.5244,4.9496,36.7051,233.53,0.466,0.121,,,-9.99,,
20041001,1992.151627,31.891,64.106,,,21,,,20.8528,19.5146,4.9485,36.7039,233.6,0.465,0.122,,,-9.99,,
20041001,1992.151627,31.891,64.106,,,23,,,22.8387,19.4856,4.9448,36.6978,233.62,0.462,0.126,,,-9.99,,
20041001,1992.151627,31.891,64.106,,,25,,,24.8246,19.4577,4.9412,36.6916,233.46,0.46,0.129,,,-9.99,,
20041001,1992.151627,31.891,64.106,,,27,,,26.8104,19.4401,4.9388,36.6864,232.83,0.458,0.128,,,-9.99,,
20041001,1992.151627,31.891,64.106,,,29,,,28.7962,19.3805,4.9306,36.6693,232.47,0.457,0.131,,,-9.99,,
20041001,1992.151627,31.891,64.106,,,31,,,30.782,19.2882,4.9189,36.6522,232.12,0.453,0.134,,,-9.99,,
20041001,1992.151627,31.891,64.106,,,33,,,32.7678,19.2724,4.9173,36.6518,231.66,0.451,0.135,,,-9.99,,
20041001,1992.151627,31.891,64.106,,,35,,,34.7536,19.2761,4.918,36.6533,231,0.452,0.138,,,-9.99,,
20041001,1992.151627,31.891,64.106,,,37,,,36.7393,19.2909,4.9204,36.6602,230.68,0.447,0.139,,,-9.99,,
20041001,1992.151627,31.891,64.106,,,39,,,38.725,19.3321,4.9269,36.6772,230.36,0.444,0.122,,,-9.99,,
20041001,1992.151627,31.891,64.106,,,41,,,40.7107,19.3292,4.9266,36.6765,229.96,0.441,0.11,,,-9.99,,
20041001,1992.151627,31.891,64.106,,,43,,,42.6964,19.3232,4.926,36.6764,229.61,0.439,0.102,,,-9.99,,
20041001,1992.151627,31.891,64.106,,,45,,,44.6821,19.3316,4.9273,36.679,229,0.437,0.088,,,-9.99,,
20041001,1992.151627,31.891,64.106,,,47,,,46.6677,19.3313,4.9274,36.6789,228.38,0.436,0.091,,,-9.99,,
20041001,1992.151627,31.891,64.106,,,49,,,48.6533,19.3287,4.9272,36.6786,227.59,0.435,0.079,,,-9.99,,
20041001,1992.151627,31.891,64.106,,,51,,,50.6389,19.3183,4.9258,36.6757,227.44,0.434,0.073,,,-9.99,,
20041001,1992.151627,31.891,64.106,,,53,,,52.6245,19.3068,4.9244,36.6733,227.39,0.433,0.066,,,-9.99,,
20041001,1992.151627,31.891,64.106,,,55,,,54.6101,19.2989,4.9234,36.671,227.45,0.433,0.066,,,-9.99,,
20041001,1992.151627,31.891,64.106,,,57,,,56.5956,19.2839,4.9213,36.6658,227.48,0.433,0.059,,,-9.99,,
20041001,1992.151627,31.891,64.106,,,59,,,58.5811,19.2686,4.9194,36.6628,227.5,0.431,0.057,,,-9.99,,
20041001,1992.151627,31.891,64.106,,,61,,,60.5667,19.2582,4.918,36.6599,227.43,0.432,0.054,,,-9.99,,
20041001,1992.151627,31.891,64.106,,,63,,,62.5521,19.2563,4.918,36.6605,227.37,0.431,0.048,,,-9.99,,
20041001,1992.151627,31.891,64.106,,,65,,,64.5376,19.261,4.9188,36.6619,227.25,0.431,0.046,,,-9.99,,
20041001,1992.151627,31.891,64.106,,,67,,,66.5231,19.2607,4.9188,36.6618,227.15,0.431,0.041,,,-9.99,,
20041001,1992.151627,31.891,64.106,,,69,,,68.5085,19.261,4.919,36.6622,227.05,0.43,0.039,,,-9.99,,
20041001,1992.151627,31.891,64.106,,,71,,,70.4939,19.2568,4.9185,36.6614,226.99,0.429,0.034,,,-9.99,,
20041001,1992.151627,31.891,64.106,,,73,,,72.4793,19.2458,4.9172,36.6594,227.01,0.429,0.033,,,-9.99,,
20041001,1992.151627,31.891,64.106,,,75,,,74.4647,19.2618,4.9199,36.6666,226.9,0.429,0.034,,,-9.99,,
20041001,1992.151627,31.891,64.106,,,77,,,76.45,19.2737,4.9217,36.6708,226.84,0.431,0.029,,,-9.99,,
20041001,1992.151627,31.891,64.106,,,79,,,78.4354,19.2714,4.9215,36.6708,226.76,0.431,0.029,,,-9.99,,
20041001,1992.151627,31.891,64.106,,,81,,,80.4207,19.27,4.9215,36.6707,226.71,0.431,0.031,,,-9.99,,
20041001,1992.151627,31.891,64.106,,,83,,,82.406,19.2684,4.9213,36.6701,226.61,0.431,0.03,,,-9.99,,
20041001,1992.151627,31.891,64.106,,,85,,,84.3912,19.2638,4.9208,36.669,226.52,0.431,0.028,,,-9.99,,
20041001,1992.151627,31.891,64.106,,,87,,,86.3765,19.248,4.9187,36.6643,226.42,0.432,0.029,,,-9.99,,
20041001,1992.151627,31.891,64.106,,,89,,,88.3617,19.2331,4.9168,36.6614,226.33,0.432,0.026,,,-9.99,,
20041001,1992.151627,31.891,64.106,,,91,,,90.347,19.2144,4.9145,36.6574,226.13,0.431,0.027,,,-9.99,,
20041001,1992.151627,31.891,64.106,,,93,,,92.3322,19.2051,4.9136,36.6575,226.08,0.43,0.027,,,-9.99,,
20041001,1992.151627,31.891,64.106,,,95,,,94.3173,19.2073,4.9142,36.6597,225.9,0.429,0.023,,,-9.99,,
20041001,1992.151627,31.891,64.106,,,97,,,96.3025,19.2103,4.9149,36.662,225.74,0.428,0.02,,,-9.99,,
20041001,1992.151627,31.891,64.106,,,99,,,98.2876,19.2122,4.9154,36.6641,225.38,0.427,0.013,,,-9.99,,
20041001,1992.151627,31.891,64.106,,101,,100.2728,19.1882,4.9129,36.6635,224.93,0.426,0.01,,,-9.99,,,,
20041001,1992.151627,31.891,64.106,,103,,102.2579,19.1633,4.9103,36.6628,224.47,0.427,0.006,,,-9.99,,,,
20041001,1992.151627,31.891,64.106,,105,,104.243,19.1395,4.9078,36.6619,223.94,0.428,0.008,,,-9.99,,,,
20041001,1992.151627,31.891,64.106,,107,,106.228,19.1264,4.9065,36.6622,223.22,0.429,0.009,,,-9.99,,,,
20041001,1992.151627,31.891,64.106,,109,,108.2131,19.115,4.9055,36.6628,222.66,0.429,0.01,,,-9.99,,,,
20041001,1992.151627,31.891,64.106,,111,,110.1981,19.1019,4.9042,36.6629,222.28,0.431,0.014,,,-9.99,,,,
20041001,1992.151627,31.891,64.106,,113,,112.1831,19.0856,4.9026,36.6631,221.91,0.429,0.016,,,-9.99,,,,
20041001,1992.151627,31.891,64.106,,115,,114.1681,19.0784,4.9023,36.666,221.65,0.43,0.017,,,-9.99,,,,
20041001,1992.151627,31.891,64.106,,117,,116.1531,19.0809,4.9032,36.6705,221.35,0.433,0.02,,,-9.99,,,,
20041001,1992.151627,31.891,64.106,,119,,118.138,19.0821,4.9038,36.674,221.44,0.433,0.019,,,-9.99,,,,
20041001,1992.151627,31.891,64.106,,121,,120.1229,19.0919,4.9056,36.68,221.62,0.433,0.023,,,-9.99,,,,
20041001,1992.151627,31.891,64.106,,123,,122.1079,19.0879,4.9057,36.6828,222.08,0.437,0.025,,,-9.99,,,,
20041001,1992.151627,31.891,64.106,,125,,124.0927,19.0609,4.9023,36.6781,222.76,0.434,0.025,,,-9.99,,,,
20041001,1992.151627,31.891,64.106,,127,,126.0776,19.053,4.9014,36.6761,223.51,0.433,0.022,,,-9.99,,,,
20041001,1992.151627,31.891,64.106,,129,,128.0625,19.0512,4.9012,36.6756,224.04,0.433,0.019,,,-9.99,,,,
20041001,1992.151627,31.891,64.106,,131,,130.0473,19.0479,4.901,36.6758,224.37,0.432,0.017,,,-9.99,,,,
20041001,1992.151627,31.891,64.106,,133,,132.0321,19.052,4.9019,36.6792,224.35,0.432,0.017,,,-9.99,,,,
20041001,1992.151627,31.891,64.106,,135,,134.0169,19.0696,4.9046,36.6855,224.27,0.434,0.017,,,-9.99,,,,
20041001,1992.151627,31.891,64.106,,137,,136.0017,19.0815,4.9064,36.6891,224.09,0.435,0.024,,,-9.99,,,,
20041001,1992.151627,31.891,64.106,,139,,137.9865,19.0865,4.9072,36.6912,224.06,0.435,0.025,,,-9.99,,,,
20041001,1992.151627,31.891,64.106,,141,,139.9712,19.1006,4.9095,36.697,224.08,0.437,0.024,,,-9.99,,,,
20041001,1992.151627,31.891,64.106,,143,,141.9559,19.1043,4.9102,36.6989,224.15,0.435,0.026,,,-9.99,,,,
20041001,1992.151627,31.891,64.106,,145,,143.9406,19.1024,4.9101,36.6989,224.22,0.435,0.023,,,-9.99,,,,
20041001,1992.151627,31.891,64.106,,147,,145.9253,19.0945,4.909,36.6963,224.3,0.435,0.022,,,-9.99,,,,
20041001,1992.151627,31.891,64.106,,149,,147.91,19.0818,4.9074,36.6932,224.31,0.435,0.02,,,-9.99,,,,
20041001,1992.151627,31.891,64.106,,151,,149.8946,19.0736,4.9064,36.6914,224.28,0.435,0.022,,,-9.99,,,,
20041001,1992.151627,31.891,64.106,,153,,151.8792,19.0801,4.9075,36.6936,224.18,0.435,0.026,,,-9.99,,,,
20041001,1992.151627,31.891,64.106,,155,,153.8638,19.0872,4.9086,36.6963,224.09,0.435,0.025,,,-9.99,,,,
20041001,1992.151627,31.891,64.106,,157,,155.8484,19.0894,4.9091,36.6972,224.08,0.435,0.023,,,-9.99,,,,
20041001,1992.151627,31.891,64.106,,159,,157.833,19.0908,4.9094,36.6982,224.01,0.435,0.02,,,-9.99,,,,
20041001,1992.151627,31.891,64.106,,161,,159.8175,19.0941,4.91,36.6999,223.88,0.435,0.017,,,-9.99,,,,
20041001,1992.151627,31.891,64.106,,163,,161.8021,19.0986,4.9108,36.7018,223.81,0.435,0.015,,,-9.99,,,,
20041001,1992.151627,31.891,64.106,,165,,163.7866,19.1008,4.9113,36.7026,223.81,0.435,0.024,,,-9.99,,,,
20041001,1992.151627,31.891,64.106,,167,,165.771,19.1029,4.9116,36.7033,223.88,0.435,0.024,,,-9.99,,,,
20041001,1992.151627,31.891,64.106,,169,,167.7555,19.1038,4.9119,36.7035,223.95,0.437,0.024,,,-9.99,,,,
20041001,1992.151627,31.891,64.106,,171,,169.74,19.1072,4.9125,36.7055,224.01,0.438,0.019,,,-9.99,,,,
20041001,1992.151627,31.891,64.106,,173,,171.7244,19.1126,4.9135,36.7082,224.05,0.437,0.019,,,-9.99,,,,
20041001,1992.151627,31.891,64.106,,175,,173.7088,19.1131,4.9138,36.709,224.12,0.437,0.019,,,-9.99,,,,
20041001,1992.151627,31.891,64.106,,177,,175.6932,19.1131,4.9138,36.7089,224.2,0.437,0.018,,,-9.99,,,,
20041001,1992.151627,31.891,64.106,,179,,177.6776,19.1102,4.9136,36.7089,224.18,0.437,0.02,,,-9.99,,,,
20041001,1992.151627,31.891,64.106,,181,,179.6619,19.1139,4.9143,36.7105,224.14,0.437,0.022,,,-9.99,,,,
20041001,1992.151627,31.891,64.106,,183,,181.6463,19.1307,4.9169,36.7165,223.99,0.437,0.02,,,-9.99,,,,
20041001,1992.151627,31.891,64.106,,185,,183.6306,19.1426,4.9187,36.7204,223.87,0.44,0.02,,,-9.99,,,,
20041001,1992.151627,31.891,64.106,,187,,185.6149,19.1447,4.9191,36.7212,223.88,0.44,0.021,,,-9.99,,,,
20041001,1992.151627,31.891,64.106,,189,,187.5992,19.1437,4.9191,36.7212,223.96,0.44,0.017,,,-9.99,,,,
20041001,1992.151627,31.891,64.106,,191,,189.5834,19.144,4.9192,36.721,224.04,0.44,0.019,,,-9.99,,,,
20041001,1992.151627,31.891,64.106,,193,,191.5677,19.1385,4.9185,36.7196,224.14,0.44,0.023,,,-9.99,,,,
20041001,1992.151627,31.891,64.106,,195,,193.5519,19.1377,4.9185,36.7193,224.22,0.44,0.02,,,-9.99,,,,
20041001,1992.151627,31.891,64.106,,197,,195.5361,19.1307,4.9176,36.7176,224.27,0.437,0.017,,,-9.99,,,,
20041001,1992.151627,31.891,64.106,,199,,197.5203,19.1274,4.9173,36.7174,224.23,0.439,0.019,,,-9.99,,,,
20041001,1992.151627,31.891,64.106,,201,,199.5044,19.1279,4.9175,36.7177,224.21,0.437,0.022,,,-9.99,,,,
20041001,1992.151627,31.891,64.106,,203,,201.4886,19.1303,4.9179,36.7182,224.14,0.439,0.019,,,-9.99,,,,
20041001,1992.151627,31.891,64.106,,205,,203.4727,19.1339,4.9185,36.7192,223.98,0.44,0.019,,,-9.99,,,,
20041001,1992.151627,31.891,64.106,,207,,205.4568,19.1349,4.9187,36.7193,223.8,0.439,0.016,,,-9.99,,,,
20041001,1992.151627,31.891,64.106,,209,,207.4409,19.1232,4.9172,36.7161,223.78,0.438,0.016,,,-9.99,,,,
20041001,1992.151627,31.891,64.106,,211,,209.425,19.1018,4.9145,36.7115,223.76,0.437,0.018,,,-9.99,,,,
20041001,1992.151627,31.891,64.106,,213,,211.409,19.0949,4.9136,36.709,223.72,0.437,0.017,,,-9.99,,,,
20041001,1992.151627,31.891,64.106,,215,,213.393,19.0872,4.9126,36.7069,223.66,0.437,0.018,,,-9.99,,,,
20041001,1992.151627,31.891,64.106,,217,,215.377,19.0662,4.9099,36.7019,223.54,0.436,0.018,,,-9.99,,,,
20041001,1992.151627,31.891,64.106,,219,,217.361,19.0379,4.9061,36.6941,223.15,0.436,0.019,,,-9.99,,,,
20041001,1992.151627,31.891,64.106,,221,,219.345,19.0092,4.9024,36.6879,222.81,0.435,0.019,,,-9.99,,,,
20041001,1992.151627,31.891,64.106,,223,,221.329,18.9854,4.8992,36.6814,222.19,0.435,0.015,,,-9.99,,,,
20041001,1992.151627,31.891,64.106,,225,,223.3129,18.958,4.8958,36.6762,221.89,0.435,0.016,,,-9.99,,,,
20041001,1992.151627,31.891,64.106,,227,,225.2968,18.9499,4.8947,36.6735,221.12,0.435,0.016,,,-9.99,,,,
20041001,1992.151627,31.891,64.106,,229,,227.2807,18.9084,4.8891,36.6625,220.36,0.434,0.014,,,-9.99,,,,
20041001,1992.151627,31.891,64.106,,231,,229.2646,18.8418,4.8806,36.6483,219.66,0.433,0.014,,,-9.99,,,,
20041001,1992.151627,31.891,64.106,,233,,231.2484,18.8117,4.8767,36.6417,218.5,0.433,0.021,,,-9.99,,,,
20041001,1992.151627,31.891,64.106,,235,,233.2323,18.7729,4.8718,36.6335,218.22,0.431,0.02,,,-9.99,,,,
20041001,1992.151627,31.891,64.106,,237,,235.2161,18.7466,4.8685,36.6289,217.25,0.431,0.016,,,-9.99,,,,
20041001,1992.151627,31.891,64.106,,239,,237.1999,18.7139,4.8647,36.625,216.46,0.431,0.014,,,-9.99,,,,
20041001,1992.151627,31.891,64.106,,241,,239.1837,18.6616,4.8583,36.6164,215.26,0.431,0.017,,,-9.99,,,,
20041001,1992.151627,31.891,64.106,,243,,241.1674,18.5868,4.849,36.6029,214.23,0.431,0.019,,,-9.99,,,,
20041001,1992.151627,31.891,64.106,,245,,243.1512,18.5219,4.841,36.5921,213.68,0.429,0.017,,,-9.99,,,,
20041001,1992.151627,31.891,64.106,,247,,245.1349,18.4893,4.8372,36.5874,212.69,0.43,0.018,,,-9.99,,,,
20041001,1992.151627,31.891,64.106,,249,,247.1186,18.4784,4.8359,36.5857,211.64,0.428,0.016,,,-9.99,,,,
20041001,1992.151627,31.891,64.106,,251,,249.1023,18.4727,4.8352,36.5836,210.59,0.428,0.018,,,-9.99,,,,
20041001,1992.151627,31.891,64.106,,253,,251.0859,18.4532,4.8327,36.5795,210.13,0.429,0.014,,,-9.99,,,,
20041002,1992.151998,31.892,64.114,,,,4,,,,3.9721,19.6575,4.9628,36.7032,230.92,0.485,0.035,,,-9.99
20041002,1992.151998,31.892,64.114,,,,6,,,,5.9582,19.6353,4.9605,36.7033,231.17,0.485,0.033,,,-9.99
20041002,1992.151998,31.892,64.114,,,,8,,,,7.9442,19.6306,4.9601,36.7035,231.11,0.484,0.036,,,-9.99
20041002,1992.151998,31.892,64.114,,,10,,,,9.9302,19.6258,4.9597,36.7033,231.01,0.485,0.037,,,-9.99,
20041002,1992.151998,31.892,64.114,,,12,,,11.9162,19.6138,4.9585,36.7032,230.89,0.485,0.04,,,-9.99,,
20041002,1992.151998,31.892,64.114,,,14,,,13.9021,19.5919,4.9563,36.7034,230.76,0.486,0.044,,,-9.99,,
20041002,1992.151998,31.892,64.114,,,16,,,15.8881,19.53,4.9498,36.7032,230.74,0.482,0.051,,,-9.99,,
20041002,1992.151998,31.892,64.114,,,18,,,17.874,19.5097,4.9477,36.7024,230.6,0.481,0.076,,,-9.99,,
20041002,1992.151998,31.892,64.114,,,20,,,19.8599,19.4918,4.9455,36.6994,230.27,0.482,0.083,,,-9.99,,
20041002,1992.151998,31.892,64.114,,,22,,,21.8458,19.4373,4.9386,36.6887,229.9,0.48,0.086,,,-9.99,,
20041002,1992.151998,31.892,64.114,,,24,,,23.8316,19.4001,4.9338,36.6807,229.23,0.472,0.107,,,-9.99,,
20041002,1992.151998,31.892,64.114,,,26,,,25.8175,19.3758,4.9306,36.6742,228.58,0.462,0.095,,,-9.99,,
20041002,1992.151998,31.892,64.114,,,28,,,27.8033,19.328,4.9244,36.664,227.78,0.454,0.074,,,-9.99,,
20041002,1992.151998,31.892,64.114,,,30,,,29.7891,19.3029,4.9211,36.6582,226.6,0.45,0.071,,,-9.99,,
20041002,1992.151998,31.892,64.114,,,32,,,31.7749,19.2735,4.9173,36.6513,226.43,0.451,0.08,,,-9.99,,
20041002,1992.151998,31.892,64.114,,,34,,,33.7607,19.2405,4.9134,36.6472,226.27,0.452,0.085,,,-9.99,,
20041002,1992.151998,31.892,64.114,,,36,,,35.7464,19.2485,4.9146,36.6492,226.14,0.451,0.085,,,-9.99,,
20041002,1992.151998,31.892,64.114,,,38,,,37.7322,19.2681,4.9178,36.6576,226.02,0.451,0.107,,,-9.99,,
20041002,1992.151998,31.892,64.114,,,40,,,39.7179,19.2938,4.9218,36.6678,225.83,0.447,0.096,,,-9.99,,
20041002,1992.151998,31.892,64.114,,,42,,,41.7036,19.3117,4.9245,36.6736,225.58,0.446,0.078,,,-9.99,,
20041002,1992.151998,31.892,64.114,,,44,,,43.6892,19.3104,4.9243,36.6731,225.53,0.444,0.075,,,-9.99,,
20041002,1992.151998,31.892,64.114,,,46,,,45.6749,19.3053,4.9237,36.6716,225.47,0.441,0.067,,,-9.99,,
20041002,1992.151998,31.892,64.114,,,48,,,47.6605,19.298,4.9228,36.6695,225.36,0.44,0.061,,,-9.99,,
20041002,1992.151998,31.892,64.114,,,50,,,49.6461,19.2877,4.9217,36.6683,225.16,0.437,0.054,,,-9.99,,
20041002,1992.151998,31.892,64.114,,,52,,,51.6317,19.2889,4.9218,36.6675,225,0.435,0.044,,,-9.99,,
20041002,1992.151998,31.892,64.114,,,54,,,53.6173,19.2811,4.921,36.6667,224.92,0.435,0.044,,,-9.99,,
20041002,1992.151998,31.892,64.114,,,56,,,55.6028,19.2728,4.9198,36.6633,224.82,0.435,0.054,,,-9.99,,
20041002,1992.151998,31.892,64.114,,,58,,,57.5884,19.2567,4.9178,36.6605,224.78,0.434,0.052,,,-9.99,,
20041002,1992.151998,31.892,64.114,,,60,,,59.5739,19.2551,4.9177,36.66,224.74,0.434,0.048,,,-9.99,,
20041002,1992.151998,31.892,64.114,,,62,,,61.5594,19.2607,4.9186,36.662,224.65,0.434,0.049,,,-9.99,,
20041002,1992.151998,31.892,64.114,,,64,,,63.5449,19.2675,4.9197,36.6648,224.53,0.433,0.044,,,-9.99,,
20041002,1992.151998,31.892,64.114,,,66,,,65.5303,19.2806,4.9218,36.6697,224.36,0.431,0.037,,,-9.99,,
20041002,1992.151998,31.892,64.114,,,68,,,67.5158,19.27,4.9205,36.6676,224.09,0.431,0.033,,,-9.99,,
20041002,1992.151998,31.892,64.114,,,70,,,69.5012,19.2578,4.919,36.6647,223.83,0.431,0.031,,,-9.99,,
20041002,1992.151998,31.892,64.114,,,72,,,71.4866,19.2532,4.9184,36.6635,223.63,0.43,0.021,,,-9.99,,
20041002,1992.151998,31.892,64.114,,,74,,,73.472,19.2452,4.9176,36.6625,223.55,0.43,0.021,,,-9.99,,
20041002,1992.151998,31.892,64.114,,,76,,,75.4573,19.2422,4.9173,36.6621,223.6,0.429,0.019,,,-9.99,,
20041002,1992.151998,31.892,64.114,,,78,,,77.4427,19.2399,4.9171,36.6616,223.59,0.43,0.018,,,-9.99,,
20041002,1992.151998,31.892,64.114,,,80,,,79.428,19.2367,4.9169,36.6618,223.56,0.429,0.018,,,-9.99,,
20041002,1992.151998,31.892,64.114,,,82,,,81.4133,19.2385,4.9174,36.6637,223.29,0.429,0.017,,,-9.99,,
20041002,1992.151998,31.892,64.114,,,84,,,83.3986,19.2435,4.9182,36.6654,223.03,0.429,0.015,,,-9.99,,
20041002,1992.151998,31.892,64.114,,,86,,,85.3839,19.2405,4.918,36.6657,222.83,0.429,0.012,,,-9.99,,
20041002,1992.151998,31.892,64.114,,,88,,,87.3691,19.2372,4.9177,36.6654,222.68,0.429,0.011,,,-9.99,,
20041002,1992.151998,31.892,64.114,,,90,,,89.3544,19.2197,4.9155,36.6615,222.62,0.429,0.01,,,-9.99,,
20041002,1992.151998,31.892,64.114,,,92,,,91.3396,19.2105,4.9144,36.6593,222.67,0.431,0.011,,,-9.99,,
20041002,1992.151998,31.892,64.114,,,94,,,93.3247,19.2063,4.914,36.6592,222.76,0.431,0.012,,,-9.99,,
20041002,1992.151998,31.892,64.114,,,96,,,95.3099,19.2074,4.9146,36.6623,222.7,0.429,0.012,,,-9.99,,
20041002,1992.151998,31.892,64.114,,,98,,,97.2951,19.2017,4.9142,36.6632,222.58,0.43,0.011,,,-9.99,,
20041002,1992.151998,31.892,64.114,,100,,,99.2802,19.1726,4.9112,36.6631,222.35,0.429,0.009,,,-9.99,,,
20041002,1992.151998,31.892,64.114,,102,,101.2653,19.1485,4.9087,36.6631,221.85,0.431,0.008,,,-9.99,,,,
20041002,1992.151998,31.892,64.114,,104,,103.2504,19.1369,4.9076,36.6628,220.93,0.432,0.013,,,-9.99,,,,
20041002,1992.151998,31.892,64.114,,106,,105.2355,19.1169,4.9055,36.6625,220.9,0.434,0.019,,,-9.99,,,,
20041002,1992.151998,31.892,64.114,,108,,107.2205,19.0929,4.9029,36.6611,220.59,0.433,0.023,,,-9.99,,,,
20041002,1992.151998,31.892,64.114,,110,,109.2056,19.0757,4.9012,36.6614,220.37,0.431,0.021,,,-9.99,,,,
20041002,1992.151998,31.892,64.114,,112,,111.1906,19.0642,4.9002,36.6623,219.89,0.431,0.02,,,-9.99,,,,
20041002,1992.151998,31.892,64.114,,114,,113.1756,19.058,4.8997,36.6622,219.8,0.432,0.019,,,-9.99,,,,
20041002,1992.151998,31.892,64.114,,116,,115.1606,19.0498,4.8987,36.6608,219.82,0.434,0.025,,,-9.99,,,,
20041002,1992.151998,31.892,64.114,,118,,117.1455,19.0434,4.8981,36.6607,220.04,0.435,0.027,,,-9.99,,,,
20041002,1992.151998,31.892,64.114,,120,,119.1305,19.043,4.8982,36.6607,220.37,0.435,0.031,,,-9.99,,,,
20041002,1992.151998,31.892,64.114,,122,,121.1154,19.0434,4.8983,36.6608,220.76,0.435,0.036,,,-9.99,,,,
20041002,1992.151998,31.892,64.114,,124,,123.1003,19.0437,4.8984,36.6607,221.19,0.436,0.035,,,-9.99,,,,
20041002,1992.151998,31.892,64.114,,126,,125.0852,19.036,4.8975,36.6591,221.86,0.437,0.039,,,-9.99,,,,
20041002,1992.151998,31.892,64.114,,128,,127.07,19.0331,4.8972,36.6587,222.16,0.438,0.037,,,-9.99,,,,
20041002,1992.151998,31.892,64.114,,130,,129.0549,19.0306,4.897,36.658,222.49,0.437,0.029,,,-9.99,,,,
20041002,1992.151998,31.892,64.114,,132,,131.0397,19.0407,4.8989,36.664,222.62,0.437,0.028,,,-9.99,,,,
20041002,1992.151998,31.892,64.114,,134,,133.0245,19.0484,4.9,36.6664,222.8,0.438,0.031,,,-9.99,,,,
20041002,1992.151998,31.892,64.114,,136,,135.0093,19.0351,4.8984,36.6636,222.96,0.436,0.029,,,-9.99,,,,
20041002,1992.151998,31.892,64.114,,138,,136.9941,19.0326,4.8984,36.6647,222.92,0.433,0.024,,,-9.99,,,,
20041002,1992.151998,31.892,64.114,,140,,138.9788,19.0387,4.8994,36.6673,222.93,0.434,0.02,,,-9.99,,,,
20041002,1992.151998,31.892,64.114,,142,,140.9635,19.0623,4.9032,36.6776,222.64,0.435,0.02,,,-9.99,,,,
20041002,1992.151998,31.892,64.114,,144,,142.9483,19.1115,4.9106,36.6953,222.35,0.436,0.023,,,-9.99,,,,
20041002,1992.151998,31.892,64.114,,146,,144.9329,19.1281,4.9131,36.7011,222.14,0.436,0.021,,,-9.99,,,,
20041002,1992.151998,31.892,64.114,,148,,146.9176,19.1285,4.9131,36.7003,222,0.435,0.022,,,-9.99,,,,
20041002,1992.151998,31.892,64.114,,150,,148.9023,19.1137,4.9114,36.698,222.01,0.435,0.017,,,-9.99,,,,
20041002,1992.151998,31.892,64.114,,152,,150.8869,19.0992,4.9095,36.6938,221.96,0.436,0.017,,,-9.99,,,,
20041002,1992.151998,31.892,64.114,,154,,152.8715,19.0774,4.9065,36.6875,222.06,0.435,0.018,,,-9.99,,,,
20041002,1992.151998,31.892,64.114,,156,,154.8561,19.0545,4.9036,36.6823,222.13,0.437,0.019,,,-9.99,,,,
20041002,1992.151998,31.892,64.114,,158,,156.8407,19.0662,4.9054,36.6869,222.03,0.437,0.018,,,-9.99,,,,
20041002,1992.151998,31.892,64.114,,160,,158.8252,19.0805,4.9077,36.6924,221.88,0.437,0.016,,,-9.99,,,,
20041002,1992.151998,31.892,64.114,,162,,160.8098,19.0873,4.9088,36.6949,221.76,0.437,0.016,,,-9.99,,,,
20041002,1992.151998,31.892,64.114,,164,,162.7943,19.0894,4.9092,36.6955,221.81,0.437,0.016,,,-9.99,,,,
20041002,1992.151998,31.892,64.114,,166,,164.7788,19.09,4.9094,36.6958,221.89,0.437,0.017,,,-9.99,,,,
20041002,1992.151998,31.892,64.114,,168,,166.7633,19.0898,4.9095,36.6964,221.94,0.437,0.019,,,-9.99,,,,
20041002,1992.151998,31.892,64.114,,170,,168.7477,19.0921,4.91,36.6978,221.87,0.437,0.018,,,-9.99,,,,
20041002,1992.151998,31.892,64.114,,172,,170.7322,19.0962,4.9107,36.6996,221.83,0.437,0.018,,,-9.99,,,,
20041002,1992.151998,31.892,64.114,,174,,172.7166,19.1037,4.912,36.7033,221.7,0.438,0.016,,,-9.99,,,,
20041002,1992.151998,31.892,64.114,,176,,174.701,19.1056,4.9125,36.7046,221.65,0.437,0.017,,,-9.99,,,,
20041002,1992.151998,31.892,64.114,,178,,176.6854,19.1068,4.9128,36.7056,221.72,0.438,0.017,,,-9.99,,,,
20041002,1992.151998,31.892,64.114,,180,,178.6697,19.0992,4.912,36.7046,221.8,0.437,0.016,,,-9.99,,,,
20041002,1992.151998,31.892,64.114,,182,,180.6541,19.1036,4.9128,36.7065,221.7,0.439,0.016,,,-9.99,,,,
20041002,1992.151998,31.892,64.114,,184,,182.6384,19.1121,4.9143,36.7106,221.6,0.44,0.018,,,-9.99,,,,
20041002,1992.151998,31.892,64.114,,186,,184.6227,19.1232,4.916,36.7145,221.64,0.44,0.016,,,-9.99,,,,
20041002,1992.151998,31.892,64.114,,188,,186.607,19.1344,4.9178,36.7194,221.7,0.44,0.017,,,-9.99,,,,
20041002,1992.151998,31.892,64.114,,190,,188.5913,19.1459,4.9197,36.7238,221.85,0.44,0.021,,,-9.99,,,,
20041002,1992.151998,31.892,64.114,,192,,190.5755,19.1447,4.9196,36.7236,221.94,0.44,0.021,,,-9.99,,,,
20041002,1992.151998,31.892,64.114,,194,,192.5598,19.141,4.9192,36.723,221.99,0.44,0.02,,,-9.99,,,,
20041002,1992.151998,31.892,64.114,,196,,194.544,19.1414,4.9194,36.7232,221.9,0.44,0.019,,,-9.99,,,,
20041002,1992.151998,31.892,64.114,,198,,196.5282,19.1426,4.9197,36.7237,221.78,0.44,0.022,,,-9.99,,,,
20041002,1992.151998,31.892,64.114,,200,,198.5123,19.1466,4.9204,36.7254,221.83,0.44,0.024,,,-9.99,,,,
20041002,1992.151998,31.892,64.114,,202,,200.4965,19.1453,4.9203,36.7252,221.91,0.44,0.021,,,-9.99,,,,
20041002,1992.151998,31.892,64.114,,204,,202.4806,19.1438,4.9202,36.7246,221.99,0.44,0.022,,,-9.99,,,,
20041002,1992.151998,31.892,64.114,,206,,204.4647,19.1392,4.9197,36.7239,222.08,0.44,0.02,,,-9.99,,,,
20041002,1992.151998,31.892,64.114,,208,,206.4488,19.1343,4.9192,36.7231,222.19,0.44,0.018,,,-9.99,,,,
20041002,1992.151998,31.892,64.114,,210,,208.4329,19.1317,4.9189,36.7228,222.28,0.44,0.018,,,-9.99,,,,
20041002,1992.151998,31.892,64.114,,212,,210.417,19.1311,4.919,36.7228,222.34,0.44,0.014,,,-9.99,,,,
20041002,1992.151998,31.892,64.114,,214,,212.401,19.1296,4.9189,36.7227,222.35,0.44,0.015,,,-9.99,,,,
20041002,1992.151998,31.892,64.114,,216,,214.385,19.124,4.9182,36.7208,222.3,0.44,0.015,,,-9.99,,,,
20041002,1992.151998,31.892,64.114,,218,,216.369,19.1025,4.9153,36.7148,222.21,0.439,0.017,,,-9.99,,,,
20041002,1992.151998,31.892,64.114,,220,,218.353,19.0781,4.912,36.7082,221.99,0.437,0.02,,,-9.99,,,,
20041002,1992.151998,31.892,64.114,,222,,220.337,19.0622,4.9098,36.7031,221.56,0.437,0.017,,,-9.99,,,,
20041002,1992.151998,31.892,64.114,,224,,222.3209,19.0209,4.9043,36.6925,221.14,0.437,0.015,,,-9.99,,,,
20041002,1992.151998,31.892,64.114,,226,,224.3048,18.9901,4.9002,36.6848,220.44,0.435,0.013,,,-9.99,,,,
20041002,1992.151998,31.892,64.114,,228,,226.2887,18.9643,4.8969,36.6784,219.97,0.435,0.011,,,-9.99,,,,
20041002,1992.151998,31.892,64.114,,230,,228.2726,18.912,4.8896,36.6628,219.51,0.434,0.011,,,-9.99,,,,
20041002,1992.151998,31.892,64.114,,232,,230.2565,18.7868,4.8731,36.6334,218.83,0.433,0.01,,,-9.99,,,,
20041002,1992.151998,31.892,64.114,,234,,232.2403,18.7231,4.8651,36.6222,217.88,0.431,0.01,,,-9.99,,,,
20041002,1992.151998,31.892,64.114,,236,,234.2242,18.6961,4.8618,36.6174,216.28,0.431,0.009,,,-9.99,,,,
20041002,1992.151998,31.892,64.114,,238,,236.208,18.6804,4.86,36.6148,215.08,0.431,0.011,,,-9.99,,,,
20041002,1992.151998,31.892,64.114,,240,,238.1918,18.6399,4.855,36.6082,213.72,0.429,0.01,,,-9.99,,,,
20041002,1992.151998,31.892,64.114,,242,,240.1755,18.6073,4.851,36.6023,212.24,0.429,0.011,,,-9.99,,,,
20041002,1992.151998,31.892,64.114,,244,,242.1593,18.5739,4.847,36.5971,211.42,0.429,0.012,,,-9.99,,,,
20041002,1992.151998,31.892,64.114,,246,,244.143,18.4933,4.8374,36.5864,210.58,0.428,0.016,,,-9.99,,,,
20041002,1992.151998,31.892,64.114,,248,,246.1267,18.4751,4.8354,36.5845,209.88,0.428,0.015,,,-9.99,,,,
20041002,1992.151998,31.892,64.114,,250,,248.1104,18.4711,4.8349,36.583,208.43,0.427,0.01,,,-9.99,,,,
20041002,1992.151998,31.892,64.114,,252,,250.0941,18.4685,4.8345,36.5818,207.6,0.428,0.014,,,-9.99,,,,
20041002,1992.151998,31.892,64.114,,254,,252.0777,18.4587,4.8334,36.5796,207.28,0.427,0.014,,,-9.99,,,,
20041003,1992.152416,31.894,64.101,,,,4,,,,3.9721,19.7515,4.9723,36.7003,232.85,0.496,0.045,,,-9.99
20041003,1992.152416,31.894,64.101,,,,6,,,,5.9582,19.7235,4.9695,36.7009,232.69,0.496,0.043,,,-9.99
20041003,1992.152416,31.894,64.101,,,,8,,,,7.9442,19.7008,4.9672,36.7009,232.68,0.496,0.041,,,-9.99
20041003,1992.152416,31.894,64.101,,,10,,,,9.9302,19.6764,4.9647,36.7004,232.74,0.496,0.042,,,-9.99,
20041003,1992.152416,31.894,64.101,,,12,,,11.9162,19.6574,4.9627,36.6995,232.74,0.496,0.044,,,-9.99,,
20041003,1992.152416,31.894,64.101,,,14,,,13.9021,19.6265,4.9593,36.6977,232.74,0.496,0.046,,,-9.99,,
20041003,1992.152416,31.894,64.101,,,16,,,15.8881,19.6016,4.9566,36.6964,232.76,0.493,0.047,,,-9.99,,
20041003,1992.152416,31.894,64.101,,,18,,,17.874,19.5466,4.9504,36.6922,232.89,0.495,0.059,,,-9.99,,
20041003,1992.152416,31.894,64.101,,,20,,,19.8599,19.461,4.9412,36.6901,233.11,0.505,0.071,,,-9.99,,
20041003,1992.152416,31.894,64.101,,,22,,,21.8458,19.4374,4.9387,36.6898,232.93,0.506,0.098,,,-9.99,,
20041003,1992.152416,31.894,64.101,,,24,,,23.8316,19.4194,4.9367,36.6877,232.54,0.496,0.119,,,-9.99,,
20041003,1992.152416,31.894,64.101,,,26,,,25.8175,19.4037,4.9347,36.6843,232.28,0.487,0.12,,,-9.99,,
20041003,1992.152416,31.894,64.101,,,28,,,27.8033,19.3723,4.9307,36.6777,231.66,0.475,0.118,,,-9.99,,
20041003,1992.152416,31.894,64.101,,,30,,,29.7891,19.3364,4.926,36.6696,230.88,0.462,0.112,,,-9.99,,
20041003,1992.152416,31.894,64.101,,,32,,,31.7749,19.3132,4.9231,36.6644,230.08,0.454,0.097,,,-9.99,,
20041003,1992.152416,31.894,64.101,,,34,,,33.7607,19.2928,4.9203,36.6581,228.88,0.448,0.079,,,-9.99,,
20041003,1992.152416,31.894,64.101,,,36,,,35.7464,19.2682,4.9172,36.6532,228.44,0.449,0.076,,,-9.99,,
20041003,1992.152416,31.894,64.101,,,38,,,37.7321,19.2585,4.9158,36.6499,227.92,0.45,0.08,,,-9.99,,
20041003,1992.152416,31.894,64.101,,,40,,,39.7179,19.2511,4.915,36.6489,227.59,0.453,0.09,,,-9.99,,
20041003,1992.152416,31.894,64.101,,,42,,,41.7035,19.2512,4.9151,36.6486,227.48,0.455,0.102,,,-9.99,,
20041003,1992.152416,31.894,64.101,,,44,,,43.6892,19.2516,4.9153,36.6489,227.64,0.455,0.114,,,-9.99,,
20041003,1992.152416,31.894,64.101,,,46,,,45.6749,19.2618,4.9171,36.6547,227.71,0.456,0.113,,,-9.99,,
20041003,1992.152416,31.894,64.101,,,48,,,47.6605,19.2773,4.9196,36.6606,227.73,0.452,0.115,,,-9.99,,
20041003,1992.152416,31.894,64.101,,,50,,,49.6461,19.2825,4.9204,36.6624,227.79,0.452,0.12,,,-9.99,,
20041003,1992.152416,31.894,64.101,,,52,,,51.6317,19.2897,4.9217,36.666,227.78,0.45,0.12,,,-9.99,,
20041003,1992.152416,31.894,64.101,,,54,,,53.6173,19.2922,4.9222,36.6672,227.71,0.446,0.115,,,-9.99,,
20041003,1992.152416,31.894,64.101,,,56,,,55.6028,19.2908,4.9221,36.6672,227.56,0.447,0.114,,,-9.99,,
20041003,1992.152416,31.894,64.101,,,58,,,57.5884,19.2886,4.922,36.6671,227.35,0.446,0.111,,,-9.99,,
20041003,1992.152416,31.894,64.101,,,60,,,59.5739,19.2813,4.9212,36.6661,227.09,0.442,0.097,,,-9.99,,
20041003,1992.152416,31.894,64.101,,,62,,,61.5594,19.2577,4.9182,36.661,226.9,0.436,0.079,,,-9.99,,
20041003,1992.152416,31.894,64.101,,,64,,,63.5449,19.2445,4.9165,36.6575,226.73,0.434,0.067,,,-9.99,,
20041003,1992.152416,31.894,64.101,,,66,,,65.5303,19.2361,4.9154,36.6552,226.5,0.433,0.055,,,-9.99,,
20041003,1992.152416,31.894,64.101,,,68,,,67.5158,19.2318,4.915,36.6552,226.38,0.432,0.048,,,-9.99,,
20041003,1992.152416,31.894,64.101,,,70,,,69.5012,19.2391,4.9161,36.6574,226.16,0.432,0.043,,,-9.99,,
20041003,1992.152416,31.894,64.101,,,72,,,71.4866,19.2451,4.9172,36.6599,225.97,0.431,0.036,,,-9.99,,
20041003,1992.152416,31.894,64.101,,,74,,,73.472,19.2568,4.919,36.664,225.8,0.431,0.035,,,-9.99,,
20041003,1992.152416,31.894,64.101,,,76,,,75.4573,19.2626,4.9199,36.666,225.55,0.433,0.029,,,-9.99,,
20041003,1992.152416,31.894,64.101,,,78,,,77.4427,19.2634,4.9201,36.6662,225.43,0.431,0.029,,,-9.99,,
20041003,1992.152416,31.894,64.101,,,80,,,79.428,19.269,4.921,36.6681,225.19,0.432,0.032,,,-9.99,,
20041003,1992.152416,31.894,64.101,,,82,,,81.4133,19.2739,4.9219,36.6702,225.17,0.433,0.04,,,-9.99,,
20041003,1992.152416,31.894,64.101,,,84,,,83.3986,19.2749,4.9221,36.6705,225.16,0.433,0.042,,,-9.99,,
20041003,1992.152416,31.894,64.101,,,86,,,85.3839,19.2752,4.9222,36.6705,225.11,0.432,0.039,,,-9.99,,
20041003,1992.152416,31.894,64.101,,,88,,,87.3691,19.2635,4.9208,36.6679,225.06,0.43,0.033,,,-9.99,,
20041003,1992.152416,31.894,64.101,,,90,,,89.3543,19.2484,4.919,36.6655,225.01,0.43,0.029,,,-9.99,,
20041003,1992.152416,31.894,64.101,,,92,,,91.3395,19.2442,4.9186,36.6653,224.72,0.429,0.022,,,-9.99,,
20041003,1992.152416,31.894,64.101,,,94,,,93.3247,19.2389,4.9181,36.6651,224.49,0.429,0.019,,,-9.99,,
20041003,1992.152416,31.894,64.101,,,96,,,95.3099,19.2377,4.9181,36.6648,224.26,0.429,0.018,,,-9.99,,
20041003,1992.152416,31.894,64.101,,,98,,,97.2951,19.2332,4.9176,36.6643,224.16,0.429,0.015,,,-9.99,,
20041003,1992.152416,31.894,64.101,,100,,,99.2802,19.2254,4.9168,36.6635,224.14,0.429,0.012,,,-9.99,,,
20041003,1992.152416,31.894,64.101,,102,,101.2653,19.2231,4.9167,36.6637,224.07,0.429,0.015,,,-9.99,,,,
20041003,1992.152416,31.894,64.101,,104,,103.2504,19.2188,4.9164,36.6642,223.96,0.429,0.014,,,-9.99,,,,
20041003,1992.152416,31.894,64.101,,106,,105.2355,19.2145,4.916,36.6643,223.72,0.429,0.011,,,-9.99,,,,
20041003,1992.152416,31.894,64.101,,108,,107.2205,19.2063,4.9153,36.6645,223.41,0.427,0.007,,,-9.99,,,,
20041003,1992.152416,31.894,64.101,,110,,109.2056,19.1868,4.9133,36.6643,223.02,0.427,0.007,,,-9.99,,,,
20041003,1992.152416,31.894,64.101,,112,,111.1906,19.1679,4.9111,36.6621,222.37,0.428,0.007,,,-9.99,,,,
20041003,1992.152416,31.894,64.101,,114,,113.1756,19.1522,4.9095,36.6613,221.76,0.429,0.008,,,-9.99,,,,
20041003,1992.152416,31.894,64.101,,116,,115.1606,19.1407,4.9083,36.6613,221.47,0.428,0.009,,,-9.99,,,,
20041003,1992.152416,31.894,64.101,,118,,117.1455,19.1304,4.9074,36.6615,221.26,0.431,0.013,,,-9.99,,,,
20041003,1992.152416,31.894,64.101,,120,,119.1305,19.125,4.9069,36.6616,220.9,0.432,0.02,,,-9.99,,,,
20041003,1992.152416,31.894,64.101,,122,,121.1154,19.1148,4.9059,36.6617,220.79,0.433,0.023,,,-9.99,,,,
20041003,1992.152416,31.894,64.101,,124,,123.1003,19.1017,4.9047,36.6622,220.72,0.433,0.029,,,-9.99,,,,
20041003,1992.152416,31.894,64.101,,126,,125.0852,19.0838,4.9032,36.6643,220.79,0.433,0.029,,,-9.99,,,,
20041003,1992.152416,31.894,64.101,,128,,127.07,19.0773,4.9026,36.6643,220.91,0.435,0.032,,,-9.99,,,,
20041003,1992.152416,31.894,64.101,,130,,129.0549,19.068,4.9015,36.6625,221.26,0.438,0.04,,,-9.99,,,,
20041003,1992.152416,31.894,64.101,,132,,131.0397,19.0369,4.8974,36.6547,221.73,0.438,0.044,,,-9.99,,,,
20041003,1992.152416,31.894,64.101,,134,,133.0245,19.0158,4.8945,36.6489,222.25,0.44,0.045,,,-9.99,,,,
20041003,1992.152416,31.894,64.101,,136,,135.0093,19.0125,4.8942,36.6484,222.94,0.439,0.046,,,-9.99,,,,
20041003,1992.152416,31.894,64.101,,138,,136.994,19.0196,4.8954,36.6517,223.33,0.437,0.046,,,-9.99,,,,
20041003,1992.152416,31.894,64.101,,140,,138.9788,19.024,4.8963,36.6538,223.65,0.436,0.044,,,-9.99,,,,
20041003,1992.152416,31.894,64.101,,142,,140.9635,19.0252,4.8965,36.6545,223.75,0.435,0.041,,,-9.99,,,,
20041003,1992.152416,31.894,64.101,,144,,142.9482,19.0258,4.8967,36.6546,223.71,0.435,0.037,,,-9.99,,,,
20041003,1992.152416,31.894,64.101,,146,,144.9329,19.0193,4.896,36.6532,223.7,0.434,0.031,,,-9.99,,,,
20041003,1992.152416,31.894,64.101,,148,,146.9176,19.0124,4.8951,36.6517,223.68,0.433,0.027,,,-9.99,,,,
20041003,1992.152416,31.894,64.101,,150,,148.9022,19.0109,4.8951,36.6515,223.58,0.434,0.025,,,-9.99,,,,
20041003,1992.152416,31.894,64.101,,152,,150.8869,19.0155,4.8959,36.6538,223.48,0.435,0.023,,,-9.99,,,,
20041003,1992.152416,31.894,64.101,,154,,152.8715,19.0202,4.8966,36.6552,223.46,0.435,0.024,,,-9.99,,,,
20041003,1992.152416,31.894,64.101,,156,,154.8561,19.0229,4.8972,36.6569,223.45,0.436,0.026,,,-9.99,,,,
20041003,1992.152416,31.894,64.101,,158,,156.8407,19.0266,4.8979,36.6587,223.4,0.435,0.026,,,-9.99,,,,
20041003,1992.152416,31.894,64.101,,160,,158.8252,19.0383,4.8997,36.663,223.4,0.435,0.025,,,-9.99,,,,
20041003,1992.152416,31.894,64.101,,162,,160.8098,19.0894,4.9076,36.6835,223.31,0.437,0.026,,,-9.99,,,,
20041003,1992.152416,31.894,64.101,,164,,162.7943,19.1309,4.9138,36.6978,223.23,0.437,0.025,,,-9.99,,,,
20041003,1992.152416,31.894,64.101,,166,,164.7788,19.1259,4.9133,36.6974,223.22,0.437,0.026,,,-9.99,,,,
20041003,1992.152416,31.894,64.101,,168,,166.7632,19.1131,4.9116,36.6935,223.24,0.437,0.026,,,-9.99,,,,
20041003,1992.152416,31.894,64.101,,170,,168.7477,19.0933,4.909,36.6888,223.16,0.436,0.025,,,-9.99,,,,
20041003,1992.152416,31.894,64.101,,172,,170.7321,19.0786,4.907,36.6838,223.07,0.44,0.022,,,-9.99,,,,
20041003,1992.152416,31.894,64.101,,174,,172.7166,19.0637,4.9052,36.6812,223.08,0.437,0.024,,,-9.99,,,,
20041003,1992.152416,31.894,64.101,,176,,174.701,19.0675,4.9059,36.6827,222.98,0.437,0.028,,,-9.99,,,,
20041003,1992.152416,31.894,64.101,,178,,176.6854,19.0951,4.9101,36.6933,222.85,0.438,0.026,,,-9.99,,,,
20041003,1992.152416,31.894,64.101,,180,,178.6697,19.1073,4.912,36.6978,222.82,0.44,0.029,,,-9.99,,,,
20041003,1992.152416,31.894,64.101,,182,,180.6541,19.1183,4.9138,36.7017,222.87,0.441,0.033,,,-9.99,,,,
20041003,1992.152416,31.894,64.101,,184,,182.6384,19.1216,4.9144,36.7032,222.93,0.441,0.03,,,-9.99,,,,
20041003,1992.152416,31.894,64.101,,186,,184.6227,19.1305,4.9157,36.706,222.99,0.442,0.03,,,-9.99,,,,
20041003,1992.152416,31.894,64.101,,188,,186.607,19.1217,4.9145,36.7029,223.06,0.442,0.033,,,-9.99,,,,
20041003,1992.152416,31.894,64.101,,190,,188.5912,19.0905,4.9104,36.6952,223.13,0.44,0.031,,,-9.99,,,,
20041003,1992.152416,31.894,64.101,,192,,190.5755,19.0869,4.9101,36.6948,223.13,0.44,0.032,,,-9.99,,,,
20041003,1992.152416,31.894,64.101,,194,,192.5597,19.096,4.9115,36.698,223.08,0.44,0.033,,,-9.99,,,,
20041003,1992.152416,31.894,64.101,,196,,194.5439,19.1094,4.9136,36.703,223.04,0.437,0.032,,,-9.99,,,,
20041003,1992.152416,31.894,64.101,,198,,196.5281,19.1165,4.9147,36.7053,222.88,0.438,0.03,,,-9.99,,,,
20041003,1992.152416,31.894,64.101,,200,,198.5123,19.1225,4.9159,36.709,222.81,0.437,0.027,,,-9.99,,,,
20041003,1992.152416,31.894,64.101,,202,,200.4965,19.1251,4.9164,36.7101,222.67,0.437,0.025,,,-9.99,,,,
20041003,1992.152416,31.894,64.101,,204,,202.4806,19.1143,4.9152,36.7087,222.6,0.437,0.024,,,-9.99,,,,
20041003,1992.152416,31.894,64.101,,206,,204.4647,19.1148,4.9153,36.7088,222.45,0.437,0.025,,,-9.99,,,,
20041003,1992.152416,31.894,64.101,,208,,206.4488,19.1158,4.9156,36.7094,222.39,0.437,0.024,,,-9.99,,,,
20041003,1992.152416,31.894,64.101,,210,,208.4329,19.1199,4.9163,36.7107,222.33,0.437,0.022,,,-9.99,,,,
20041003,1992.152416,31.894,64.101,,212,,210.4169,19.1221,4.9167,36.712,222.38,0.438,0.025,,,-9.99,,,,
20041003,1992.152416,31.894,64.101,,214,,212.401,19.1276,4.9177,36.7148,222.43,0.44,0.025,,,-9.99,,,,
20041003,1992.152416,31.894,64.101,,216,,214.385,19.1258,4.9178,36.7165,222.52,0.44,0.022,,,-9.99,,,,
20041003,1992.152416,31.894,64.101,,218,,216.369,19.1271,4.9182,36.7174,222.49,0.439,0.022,,,-9.99,,,,
20041003,1992.152416,31.894,64.101,,220,,218.353,19.1317,4.919,36.7194,222.43,0.437,0.022,,,-9.99,,,,
20041003,1992.152416,31.894,64.101,,222,,220.3369,19.1332,4.9192,36.7193,222.39,0.438,0.022,,,-9.99,,,,
20041003,1992.152416,31.894,64.101,,224,,222.3209,19.1302,4.9189,36.7189,222.23,0.438,0.022,,,-9.99,,,,
20041003,1992.152416,31.894,64.101,,226,,224.3048,19.1279,4.9187,36.7182,222.17,0.437,0.022,,,-9.99,,,,
20041003,1992.152416,31.894,64.101,,228,,226.2887,19.124,4.9182,36.717,222.14,0.438,0.022,,,-9.99,,,,
20041003,1992.152416,31.894,64.101,,230,,228.2726,19.0941,4.9141,36.7078,222.12,0.437,0.024,,,-9.99,,,,
20041003,1992.152416,31.894,64.101,,232,,230.2564,19.0554,4.909,36.6986,222.1,0.436,0.024,,,-9.99,,,,
20041003,1992.152416,31.894,64.101,,234,,232.2403,19.024,4.9048,36.6899,221.8,0.436,0.022,,,-9.99,,,,
20041003,1992.152416,31.894,64.101,,236,,234.2241,18.996,4.9011,36.6833,221.41,0.435,0.022,,,-9.99,,,,
20041003,1992.152416,31.894,64.101,,238,,236.2079,18.9648,4.8967,36.673,221.04,0.435,0.023,,,-9.99,,,,
20041003,1992.152416,31.894,64.101,,240,,238.1917,18.8952,4.8878,36.6587,220.64,0.433,0.025,,,-9.99,,,,
20041003,1992.152416,31.894,64.101,,242,,240.1755,18.8365,4.8803,36.6471,220.23,0.433,0.025,,,-9.99,,,,
20041003,1992.152416,31.894,64.101,,244,,242.1592,18.7864,4.8739,36.6364,218.85,0.433,0.023,,,-9.99,,,,
20041003,1992.152416,31.894,64.101,,246,,244.143,18.7549,4.8697,36.6283,217.73,0.433,0.022,,,-9.99,,,,
20041003,1992.152416,31.894,64.101,,248,,246.1267,18.7245,4.8656,36.6197,215.71,0.431,0.021,,,-9.99,,,,
20041003,1992.152416,31.894,64.101,,250,,248.1104,18.6634,4.8581,36.6092,214.9,0.431,0.022,,,-9.99,,,,
20041003,1992.152416,31.894,64.101,,252,,250.094,18.6396,4.8552,36.605,213.23,0.43,0.022,,,-9.99,,,,
20041004,1992.152673,31.89,64.103,,,,3,,,,2.9791,19.7356,4.9703,36.6979,231.86,0.505,0.141,,,-9.99
20041004,1992.152673,31.89,64.103,,,,5,,,,4.9652,19.7309,4.97,36.6982,231.94,0.505,0.135,,,-9.99
20041004,1992.152673,31.89,64.103,,,,7,,,,6.9512,19.7182,4.9688,36.6987,232.02,0.503,0.134,,,-9.99
20041004,1992.152673,31.89,64.103,,,,9,,,,8.9372,19.7177,4.9688,36.699,231.98,0.502,0.154,,,-9.99
20041004,1992.152673,31.89,64.103,,,11,,,10.9232,19.7175,4.9689,36.6989,231.97,0.502,0.154,,,-9.99,,
20041004,1992.152673,31.89,64.103,,,13,,,12.9092,19.6836,4.9653,36.6976,231.96,0.501,0.13,,,-9.99,,
20041004,1992.152673,31.89,64.103,,,15,,,14.8951,19.6404,4.9607,36.6967,232.04,0.498,0.107,,,-9.99,,
20041004,1992.152673,31.89,64.103,,,17,,,16.881,19.6096,4.9579,36.6997,232.16,0.506,0.105,,,-9.99,,
20041004,1992.152673,31.89,64.103,,,19,,,18.8669,19.59,4.9562,36.7019,232.18,0.509,0.108,,,-9.99,,
20041004,1992.152673,31.89,64.103,,,21,,,20.8528,19.5717,4.9542,36.7013,232.15,0.513,0.114,,,-9.99,,
20041004,1992.152673,31.89,64.103,,,23,,,22.8387,19.5576,4.9527,36.7002,232.1,0.516,0.131,,,-9.99,,
20041004,1992.152673,31.89,64.103,,,25,,,24.8246,19.5335,4.9502,36.6995,232.06,0.518,0.143,,,-9.99,,
20041004,1992.152673,31.89,64.103,,,27,,,26.8104,19.5194,4.9487,36.6985,231.87,0.514,0.163,,,-9.99,,
20041004,1992.152673,31.89,64.103,,,29,,,28.7962,19.489,4.9453,36.6967,231.78,0.506,0.172,,,-9.99,,
20041004,1992.152673,31.89,64.103,,,31,,,30.782,19.4652,4.9427,36.6947,231.56,0.5,0.176,,,-9.99,,
20041004,1992.152673,31.89,64.103,,,33,,,32.7678,19.449,4.9407,36.6921,231.22,0.5,0.178,,,-9.99,,
20041004,1992.152673,31.89,64.103,,,35,,,34.7536,19.4312,4.9387,36.69,230.79,0.494,0.181,,,-9.99,,
20041004,1992.152673,31.89,64.103,,,37,,,36.7393,19.4198,4.9374,36.6882,230.49,0.491,0.178,,,-9.99,,
20041004,1992.152673,31.89,64.103,,,39,,,38.725,19.4089,4.9361,36.6864,230.25,0.482,0.17,,,-9.99,,
20041004,1992.152673,31.89,64.103,,,41,,,40.7107,19.3991,4.9349,36.6846,229.98,0.477,0.16,,,-9.99,,
20041004,1992.152673,31.89,64.103,,,43,,,42.6964,19.3878,4.9337,36.6832,229.79,0.473,0.155,,,-9.99,,
20041004,1992.152673,31.89,64.103,,,45,,,44.6821,19.3756,4.9321,36.6803,229.56,0.469,0.154,,,-9.99,,
20041004,1992.152673,31.89,64.103,,,47,,,46.6677,19.2934,4.9212,36.6605,229.29,0.453,0.14,,,-9.99,,
20041004,1992.152673,31.89,64.103,,,49,,,48.6533,19.2603,4.9171,36.6548,229.07,0.446,0.126,,,-9.99,,
20041004,1992.152673,31.89,64.103,,,51,,,50.6389,19.2547,4.9166,36.6549,228.55,0.443,0.117,,,-9.99,,
20041004,1992.152673,31.89,64.103,,,53,,,52.6245,19.2547,4.9169,36.6564,227.79,0.442,0.109,,,-9.99,,
20041004,1992.152673,31.89,64.103,,,55,,,54.6101,19.2553,4.9171,36.6566,227.58,0.442,0.109,,,-9.99,,
20041004,1992.152673,31.89,64.103,,,57,,,56.5956,19.2555,4.9172,36.6568,227.49,0.44,0.108,,,-9.99,,
20041004,1992.152673,31.89,64.103,,,59,,,58.5812,19.2557,4.9174,36.6575,227.61,0.441,0.107,,,-9.99,,
20041004,1992.152673,31.89,64.103,,,61,,,60.5667,19.2575,4.918,36.6602,227.69,0.437,0.102,,,-9.99,,
20041004,1992.152673,31.89,64.103,,,63,,,62.5522,19.2634,4.919,36.6627,227.7,0.436,0.116,,,-9.99,,
20041004,1992.152673,31.89,64.103,,,65,,,64.5376,19.2658,4.9195,36.6639,227.66,0.435,0.103,,,-9.99,,
20041004,1992.152673,31.89,64.103,,,67,,,66.5231,19.2632,4.9194,36.6642,227.47,0.433,0.093,,,-9.99,,
20041004,1992.152673,31.89,64.103,,,69,,,68.5085,19.2617,4.9193,36.6643,226.9,0.431,0.074,,,-9.99,,
20041004,1992.152673,31.89,64.103,,,71,,,70.4939,19.2533,4.9184,36.663,226.62,0.43,0.063,,,-9.99,,
20041004,1992.152673,31.89,64.103,,,73,,,72.4793,19.2428,4.917,36.6606,226.19,0.429,0.052,,,-9.99,,
20041004,1992.152673,31.89,64.103,,,75,,,74.4647,19.2398,4.9167,36.6599,225.8,0.428,0.046,,,-9.99,,
20041004,1992.152673,31.89,64.103,,,77,,,76.45,19.2371,4.9165,36.6591,225.64,0.427,0.044,,,-9.99,,
20041004,1992.152673,31.89,64.103,,,79,,,78.4354,19.2334,4.916,36.6577,225.44,0.428,0.035,,,-9.99,,
20041004,1992.152673,31.89,64.103,,,81,,,80.4207,19.2271,4.9153,36.6571,225.3,0.427,0.031,,,-9.99,,
20041004,1992.152673,31.89,64.103,,,83,,,82.406,19.229,4.9157,36.6578,225.23,0.428,0.032,,,-9.99,,
20041004,1992.152673,31.89,64.103,,,85,,,84.3913,19.2374,4.917,36.6608,225.15,0.427,0.033,,,-9.99,,
20041004,1992.152673,31.89,64.103,,,87,,,86.3765,19.2412,4.9177,36.6625,225.06,0.427,0.034,,,-9.99,,
20041004,1992.152673,31.89,64.103,,,89,,,88.3618,19.2439,4.9182,36.6634,224.98,0.427,0.034,,,-9.99,,
20041004,1992.152673,31.89,64.103,,,91,,,90.347,19.2395,4.9178,36.6634,224.81,0.427,0.033,,,-9.99,,
20041004,1992.152673,31.89,64.103,,,93,,,92.3322,19.2381,4.9178,36.6633,224.68,0.427,0.033,,,-9.99,,
20041004,1992.152673,31.89,64.103,,,95,,,94.3174,19.2379,4.9178,36.6631,224.57,0.427,0.033,,,-9.99,,
20041004,1992.152673,31.89,64.103,,,97,,,96.3025,19.2378,4.9179,36.6629,224.44,0.427,0.031,,,-9.99,,
20041004,1992.152673,31.89,64.103,,,99,,,98.2877,19.2376,4.918,36.6631,224.41,0.427,0.029,,,-9.99,,
20041004,1992.152673,31.89,64.103,,101,,100.2728,19.2455,4.9194,36.6674,224.33,0.426,0.024,,,-9.99,,,,
20041004,1992.152673,31.89,64.103,,103,,102.2579,19.2471,4.9198,36.6681,224.15,0.425,0.019,,,-9.99,,,,
20041004,1992.152673,31.89,64.103,,105,,104.243,19.2434,4.9194,36.6679,223.9,0.425,0.018,,,-9.99,,,,
20041004,1992.152673,31.89,64.103,,107,,106.228,19.2384,4.919,36.6681,223.42,0.425,0.014,,,-9.99,,,,
20041004,1992.152673,31.89,64.103,,109,,108.2131,19.2308,4.9183,36.6677,222.97,0.425,0.014,,,-9.99,,,,
20041004,1992.152673,31.89,64.103,,111,,110.1981,19.2204,4.9171,36.6663,222.73,0.422,0.012,,,-9.99,,,,
20041004,1992.152673,31.89,64.103,,113,,112.1831,19.217,4.9167,36.6657,222.24,0.422,0.01,,,-9.99,,,,
20041004,1992.152673,31.89,64.103,,115,,114.1681,19.2131,4.9164,36.6652,221.91,0.423,0.008,,,-9.99,,,,
20041004,1992.152673,31.89,64.103,,117,,116.1531,19.208,4.9159,36.6648,221.59,0.422,0.009,,,-9.99,,,,
20041004,1992.152673,31.89,64.103,,119,,118.138,19.2053,4.9156,36.6645,221.02,0.422,0.01,,,-9.99,,,,
20041004,1992.152673,31.89,64.103,,121,,120.123,19.2027,4.9155,36.6645,220.76,0.422,0.009,,,-9.99,,,,
20041004,1992.152673,31.89,64.103,,123,,122.1079,19.197,4.9149,36.6643,220.64,0.424,0.009,,,-9.99,,,,
20041004,1992.152673,31.89,64.103,,125,,124.0928,19.1898,4.9143,36.6643,220.49,0.422,0.007,,,-9.99,,,,
20041004,1992.152673,31.89,64.103,,127,,126.0776,19.1816,4.9135,36.6643,220.54,0.423,0.007,,,-9.99,,,,
20041004,1992.152673,31.89,64.103,,129,,128.0625,19.1727,4.9126,36.6638,220.64,0.425,0.006,,,-9.99,,,,
20041004,1992.152673,31.89,64.103,,131,,130.0473,19.1642,4.9116,36.6625,220.74,0.425,0.006,,,-9.99,,,,
20041004,1992.152673,31.89,64.103,,133,,132.0321,19.1503,4.9101,36.661,220.84,0.425,0.006,,,-9.99,,,,
20041004,1992.152673,31.89,64.103,,135,,134.0169,19.1394,4.9089,36.6604,220.82,0.427,0.012,,,-9.99,,,,
20041004,1992.152673,31.89,64.103,,137,,136.0017,19.128,4.9078,36.6599,220.74,0.427,0.019,,,-9.99,,,,
20041004,1992.152673,31.89,64.103,,139,,137.9865,19.1137,4.9064,36.66,220.71,0.428,0.018,,,-9.99,,,,
20041004,1992.152673,31.89,64.103,,141,,139.9712,19.0993,4.905,36.6608,220.4,0.429,0.018,,,-9.99,,,,
20041004,1992.152673,31.89,64.103,,143,,141.9559,19.0882,4.904,36.6609,220.23,0.43,0.024,,,-9.99,,,,
20041004,1992.152673,31.89,64.103,,145,,143.9406,19.0741,4.9025,36.66,220.13,0.431,0.027,,,-9.99,,,,
20041004,1992.152673,31.89,64.103,,147,,145.9253,19.0631,4.9012,36.658,220.02,0.432,0.033,,,-9.99,,,,
20041004,1992.152673,31.89,64.103,,149,,147.91,19.0539,4.9002,36.6571,220.13,0.433,0.033,,,-9.99,,,,
20041004,1992.152673,31.89,64.103,,151,,149.8946,19.0503,4.8999,36.6571,220.36,0.433,0.037,,,-9.99,,,,
20041004,1992.152673,31.89,64.103,,153,,151.8792,19.0331,4.8978,36.654,220.94,0.435,0.04,,,-9.99,,,,
20041004,1992.152673,31.89,64.103,,155,,153.8638,19.0175,4.8959,36.6512,221.49,0.435,0.039,,,-9.99,,,,
20041004,1992.152673,31.89,64.103,,157,,155.8484,19.0266,4.8974,36.6547,221.95,0.437,0.041,,,-9.99,,,,
20041004,1992.152673,31.89,64.103,,159,,157.833,19.0455,4.9003,36.6616,222.79,0.435,0.04,,,-9.99,,,,
20041004,1992.152673,31.89,64.103,,161,,159.8175,19.0499,4.9011,36.6637,222.99,0.436,0.04,,,-9.99,,,,
20041004,1992.152673,31.89,64.103,,163,,161.8021,19.045,4.9005,36.6626,223.22,0.435,0.039,,,-9.99,,,,
20041004,1992.152673,31.89,64.103,,165,,163.7866,19.0407,4.9,36.6615,223.31,0.435,0.041,,,-9.99,,,,
20041004,1992.152673,31.89,64.103,,167,,165.7711,19.0365,4.8996,36.6611,223.27,0.434,0.04,,,-9.99,,,,
20041004,1992.152673,31.89,64.103,,169,,167.7555,19.0388,4.9002,36.6632,223.26,0.433,0.036,,,-9.99,,,,
20041004,1992.152673,31.89,64.103,,171,,169.74,19.0463,4.9015,36.6663,223.19,0.432,0.029,,,-9.99,,,,
20041004,1992.152673,31.89,64.103,,173,,171.7244,19.0539,4.9029,36.6711,223.14,0.434,0.027,,,-9.99,,,,
20041004,1992.152673,31.89,64.103,,175,,173.7088,19.0593,4.9039,36.6737,223.09,0.433,0.029,,,-9.99,,,,
20041004,1992.152673,31.89,64.103,,177,,175.6932,19.0658,4.9051,36.6776,222.97,0.435,0.032,,,-9.99,,,,
20041004,1992.152673,31.89,64.103,,179,,177.6776,19.1006,4.9105,36.691,222.8,0.437,0.037,,,-9.99,,,,
20041004,1992.152673,31.89,64.103,,181,,179.662,19.1007,4.9107,36.6919,222.78,0.437,0.039,,,-9.99,,,,
20041004,1992.152673,31.89,64.103,,183,,181.6463,19.1036,4.9113,36.6939,222.74,0.438,0.039,,,-9.99,,,,
20041004,1992.152673,31.89,64.103,,185,,183.6306,19.1081,4.9122,36.6967,222.81,0.438,0.044,,,-9.99,,,,
20041004,1992.152673,31.89,64.103,,187,,185.6149,19.1112,4.9128,36.6978,222.86,0.437,0.043,,,-9.99,,,,
20041004,1992.152673,31.89,64.103,,189,,187.5992,19.1086,4.9126,36.698,222.92,0.437,0.04,,,-9.99,,,,
20041004,1992.152673,31.89,64.103,,191,,189.5834,19.1025,4.912,36.6979,222.83,0.436,0.036,,,-9.99,,,,
20041004,1992.152673,31.89,64.103,,193,,191.5677,19.1024,4.9122,36.6983,222.75,0.437,0.035,,,-9.99,,,,
20041004,1992.152673,31.89,64.103,,195,,193.5519,19.0997,4.9121,36.6992,222.6,0.435,0.03,,,-9.99,,,,
20041004,1992.152673,31.89,64.103,,197,,195.5361,19.0973,4.912,36.6995,222.52,0.436,0.028,,,-9.99,,,,
20041004,1992.152673,31.89,64.103,,199,,197.5203,19.0995,4.9124,36.7007,222.45,0.436,0.029,,,-9.99,,,,
20041004,1992.152673,31.89,64.103,,201,,199.5044,19.1008,4.9127,36.7014,222.43,0.435,0.028,,,-9.99,,,,
20041004,1992.152673,31.89,64.103,,203,,201.4886,19.1011,4.9129,36.7015,222.39,0.435,0.028,,,-9.99,,,,
20041004,1992.152673,31.89,64.103,,205,,203.4727,19.1016,4.9131,36.7021,222.36,0.435,0.03,,,-9.99,,,,
20041004,1992.152673,31.89,64.103,,207,,205.4568,19.1033,4.9135,36.703,222.44,0.435,0.029,,,-9.99,,,,
20041004,1992.152673,31.89,64.103,,209,,207.4409,19.1062,4.9139,36.7037,222.51,0.435,0.025,,,-9.99,,,,
20041004,1992.152673,31.89,64.103,,211,,209.425,19.1098,4.9146,36.7053,222.58,0.435,0.025,,,-9.99,,,,
20041004,1992.152673,31.89,64.103,,213,,211.409,19.1118,4.915,36.706,222.62,0.435,0.026,,,-9.99,,,,
20041004,1992.152673,31.89,64.103,,215,,213.393,19.1116,4.915,36.7059,222.56,0.435,0.027,,,-9.99,,,,
20041004,1992.152673,31.89,64.103,,217,,215.3771,19.1135,4.9154,36.7068,222.46,0.435,0.024,,,-9.99,,,,
20041004,1992.152673,31.89,64.103,,219,,217.3611,19.1192,4.9164,36.7093,222.41,0.435,0.024,,,-9.99,,,,
20041004,1992.152673,31.89,64.103,,221,,219.345,19.1245,4.9173,36.7116,222.29,0.435,0.025,,,-9.99,,,,
20041004,1992.152673,31.89,64.103,,223,,221.329,19.1254,4.9176,36.7123,222.34,0.435,0.021,,,-9.99,,,,
20041004,1992.152673,31.89,64.103,,225,,223.3129,19.1255,4.9177,36.7124,222.4,0.435,0.024,,,-9.99,,,,
20041004,1992.152673,31.89,64.103,,227,,225.2968,19.1127,4.9159,36.7076,222.33,0.435,0.027,,,-9.99,,,,
20041004,1992.152673,31.89,64.103,,229,,227.2807,19.0593,4.9085,36.6924,222.49,0.435,0.029,,,-9.99,,,,
20041004,1992.152673,31.89,64.103,,231,,229.2646,19.0472,4.9071,36.6904,222.43,0.435,0.03,,,-9.99,,,,
20041004,1992.152673,31.89,64.103,,233,,231.2484,19.0504,4.9076,36.6904,222.26,0.435,0.03,,,-9.99,,,,
20041004,1992.152673,31.89,64.103,,235,,233.2323,19.0389,4.9063,36.6893,222.1,0.435,0.033,,,-9.99,,,,
20041004,1992.152673,31.89,64.103,,237,,235.2161,19.0268,4.9049,36.6877,221.93,0.435,0.032,,,-9.99,,,,
20041004,1992.152673,31.89,64.103,,239,,237.1999,19.0097,4.9026,36.6828,221.8,0.435,0.031,,,-9.99,,,,
20041004,1992.152673,31.89,64.103,,241,,239.1837,18.9348,4.8929,36.6666,221.75,0.434,0.036,,,-9.99,,,,
20041004,1992.152673,31.89,64.103,,243,,241.1674,18.871,4.8845,36.6509,221.45,0.433,0.034,,,-9.99,,,,
20041004,1992.152673,31.89,64.103,,245,,243.1512,18.7967,4.875,36.6358,221.07,0.431,0.036,,,-9.99,,,,
20041004,1992.152673,31.89,64.103,,247,,245.1349,18.7894,4.874,36.6336,220.52,0.431,0.034,,,-9.99,,,,
20041004,1992.152673,31.89,64.103,,249,,247.1186,18.7917,4.8743,36.6335,219.64,0.431,0.033,,,-9.99,,,,
20041004,1992.152673,31.89,64.103,,251,,249.1023,18.7208,4.8651,36.6173,218.59,0.43,0.032,,,-9.99,,,,
20041004,1992.152673,31.89,64.103,,253,,251.086,18.6685,4.8589,36.6109,217.52,0.428,0.03,,,-9.99,,,,
20041004,1992.152673,31.89,64.103,,255,,253.0696,18.6215,4.8532,36.6028,216.11,0.427,0.026,,,-9.99,,,,
20041004,1992.152673,31.89,64.103,,257,,255.0532,18.5855,4.8489,36.5976,214.72,0.426,0.025,,,-9.99,,,,
20041004,1992.152673,31.89,64.103,,259,,257.0368,18.5606,4.8458,36.5933,213.62,0.425,0.023,,,-9.99,,,,
20041004,1992.152673,31.89,64.103,,261,,259.0204,18.5247,4.8415,36.5873,211.5,0.425,0.023,,,-9.99,,,,
20041004,1992.152673,31.89,64.103,,263,,261.004,18.485,4.837,36.5835,210.86,0.422,0.023,,,-9.99,,,,
20041004,1992.152673,31.89,64.103,,265,,262.9875,18.4721,4.8355,36.582,210.34,0.423,0.021,,,-9.99,,,,
20041004,1992.152673,31.89,64.103,,267,,264.9711,18.4465,4.8324,36.5771,209.6,0.423,0.022,,,-9.99,,,,
20041004,1992.152673,31.89,64.103,,269,,266.9546,18.4125,4.8285,36.5741,209.12,0.422,0.024,,,-9.99,,,,
20041004,1992.152673,31.89,64.103,,271,,268.9381,18.4005,4.8272,36.5726,208.75,0.422,0.026,,,-9.99,,,,
20041004,1992.152673,31.89,64.103,,273,,270.9216,18.3838,4.8253,36.5704,208.38,0.422,0.028,,,-9.99,,,,
20041004,1992.152673,31.89,64.103,,275,,272.905,18.3703,4.8238,36.5688,208.13,0.421,0.025,,,-9.99,,,,
20041004,1992.152673,31.89,64.103,,277,,274.8884,18.3542,4.8221,36.5677,208.01,0.421,0.022,,,-9.99,,,,
20041004,1992.152673,31.89,64.103,,279,,276.8719,18.3386,4.8203,36.5654,207.83,0.422,0.021,,,-9.99,,,,
20041004,1992.152673,31.89,64.103,,281,,278.8553,18.331,4.8196,36.5655,207.84,0.42,0.023,,,-9.99,,,,
20041004,1992.152673,31.89,64.103,,283,,280.8386,18.3195,4.8184,36.5652,207.74,0.42,0.025,,,-9.99,,,,
20041004,1992.152673,31.89,64.103,,285,,282.822,18.3102,4.8175,36.5649,207.8,0.42,0.025,,,-9.99,,,,
20041004,1992.152673,31.89,64.103,,287,,284.8053,18.3023,4.8166,36.5637,207.88,0.42,0.024,,,-9.99,,,,
20041004,1992.152673,31.89,64.103,,289,,286.7887,18.2963,4.8159,36.5625,207.97,0.42,0.023,,,-9.99,,,,
20041004,1992.152673,31.89,64.103,,291,,288.772,18.281,4.8143,36.5611,208.07,0.42,0.025,,,-9.99,,,,
20041004,1992.152673,31.89,64.103,,293,,290.7552,18.2698,4.8131,36.5603,208.13,0.42,0.027,,,-9.99,,,,
20041004,1992.152673,31.89,64.103,,295,,292.7385,18.2648,4.8126,36.5597,208.11,0.42,0.027,,,-9.99,,,,
20041004,1992.152673,31.89,64.103,,297,,294.7218,18.2629,4.8125,36.5596,208.06,0.42,0.027,,,-9.99,,,,
20041004,1992.152673,31.89,64.103,,299,,296.705,18.2569,4.8119,36.5596,208.13,0.42,0.026,,,-9.99,,,,
20041004,1992.152673,31.89,64.103,,301,,298.6882,18.2481,4.811,36.5588,208.27,0.42,0.025,,,-9.99,,,,
20041004,1992.152673,31.89,64.103,,303,,300.6714,18.2352,4.8095,36.5563,208.38,0.42,0.024,,,-9.99,,,,
20041004,1992.152673,31.89,64.103,,305,,302.6545,18.2194,4.8076,36.5537,208.53,0.42,0.026,,,-9.99,,,,
20041004,1992.152673,31.89,64.103,,307,,304.6377,18.2117,4.8067,36.5522,208.47,0.42,0.025,,,-9.99,,,,
20041004,1992.152673,31.89,64.103,,309,,306.6208,18.2062,4.8061,36.5511,208.39,0.419,0.025,,,-9.99,,,,
20041004,1992.152673,31.89,64.103,,311,,308.6039,18.1895,4.8041,36.5478,208.24,0.42,0.028,,,-9.99,,,,
20041004,1992.152673,31.89,64.103,,313,,310.587,18.1792,4.8028,36.5454,208.02,0.419,0.029,,,-9.99,,,,
20041004,1992.152673,31.89,64.103,,315,,312.5701,18.1774,4.8027,36.545,207.88,0.419,0.029,,,-9.99,,,,
20041004,1992.152673,31.89,64.103,,317,,314.5531,18.1737,4.8022,36.5436,207.68,0.42,0.03,,,-9.99,,,,
20041004,1992.152673,31.89,64.103,,319,,316.5362,18.1356,4.7973,36.5352,207.49,0.425,0.031,,,-9.99,,,,
20041004,1992.152673,31.89,64.103,,321,,318.5192,18.1223,4.7958,36.5335,207.11,0.418,0.029,,,-9.99,,,,
20041004,1992.152673,31.89,64.103,,323,,320.5022,18.1229,4.796,36.5339,206.69,0.419,0.029,,,-9.99,,,,
20041004,1992.152673,31.89,64.103,,325,,322.4852,18.1239,4.7963,36.5343,206.23,0.418,0.029,,,-9.99,,,,
20041004,1992.152673,31.89,64.103,,327,,324.4681,18.1226,4.7962,36.5344,205.97,0.418,0.028,,,-9.99,,,,
20041004,1992.152673,31.89,64.103,,329,,326.4511,18.1065,4.7942,36.5307,205.81,0.419,0.029,,,-9.99,,,,
20041004,1992.152673,31.89,64.103,,331,,328.434,18.0823,4.7912,36.5259,205.72,0.418,0.029,,,-9.99,,,,
20041004,1992.152673,31.89,64.103,,333,,330.4169,18.0674,4.7895,36.5232,205.71,0.418,0.029,,,-9.99,,,,
20041004,1992.152673,31.89,64.103,,335,,332.3998,18.0371,4.7858,36.5185,205.64,0.418,0.031,,,-9.99,,,,
20041004,1992.152673,31.89,64.103,,337,,334.3826,18.0165,4.7834,36.5153,205.38,0.418,0.033,,,-9.99,,,,
20041004,1992.152673,31.89,64.103,,339,,336.3655,17.9954,4.7809,36.5119,204.94,0.418,0.036,,,-9.99,,,,
20041004,1992.152673,31.89,64.103,,341,,338.3483,17.9742,4.7784,36.5082,204.63,0.418,0.038,,,-9.99,,,,
20041004,1992.152673,31.89,64.103,,343,,340.3311,17.95,4.7754,36.504,204.32,0.418,0.036,,,-9.99,,,,
20041004,1992.152673,31.89,64.103,,345,,342.3139,17.9226,4.7722,36.5002,204.1,0.418,0.034,,,-9.99,,,,
20041004,1992.152673,31.89,64.103,,347,,344.2966,17.9151,4.7714,36.4985,203.8,0.418,0.037,,,-9.99,,,,
20041004,1992.152673,31.89,64.103,,349,,346.2794,17.9067,4.7704,36.4969,203.41,0.418,0.034,,,-9.99,,,,
20041004,1992.152673,31.89,64.103,,351,,348.2621,17.8953,4.7691,36.4949,203.05,0.418,0.034,,,-9.99,,,,
20041004,1992.152673,31.89,64.103,,353,,350.2448,17.8818,4.7675,36.4925,202.74,0.417,0.032,,,-9.99,,,,
20041004,1992.152673,31.89,64.103,,355,,352.2275,17.8793,4.7672,36.4921,202.48,0.417,0.031,,,-9.99,,,,
