20089001,1996.159705,31.663,64.167,,,,7,,,,6.9513,19.1888,4.9153,36.7186,219.889,-9.99,0.408,,,-9.99
20089001,1996.159705,31.663,64.167,,,,9,,,,8.9374,19.1915,4.9157,36.7186,219.899,-9.99,0.406,,,-9.99
20089001,1996.159705,31.663,64.167,,,11,,,10.9234,19.1907,4.9156,36.7184,219.772,-9.99,0.405,,,-9.99,,
20089001,1996.159705,31.663,64.167,,,13,,,12.9094,19.1901,4.9157,36.7183,219.725,-9.99,0.412,,,-9.99,,
20089001,1996.159705,31.663,64.167,,,15,,,14.8954,19.188,4.9155,36.7183,220.141,-9.99,0.408,,,-9.99,,
20089001,1996.159705,31.663,64.167,,,17,,,16.8814,19.1913,4.916,36.7187,219.892,-9.99,0.406,,,-9.99,,
20089001,1996.159705,31.663,64.167,,,19,,,18.8673,19.1927,4.9162,36.7186,220.242,-9.99,0.416,,,-9.99,,
20089001,1996.159705,31.663,64.167,,,21,,,20.8532,19.1938,4.9165,36.7187,219.448,-9.99,0.408,,,-9.99,,
20089001,1996.159705,31.663,64.167,,,23,,,22.8391,19.194,4.9166,36.7188,219.258,-9.99,0.409,,,-9.99,,
20089001,1996.159705,31.663,64.167,,,25,,,24.825,19.1956,4.9169,36.7194,220.121,-9.99,0.408,,,-9.99,,
20089001,1996.159705,31.663,64.167,,,27,,,26.8109,19.196,4.917,36.7194,220.24,-9.99,0.419,,,-9.99,,
20089001,1996.159705,31.663,64.167,,,29,,,28.7968,19.1968,4.9172,36.7195,219.796,-9.99,0.416,,,-9.99,,
20089001,1996.159705,31.663,64.167,,,31,,,30.7826,19.1968,4.9173,36.7193,220.388,-9.99,0.411,,,-9.99,,
20089001,1996.159705,31.663,64.167,,,33,,,32.7684,19.197,4.9174,36.7195,219.453,-9.99,0.401,,,-9.99,,
20089001,1996.159705,31.663,64.167,,,35,,,34.7542,19.1972,4.9175,36.7194,219.794,-9.99,0.407,,,-9.99,,
20089001,1996.159705,31.663,64.167,,,37,,,36.74,19.1977,4.9177,36.7194,220.122,-9.99,0.41,,,-9.99,,
20089001,1996.159705,31.663,64.167,,,39,,,38.7257,19.1978,4.9178,36.7195,220.304,-9.99,0.405,,,-9.99,,
20089001,1996.159705,31.663,64.167,,,41,,,40.7115,19.198,4.9179,36.7194,220.765,-9.99,0.399,,,-9.99,,
20089001,1996.159705,31.663,64.167,,,43,,,42.6972,19.1984,4.918,36.7194,220.829,-9.99,0.394,,,-9.99,,
20089001,1996.159705,31.663,64.167,,,45,,,44.6829,19.1986,4.9181,36.7194,220.751,-9.99,0.397,,,-9.99,,
20089001,1996.159705,31.663,64.167,,,47,,,46.6686,19.1991,4.9183,36.7194,220.498,-9.99,0.406,,,-9.99,,
20089001,1996.159705,31.663,64.167,,,49,,,48.6542,19.1996,4.9184,36.7194,220.545,-9.99,0.411,,,-9.99,,
20089001,1996.159705,31.663,64.167,,,51,,,50.6399,19.2001,4.9186,36.7194,220.694,-9.99,0.403,,,-9.99,,
20089001,1996.159705,31.663,64.167,,,53,,,52.6255,19.2001,4.9187,36.7194,220.59,-9.99,0.4,,,-9.99,,
20089001,1996.159705,31.663,64.167,,,55,,,54.6111,19.1998,4.9187,36.7193,220.409,-9.99,0.401,,,-9.99,,
20089001,1996.159705,31.663,64.167,,,57,,,56.5967,19.1992,4.9187,36.7193,220.223,-9.99,0.412,,,-9.99,,
20089001,1996.159705,31.663,64.167,,,59,,,58.5823,19.1997,4.9189,36.7193,220.223,-9.99,0.42,,,-9.99,,
20089001,1996.159705,31.663,64.167,,,61,,,60.5678,19.2004,4.919,36.7194,220.54,-9.99,0.416,,,-9.99,,
20089001,1996.159705,31.663,64.167,,,63,,,62.5533,19.2017,4.9193,36.7197,220.753,-9.99,0.399,,,-9.99,,
20089001,1996.159705,31.663,64.167,,,65,,,64.5388,19.2022,4.9195,36.7197,219.996,-9.99,0.405,,,-9.99,,
20089001,1996.159705,31.663,64.167,,,67,,,66.5243,19.2026,4.9196,36.7198,219.51,-9.99,0.406,,,-9.99,,
20089001,1996.159705,31.663,64.167,,,69,,,68.5098,19.203,4.9197,36.7196,220.722,-9.99,0.396,,,-9.99,,
20089001,1996.159705,31.663,64.167,,,71,,,70.4952,19.2035,4.9199,36.7196,222.097,-9.99,0.399,,,-9.99,,
20089001,1996.159705,31.663,64.167,,,73,,,72.4807,19.2032,4.9199,36.7195,221.632,-9.99,0.399,,,-9.99,,
20089001,1996.159705,31.663,64.167,,,75,,,74.4661,19.203,4.92,36.7196,221.118,-9.99,0.397,,,-9.99,,
20089001,1996.159705,31.663,64.167,,,77,,,76.4515,19.2033,4.9201,36.7195,220.536,-9.99,0.393,,,-9.99,,
20089001,1996.159705,31.663,64.167,,,79,,,78.4368,19.2045,4.9203,36.7195,220.685,-9.99,0.395,,,-9.99,,
20089001,1996.159705,31.663,64.167,,,81,,,80.4222,19.2049,4.9205,36.7196,220.521,-9.99,0.395,,,-9.99,,
20089001,1996.159705,31.663,64.167,,,83,,,82.4075,19.2054,4.9206,36.7196,220.199,-9.99,0.459,,,-9.99,,
20089001,1996.159705,31.663,64.167,,,85,,,84.3928,19.2062,4.9208,36.7195,220.325,-9.99,0.466,,,-9.99,,
20089001,1996.159705,31.663,64.167,,,87,,,86.3781,19.2067,4.9209,36.7197,219.966,-9.99,0.406,,,-9.99,,
20089001,1996.159705,31.663,64.167,,,89,,,88.3634,19.2063,4.921,36.7198,219.212,-9.99,0.406,,,-9.99,,
20089001,1996.159705,31.663,64.167,,,91,,,90.3487,19.2056,4.921,36.7194,219.988,-9.99,0.39,,,-9.99,,
20089001,1996.159705,31.663,64.167,,,93,,,92.3339,19.2062,4.9211,36.7195,220.074,-9.99,0.398,,,-9.99,,
20089001,1996.159705,31.663,64.167,,,95,,,94.3191,19.2074,4.9214,36.7197,220.423,-9.99,0.39,,,-9.99,,
20089001,1996.159705,31.663,64.167,,,97,,,96.3043,19.2083,4.9216,36.7198,220.747,-9.99,0.385,,,-9.99,,
20089001,1996.159705,31.663,64.167,,,99,,,98.2895,19.2085,4.9217,36.7197,220.952,-9.99,0.386,,,-9.99,,
20089001,1996.159705,31.663,64.167,,101,,100.2747,19.2071,4.9215,36.7192,221.017,-9.99,0.389,,,-9.99,,,,
20089001,1996.159705,31.663,64.167,,103,,102.2598,19.2052,4.9214,36.7186,221.056,-9.99,0.386,,,-9.99,,,,
20089001,1996.159705,31.663,64.167,,105,,104.2449,19.2045,4.9214,36.7184,221.027,-9.99,0.387,,,-9.99,,,,
20089001,1996.159705,31.663,64.167,,107,,106.23,19.2047,4.9215,36.7185,220.667,-9.99,0.39,,,-9.99,,,,
20089001,1996.159705,31.663,64.167,,109,,108.2151,19.2051,4.9216,36.7185,220.461,-9.99,0.388,,,-9.99,,,,
20089001,1996.159705,31.663,64.167,,111,,110.2002,19.2056,4.9218,36.7185,220.973,-9.99,0.389,,,-9.99,,,,
20089001,1996.159705,31.663,64.167,,113,,112.1852,19.2061,4.9219,36.7186,220.69,-9.99,0.378,,,-9.99,,,,
20089001,1996.159705,31.663,64.167,,115,,114.1702,19.2076,4.9222,36.7188,220.708,-9.99,0.383,,,-9.99,,,,
20089001,1996.159705,31.663,64.167,,117,,116.1553,19.2077,4.9223,36.7188,220.649,-9.99,0.393,,,-9.99,,,,
20089001,1996.159705,31.663,64.167,,119,,118.1402,19.2076,4.9223,36.7186,220.599,-9.99,0.382,,,-9.99,,,,
20089001,1996.159705,31.663,64.167,,121,,120.1252,19.2082,4.9225,36.7187,221.304,-9.99,0.382,,,-9.99,,,,
20089001,1996.159705,31.663,64.167,,123,,122.1102,19.2089,4.9227,36.7189,221.146,-9.99,0.379,,,-9.99,,,,
20089001,1996.159705,31.663,64.167,,125,,124.0951,19.2094,4.9228,36.7187,221.02,-9.99,0.393,,,-9.99,,,,
20089001,1996.159705,31.663,64.167,,127,,126.08,19.2095,4.9229,36.7187,221.336,-9.99,0.381,,,-9.99,,,,
20089001,1996.159705,31.663,64.167,,129,,128.0649,19.2097,4.923,36.7187,221.026,-9.99,0.379,,,-9.99,,,,
20089001,1996.159705,31.663,64.167,,131,,130.0498,19.2107,4.9232,36.7188,220.607,-9.99,0.391,,,-9.99,,,,
20089001,1996.159705,31.663,64.167,,133,,132.0346,19.211,4.9234,36.7189,220.474,-9.99,0.397,,,-9.99,,,,
20089001,1996.159705,31.663,64.167,,135,,134.0194,19.2111,4.9235,36.7188,220.676,-9.99,0.401,,,-9.99,,,,
20089001,1996.159705,31.663,64.167,,137,,136.0043,19.2109,4.9235,36.7186,221.269,-9.99,0.392,,,-9.99,,,,
20089001,1996.159705,31.663,64.167,,139,,137.9891,19.2109,4.9236,36.7185,221.516,-9.99,0.39,,,-9.99,,,,
20089001,1996.159705,31.663,64.167,,141,,139.9738,19.2111,4.9237,36.7184,221.547,-9.99,0.392,,,-9.99,,,,
20089001,1996.159705,31.663,64.167,,143,,141.9586,19.2114,4.9238,36.7183,221.231,-9.99,0.395,,,-9.99,,,,
20089001,1996.159705,31.663,64.167,,145,,143.9433,19.2036,4.9228,36.7164,220.626,-9.99,0.389,,,-9.99,,,,
20089001,1996.159705,31.663,64.167,,147,,145.928,19.1808,4.9199,36.7113,220.312,-9.99,0.372,,,-9.99,,,,
20089001,1996.159705,31.663,64.167,,149,,147.9127,19.1582,4.917,36.7064,220.165,-9.99,0.357,,,-9.99,,,,
20089001,1996.159705,31.663,64.167,,151,,149.8974,19.1451,4.9153,36.7023,220.095,-9.99,0.344,,,-9.99,,,,
20089001,1996.159705,31.663,64.167,,153,,151.8821,19.1252,4.9126,36.6965,220.226,-9.99,0.331,,,-9.99,,,,
20089001,1996.159705,31.663,64.167,,155,,153.8667,19.1022,4.9096,36.6911,219.92,-9.99,0.323,,,-9.99,,,,
20089001,1996.159705,31.663,64.167,,157,,155.8513,19.0623,4.904,36.679,219.305,-9.99,0.31,,,-9.99,,,,
20089001,1996.159705,31.663,64.167,,159,,157.836,18.9711,4.8918,36.6558,219.291,-9.99,0.277,,,-9.99,,,,
20089001,1996.159705,31.663,64.167,,161,,159.8205,18.9179,4.8848,36.6433,219.015,-9.99,0.259,,,-9.99,,,,
20089001,1996.159705,31.663,64.167,,163,,161.8051,18.857,4.8775,36.635,218.426,-9.99,0.215,,,-9.99,,,,
20089001,1996.159705,31.663,64.167,,165,,163.7896,18.8244,4.8743,36.6359,217.866,-9.99,0.158,,,-9.99,,,,
20089001,1996.159705,31.663,64.167,,167,,165.7742,18.8156,4.8736,36.6374,217.426,-9.99,0.129,,,-9.99,,,,
20089001,1996.159705,31.663,64.167,,169,,167.7587,18.8085,4.873,36.6374,216.858,-9.99,0.12,,,-9.99,,,,
20089001,1996.159705,31.663,64.167,,171,,169.7432,18.7873,4.8706,36.635,215.929,-9.99,0.124,,,-9.99,,,,
20089001,1996.159705,31.663,64.167,,173,,171.7276,18.7551,4.8664,36.6278,216.027,-9.99,0.124,,,-9.99,,,,
20089001,1996.159705,31.663,64.167,,175,,173.7121,18.6977,4.8591,36.6156,214.097,-9.99,0.115,,,-9.99,,,,
20089001,1996.159705,31.663,64.167,,177,,175.6965,18.6141,4.8485,36.5992,209.913,-9.99,0.1,,,-9.99,,,,
20089001,1996.159705,31.663,64.167,,179,,177.6809,18.5531,4.8411,36.5901,207.337,-9.99,0.081,,,-9.99,,,,
20089001,1996.159705,31.663,64.167,,181,,179.6653,18.5284,4.8383,36.5878,206.874,-9.99,0.072,,,-9.99,,,,
20089001,1996.159705,31.663,64.167,,183,,181.6497,18.5187,4.8374,36.5875,206.347,-9.99,0.07,,,-9.99,,,,
20089001,1996.159705,31.663,64.167,,185,,183.634,18.5102,4.8364,36.5861,206.165,-9.99,0.068,,,-9.99,,,,
20089001,1996.159705,31.663,64.167,,187,,185.6184,18.4837,4.8332,36.5819,206.29,-9.99,0.06,,,-9.99,,,,
20089001,1996.159705,31.663,64.167,,189,,187.6027,18.4733,4.8321,36.5805,206.251,-9.99,0.061,,,-9.99,,,,
20089001,1996.159705,31.663,64.167,,191,,189.587,18.4664,4.8312,36.5783,206.271,-9.99,0.065,,,-9.99,,,,
20089001,1996.159705,31.663,64.167,,193,,191.5713,18.4551,4.8299,36.577,205.651,-9.99,0.062,,,-9.99,,,,
20089001,1996.159705,31.663,64.167,,195,,193.5555,18.4452,4.8289,36.5766,205.275,-9.99,0.058,,,-9.99,,,,
20089001,1996.159705,31.663,64.167,,197,,195.5398,18.4441,4.829,36.577,205.796,-9.99,0.056,,,-9.99,,,,
20089001,1996.159705,31.663,64.167,,199,,197.524,18.4442,4.8291,36.577,205.767,-9.99,0.055,,,-9.99,,,,
20089001,1996.159705,31.663,64.167,,201,,199.5082,18.4433,4.829,36.5768,205.784,-9.99,0.056,,,-9.99,,,,
20089001,1996.159705,31.663,64.167,,203,,201.4924,18.4409,4.8288,36.5761,205.864,-9.99,0.063,,,-9.99,,,,
20089001,1996.159705,31.663,64.167,,205,,203.4765,18.4348,4.8281,36.5748,205.492,-9.99,0.06,,,-9.99,,,,
20089001,1996.159705,31.663,64.167,,207,,205.4607,18.429,4.8275,36.574,205.025,-9.99,0.053,,,-9.99,,,,
20089001,1996.159705,31.663,64.167,,209,,207.4448,18.4246,4.8271,36.5736,205.528,-9.99,0.06,,,-9.99,,,,
20089001,1996.159705,31.663,64.167,,211,,209.4289,18.4206,4.8267,36.5732,205.827,-9.99,0.058,,,-9.99,,,,
20089001,1996.159705,31.663,64.167,,213,,211.413,18.4187,4.8266,36.5731,205.461,-9.99,0.055,,,-9.99,,,,
20089001,1996.159705,31.663,64.167,,215,,213.397,18.4166,4.8264,36.5726,205.793,-9.99,0.058,,,-9.99,,,,
20089001,1996.159705,31.663,64.167,,217,,215.3811,18.4151,4.8263,36.5725,205.415,-9.99,0.057,,,-9.99,,,,
20089001,1996.159705,31.663,64.167,,219,,217.3651,18.4131,4.8261,36.5719,205.989,-9.99,0.051,,,-9.99,,,,
20089001,1996.159705,31.663,64.167,,221,,219.3491,18.4027,4.8246,36.5676,205.237,-9.99,0.051,,,-9.99,,,,
20089001,1996.159705,31.663,64.167,,223,,221.3331,18.3996,4.8243,36.5668,205.207,-9.99,0.051,,,-9.99,,,,
20089001,1996.159705,31.663,64.167,,225,,223.3171,18.393,4.8235,36.5649,205.104,-9.99,0.056,,,-9.99,,,,
20089001,1996.159705,31.663,64.167,,227,,225.301,18.3856,4.8227,36.5644,204.81,-9.99,0.052,,,-9.99,,,,
20089001,1996.159705,31.663,64.167,,229,,227.285,18.3812,4.8223,36.5643,204.673,-9.99,0.053,,,-9.99,,,,
20089001,1996.159705,31.663,64.167,,231,,229.2689,18.3775,4.8221,36.5645,204.574,-9.99,0.052,,,-9.99,,,,
20089001,1996.159705,31.663,64.167,,233,,231.2528,18.3692,4.8213,36.5643,204.672,-9.99,0.052,,,-9.99,,,,
20089001,1996.159705,31.663,64.167,,235,,233.2367,18.3653,4.8209,36.564,205.059,-9.99,0.05,,,-9.99,,,,
20089001,1996.159705,31.663,64.167,,237,,235.2205,18.3637,4.8208,36.5637,205.186,-9.99,0.05,,,-9.99,,,,
20089001,1996.159705,31.663,64.167,,239,,237.2043,18.3623,4.8207,36.5634,205.172,-9.99,0.053,,,-9.99,,,,
20089001,1996.159705,31.663,64.167,,241,,239.1882,18.3587,4.8203,36.5626,205.223,-9.99,0.052,,,-9.99,,,,
20089001,1996.159705,31.663,64.167,,243,,241.172,18.3537,4.8198,36.5615,205.243,-9.99,0.05,,,-9.99,,,,
20089001,1996.159705,31.663,64.167,,245,,243.1557,18.3466,4.819,36.5602,205.101,-9.99,0.051,,,-9.99,,,,
20089001,1996.159705,31.663,64.167,,247,,245.1395,18.3382,4.818,36.5587,204.843,-9.99,0.053,,,-9.99,,,,
20089001,1996.159705,31.663,64.167,,249,,247.1232,18.3242,4.8163,36.5563,204.424,-9.99,0.054,,,-9.99,,,,
20089001,1996.159705,31.663,64.167,,251,,249.107,18.3058,4.8142,36.5534,204.209,-9.99,0.054,,,-9.99,,,,
20089001,1996.159705,31.663,64.167,,253,,251.0907,18.3012,4.8137,36.5526,204.455,-9.99,0.053,,,-9.99,,,,
20089001,1996.159705,31.663,64.167,,255,,253.0743,18.288,4.8121,36.5499,203.994,-9.99,0.041,,,-9.99,,,,
20089001,1996.159705,31.663,64.167,,257,,255.058,18.2771,4.8108,36.5477,203.353,-9.99,0.039,,,-9.99,,,,
20089001,1996.159705,31.663,64.167,,259,,257.0417,18.2677,4.8096,36.5452,203.331,-9.99,0.04,,,-9.99,,,,
20089001,1996.159705,31.663,64.167,,261,,259.0253,18.2522,4.8077,36.5418,204.084,-9.99,0.041,,,-9.99,,,,
20089001,1996.159705,31.663,64.167,,263,,261.0089,18.2456,4.8069,36.5404,204.237,-9.99,0.043,,,-9.99,,,,
20089001,1996.159705,31.663,64.167,,265,,262.9925,18.2372,4.8059,36.5385,204.088,-9.99,0.048,,,-9.99,,,,
20089001,1996.159705,31.663,64.167,,267,,264.976,18.2327,4.8055,36.5385,204.263,-9.99,0.033,,,-9.99,,,,
20089001,1996.159705,31.663,64.167,,269,,266.9596,18.2297,4.8053,36.5385,203.284,-9.99,0.049,,,-9.99,,,,
20089001,1996.159705,31.663,64.167,,271,,268.9431,18.23,4.8054,36.5387,203.74,-9.99,0.053,,,-9.99,,,,
20089001,1996.159705,31.663,64.167,,273,,270.9266,18.2296,4.8055,36.5385,204.207,-9.99,0.047,,,-9.99,,,,
20089001,1996.159705,31.663,64.167,,275,,272.9101,18.2254,4.805,36.5379,203.266,-9.99,0.039,,,-9.99,,,,
20089001,1996.159705,31.663,64.167,,277,,274.8936,18.2224,4.8048,36.5378,204.009,-9.99,0.031,,,-9.99,,,,
20089001,1996.159705,31.663,64.167,,279,,276.8771,18.2144,4.8039,36.5363,203.87,-9.99,0.021,,,-9.99,,,,
20089001,1996.159705,31.663,64.167,,281,,278.8605,18.2065,4.803,36.5352,203.576,-9.99,0.025,,,-9.99,,,,
20089001,1996.159705,31.663,64.167,,283,,280.8439,18.2069,4.8032,36.5358,203.658,-9.99,0.031,,,-9.99,,,,
20089001,1996.159705,31.663,64.167,,285,,282.8273,18.2074,4.8034,36.5361,203.881,-9.99,0.037,,,-9.99,,,,
20089001,1996.159705,31.663,64.167,,287,,284.8107,18.2067,4.8034,36.5356,204.004,-9.99,0.038,,,-9.99,,,,
20089001,1996.159705,31.663,64.167,,289,,286.794,18.2007,4.8025,36.5332,204.267,-9.99,0.035,,,-9.99,,,,
20089001,1996.159705,31.663,64.167,,291,,288.7774,18.1928,4.8015,36.5307,204.657,-9.99,0.038,,,-9.99,,,,
20089001,1996.159705,31.663,64.167,,293,,290.7607,18.1879,4.8009,36.5294,204.783,-9.99,0.041,,,-9.99,,,,
20089001,1996.159705,31.663,64.167,,295,,292.744,18.1887,4.8012,36.5298,204.37,-9.99,0.04,,,-9.99,,,,
20089001,1996.159705,31.663,64.167,,297,,294.7273,18.1889,4.8015,36.5313,204.236,-9.99,0.042,,,-9.99,,,,
20089001,1996.159705,31.663,64.167,,299,,296.7105,18.193,4.8021,36.5323,204.365,-9.99,0.04,,,-9.99,,,,
20089001,1996.159705,31.663,64.167,,301,,298.6938,18.1868,4.8015,36.5318,203.975,-9.99,0.04,,,-9.99,,,,
20089001,1996.159705,31.663,64.167,,303,,300.677,18.1766,4.8004,36.5308,203.78,-9.99,0.039,,,-9.99,,,,
20089001,1996.159705,31.663,64.167,,305,,302.6602,18.1634,4.7989,36.5295,203.358,-9.99,0.041,,,-9.99,,,,
20089001,1996.159705,31.663,64.167,,307,,304.6434,18.1471,4.7972,36.528,203.089,-9.99,0.043,,,-9.99,,,,
20089001,1996.159705,31.663,64.167,,309,,306.6266,18.1351,4.7958,36.5267,202.974,-9.99,0.046,,,-9.99,,,,
20089001,1996.159705,31.663,64.167,,311,,308.6097,18.1305,4.7953,36.5257,202.999,-9.99,0.044,,,-9.99,,,,
20089001,1996.159705,31.663,64.167,,313,,310.5928,18.1175,4.7938,36.5235,203.105,-9.99,0.043,,,-9.99,,,,
20089001,1996.159705,31.663,64.167,,315,,312.5759,18.1108,4.7931,36.5225,203.422,-9.99,0.042,,,-9.99,,,,
20089001,1996.159705,31.663,64.167,,317,,314.559,18.1043,4.7924,36.5216,203.751,-9.99,0.039,,,-9.99,,,,
20089001,1996.159705,31.663,64.167,,319,,316.5421,18.1036,4.7924,36.5218,203.999,-9.99,0.032,,,-9.99,,,,
20089001,1996.159705,31.663,64.167,,321,,318.5252,18.103,4.7925,36.5217,203.544,-9.99,0.027,,,-9.99,,,,
20089001,1996.159705,31.663,64.167,,323,,320.5082,18.1019,4.7924,36.5215,203.267,-9.99,0.024,,,-9.99,,,,
20089001,1996.159705,31.663,64.167,,325,,322.4912,18.0979,4.7919,36.5204,203.336,-9.99,0.026,,,-9.99,,,,
20089001,1996.159705,31.663,64.167,,327,,324.4742,18.0817,4.7896,36.5143,203.406,-9.99,0.028,,,-9.99,,,,
20089001,1996.159705,31.663,64.167,,329,,326.4572,18.0446,4.7848,36.5054,203.539,-9.99,0.026,,,-9.99,,,,
20089001,1996.159705,31.663,64.167,,331,,328.4401,18.0064,4.78,36.497,203.82,-9.99,0.033,,,-9.99,,,,
20089001,1996.159705,31.663,64.167,,333,,330.4231,17.9975,4.779,36.4963,203.715,-9.99,0.039,,,-9.99,,,,
20089001,1996.159705,31.663,64.167,,335,,332.406,18.0008,4.7798,36.4991,203.585,-9.99,0.036,,,-9.99,,,,
20089001,1996.159705,31.663,64.167,,337,,334.3889,18.0015,4.7802,36.5008,203.464,-9.99,0.032,,,-9.99,,,,
20089001,1996.159705,31.663,64.167,,339,,336.3718,17.9965,4.7798,36.5016,203.336,-9.99,0.031,,,-9.99,,,,
20089001,1996.159705,31.663,64.167,,341,,338.3546,17.979,4.7776,36.4975,203.412,-9.99,0.038,,,-9.99,,,,
20089001,1996.159705,31.663,64.167,,343,,340.3375,17.9661,4.776,36.4948,203.085,-9.99,0.033,,,-9.99,,,,
20089001,1996.159705,31.663,64.167,,345,,342.3203,17.9556,4.7748,36.4927,202.778,-9.99,0.031,,,-9.99,,,,
20089001,1996.159705,31.663,64.167,,347,,344.3031,17.944,4.7734,36.4903,202.516,-9.99,0.031,,,-9.99,,,,
20089001,1996.159705,31.663,64.167,,349,,346.2859,17.9356,4.7725,36.489,202.625,-9.99,0.032,,,-9.99,,,,
20089001,1996.159705,31.663,64.167,,351,,348.2687,17.927,4.7715,36.4878,202.769,-9.99,0.03,,,-9.99,,,,
20089001,1996.159705,31.663,64.167,,353,,350.2514,17.9186,4.7703,36.4842,202.363,-9.99,0.031,,,-9.99,,,,
20089001,1996.159705,31.663,64.167,,355,,352.2341,17.8897,4.7665,36.4762,202.482,-9.99,0.038,,,-9.99,,,,
20089001,1996.159705,31.663,64.167,,357,,354.2168,17.8708,4.7644,36.4741,202.718,-9.99,0.046,,,-9.99,,,,
20089001,1996.159705,31.663,64.167,,359,,356.1995,17.8641,4.7636,36.4728,202.381,-9.99,0.035,,,-9.99,,,,
20089001,1996.159705,31.663,64.167,,361,,358.1822,17.8556,4.7627,36.4718,202.197,-9.99,0.041,,,-9.99,,,,
20089001,1996.159705,31.663,64.167,,363,,360.1648,17.8492,4.762,36.4707,202.101,-9.99,0.044,,,-9.99,,,,
20089001,1996.159705,31.663,64.167,,365,,362.1475,17.8399,4.761,36.4698,201.993,-9.99,0.041,,,-9.99,,,,
20089001,1996.159705,31.663,64.167,,367,,364.1301,17.8349,4.7606,36.4697,201.602,-9.99,0.029,,,-9.99,,,,
20089001,1996.159705,31.663,64.167,,369,,366.1127,17.8316,4.7603,36.4692,201.542,-9.99,0.027,,,-9.99,,,,
20089001,1996.159705,31.663,64.167,,371,,368.0953,17.8284,4.76,36.4689,201.417,-9.99,0.028,,,-9.99,,,,
20089001,1996.159705,31.663,64.167,,373,,370.0778,17.8277,4.76,36.469,201.094,-9.99,0.033,,,-9.99,,,,
20089001,1996.159705,31.663,64.167,,375,,372.0604,17.8264,4.76,36.469,201.171,-9.99,0.041,,,-9.99,,,,
20089001,1996.159705,31.663,64.167,,377,,374.0429,17.8228,4.7596,36.4686,200.779,-9.99,0.04,,,-9.99,,,,
20089001,1996.159705,31.663,64.167,,379,,376.0254,17.8179,4.7592,36.4683,200.037,-9.99,0.033,,,-9.99,,,,
20089001,1996.159705,31.663,64.167,,381,,378.0078,17.8088,4.7582,36.4675,199.513,-9.99,0.032,,,-9.99,,,,
20089001,1996.159705,31.663,64.167,,383,,379.9903,17.8067,4.7581,36.4674,199.192,-9.99,0.03,,,-9.99,,,,
20089001,1996.159705,31.663,64.167,,385,,381.9728,17.8045,4.7579,36.4671,198.793,-9.99,0.031,,,-9.99,,,,
20089001,1996.159705,31.663,64.167,,387,,383.9552,17.7996,4.7574,36.4663,198.785,-9.99,0.038,,,-9.99,,,,
20089001,1996.159705,31.663,64.167,,389,,385.9376,17.7939,4.7568,36.4656,199.007,-9.99,0.037,,,-9.99,,,,
20089001,1996.159705,31.663,64.167,,391,,387.92,17.7892,4.7563,36.4648,199.063,-9.99,0.037,,,-9.99,,,,
20089001,1996.159705,31.663,64.167,,393,,389.9023,17.784,4.7557,36.4637,198.8,-9.99,0.038,,,-9.99,,,,
20089001,1996.159705,31.663,64.167,,395,,391.8847,17.7798,4.7553,36.4628,198.664,-9.99,0.038,,,-9.99,,,,
20089001,1996.159705,31.663,64.167,,397,,393.867,17.7752,4.7548,36.462,198.659,-9.99,0.033,,,-9.99,,,,
20089001,1996.159705,31.663,64.167,,399,,395.8493,17.7714,4.7544,36.4614,199.023,-9.99,0.027,,,-9.99,,,,
20089001,1996.159705,31.663,64.167,,401,,397.8316,17.7595,4.753,36.4586,198.864,-9.99,0.027,,,-9.99,,,,
20089001,1996.159705,31.663,64.167,,403,,399.8139,17.7412,4.7507,36.4548,198.438,-9.99,0.032,,,-9.99,,,,
20089001,1996.159705,31.663,64.167,,405,,401.7961,17.7218,4.7486,36.4536,197.53,-9.99,0.036,,,-9.99,,,,
20089001,1996.159705,31.663,64.167,,407,,403.7783,17.6938,4.7454,36.45,196.37,-9.99,0.041,,,-9.99,,,,
20089001,1996.159705,31.663,64.167,,409,,405.7606,17.6828,4.7443,36.4491,195.868,-9.99,0.038,,,-9.99,,,,
20089001,1996.159705,31.663,64.167,,411,,407.7428,17.6804,4.744,36.4484,195.073,-9.99,0.036,,,-9.99,,,,
20089001,1996.159705,31.663,64.167,,413,,409.7249,17.6747,4.7434,36.4478,194.307,-9.99,0.037,,,-9.99,,,,
20089001,1996.159705,31.663,64.167,,415,,411.7071,17.67,4.7429,36.4469,194.157,-9.99,0.039,,,-9.99,,,,
20089001,1996.159705,31.663,64.167,,417,,413.6892,17.6655,4.7425,36.4463,194.14,-9.99,0.036,,,-9.99,,,,
20089001,1996.159705,31.663,64.167,,419,,415.6713,17.6589,4.7417,36.4448,194.416,-9.99,0.034,,,-9.99,,,,
20089001,1996.159705,31.663,64.167,,421,,417.6534,17.6465,4.7402,36.4421,194.468,-9.99,0.03,,,-9.99,,,,
20089001,1996.159705,31.663,64.167,,423,,419.6355,17.6247,4.7377,36.4387,194.113,-9.99,0.03,,,-9.99,,,,
20089001,1996.159705,31.663,64.167,,425,,421.6176,17.6094,4.7359,36.4366,193.918,-9.99,0.034,,,-9.99,,,,
20089001,1996.159705,31.663,64.167,,427,,423.5996,17.5943,4.734,36.433,193.548,-9.99,0.032,,,-9.99,,,,
20089001,1996.159705,31.663,64.167,,429,,425.5816,17.5523,4.7288,36.4245,193.073,-9.99,0.021,,,-9.99,,,,
20089001,1996.159705,31.663,64.167,,431,,427.5636,17.5246,4.7257,36.4219,192.283,-9.99,0.024,,,-9.99,,,,
20089001,1996.159705,31.663,64.167,,433,,429.5456,17.5057,4.7235,36.4186,191.697,-9.99,0.027,,,-9.99,,,,
20089001,1996.159705,31.663,64.167,,435,,431.5276,17.4738,4.7195,36.4125,190.577,-9.99,0.032,,,-9.99,,,,
20089001,1996.159705,31.663,64.167,,437,,433.5095,17.4521,4.7169,36.4085,190.403,-9.99,0.035,,,-9.99,,,,
20089001,1996.159705,31.663,64.167,,439,,435.4915,17.4155,4.7124,36.4014,190.628,-9.99,0.04,,,-9.99,,,,
20089001,1996.159705,31.663,64.167,,441,,437.4734,17.4051,4.7113,36.4,191.2,-9.99,0.037,,,-9.99,,,,
20089001,1996.159705,31.663,64.167,,443,,439.4553,17.4006,4.7107,36.3986,191.361,-9.99,0.032,,,-9.99,,,,
20089001,1996.159705,31.663,64.167,,445,,441.4371,17.3955,4.7101,36.3973,191.199,-9.99,0.029,,,-9.99,,,,
20089001,1996.159705,31.663,64.167,,447,,443.419,17.3904,4.7097,36.3969,190.82,-9.99,0.025,,,-9.99,,,,
20089001,1996.159705,31.663,64.167,,449,,445.4008,17.3858,4.7092,36.3964,190.605,-9.99,0.025,,,-9.99,,,,
20089001,1996.159705,31.663,64.167,,451,,447.3826,17.3794,4.7086,36.3958,190.736,-9.99,0.034,,,-9.99,,,,
20089001,1996.159705,31.663,64.167,,453,,449.3644,17.3745,4.7081,36.3951,190.725,-9.99,0.034,,,-9.99,,,,
20089001,1996.159705,31.663,64.167,,455,,451.3462,17.3694,4.7075,36.3943,190.769,-9.99,0.033,,,-9.99,,,,
20089001,1996.159705,31.663,64.167,,457,,453.328,17.3586,4.7063,36.3921,191.21,-9.99,0.03,,,-9.99,,,,
20089001,1996.159705,31.663,64.167,,459,,455.3097,17.3458,4.7048,36.3898,190.889,-9.99,0.033,,,-9.99,,,,
20089001,1996.159705,31.663,64.167,,461,,457.2914,17.3358,4.7036,36.388,190.387,-9.99,0.03,,,-9.99,,,,
20089001,1996.159705,31.663,64.167,,463,,459.2731,17.3237,4.7021,36.3848,189.381,-9.99,0.025,,,-9.99,,,,
20089001,1996.159705,31.663,64.167,,465,,461.2548,17.2749,4.6961,36.3762,189.736,-9.99,0.032,,,-9.99,,,,
20089001,1996.159705,31.663,64.167,,467,,463.2365,17.221,4.6896,36.3672,189.462,-9.99,0.034,,,-9.99,,,,
20089001,1996.159705,31.663,64.167,,469,,465.2181,17.1983,4.6869,36.3633,189.157,-9.99,0.034,,,-9.99,,,,
20089001,1996.159705,31.663,64.167,,471,,467.1997,17.1495,4.681,36.3549,188.702,-9.99,0.034,,,-9.99,,,,
20089001,1996.159705,31.663,64.167,,473,,469.1813,17.1165,4.6771,36.3493,188.303,-9.99,0.035,,,-9.99,,,,
20089001,1996.159705,31.663,64.167,,475,,471.1629,17.0409,4.6679,36.3365,187.594,-9.99,0.034,,,-9.99,,,,
20089001,1996.159705,31.663,64.167,,477,,473.1445,16.9839,4.661,36.3265,187.134,-9.99,0.035,,,-9.99,,,,
20089001,1996.159705,31.663,64.167,,479,,475.126,16.9238,4.6537,36.3159,186.684,-9.99,0.035,,,-9.99,,,,
20089001,1996.159705,31.663,64.167,,481,,477.1075,16.8679,4.6469,36.3058,186.25,-9.99,0.034,,,-9.99,,,,
20089001,1996.159705,31.663,64.167,,483,,479.0891,16.7875,4.6371,36.2913,185.58,-9.99,0.045,,,-9.99,,,,
20089001,1996.159705,31.663,64.167,,485,,481.0705,16.7517,4.6328,36.2854,185.379,-9.99,0.048,,,-9.99,,,,
20089001,1996.159705,31.663,64.167,,487,,483.052,16.7117,4.6281,36.2793,185.174,-9.99,0.04,,,-9.99,,,,
20089001,1996.159705,31.663,64.167,,489,,485.0335,16.6701,4.6232,36.2731,184.999,-9.99,0.032,,,-9.99,,,,
20089001,1996.159705,31.663,64.167,,491,,487.0149,16.6287,4.6182,36.2651,184.91,-9.99,0.036,,,-9.99,,,,
20089001,1996.159705,31.663,64.167,,493,,488.9963,16.5826,4.6124,36.2557,184.158,-9.99,0.036,,,-9.99,,,,
20089001,1996.159705,31.663,64.167,,495,,490.9777,16.5173,4.6048,36.246,183.324,-9.99,0.024,,,-9.99,,,,
20089001,1996.159705,31.663,64.167,,497,,492.9591,16.4935,4.6022,36.2442,183.095,-9.99,0.039,,,-9.99,,,,
20089001,1996.159705,31.663,64.167,,499,,494.9404,16.4809,4.6007,36.2414,183.36,-9.99,0.034,,,-9.99,,,,
20089001,1996.159705,31.663,64.167,,501,,496.9218,16.4581,4.598,36.2375,183.333,-9.99,0.036,,,-9.99,,,,
20089001,1996.159705,31.663,64.167,,503,,498.9031,16.4443,4.5964,36.2355,182.364,-9.99,0.045,,,-9.99,,,,
20089001,1996.159705,31.663,64.167,,505,,500.8844,16.4189,4.5934,36.2306,182.573,-9.99,0.039,,,-9.99,,,,
20089001,1996.159705,31.663,64.167,,507,,502.8657,16.3819,4.589,36.2246,182.445,-9.99,0.035,,,-9.99,,,,
20089001,1996.159705,31.663,64.167,,509,,504.8469,16.3525,4.5858,36.2216,183.302,-9.99,0.043,,,-9.99,,,,
20089002,1996.16042,31.633,64.185,,,,7,,,,6.9513,19.3487,4.9325,36.7213,221.877,-9.99,0.229,,,-9.99
20089002,1996.16042,31.633,64.185,,,,9,,,,8.9374,19.3227,4.9298,36.7209,222.417,-9.99,0.245,,,-9.99
20089002,1996.16042,31.633,64.185,,,11,,,10.9234,19.2944,4.9268,36.7204,222.036,-9.99,0.271,,,-9.99,,
20089002,1996.16042,31.633,64.185,,,13,,,12.9094,19.282,4.9256,36.7204,221.997,-9.99,0.297,,,-9.99,,
20089002,1996.16042,31.633,64.185,,,15,,,14.8954,19.2553,4.9228,36.7197,222.047,-9.99,0.323,,,-9.99,,
20089002,1996.16042,31.633,64.185,,,17,,,16.8814,19.2211,4.9192,36.7189,222.435,-9.99,0.344,,,-9.99,,
20089002,1996.16042,31.633,64.185,,,19,,,18.8673,19.2126,4.9183,36.7187,222.174,-9.99,0.373,,,-9.99,,
20089002,1996.16042,31.633,64.185,,,21,,,20.8533,19.2074,4.9179,36.7186,222.14,-9.99,0.387,,,-9.99,,
20089002,1996.16042,31.633,64.185,,,23,,,22.8392,19.2042,4.9176,36.7186,222.27,-9.99,0.399,,,-9.99,,
20089002,1996.16042,31.633,64.185,,,25,,,24.8251,19.2037,4.9177,36.7188,222.636,-9.99,0.407,,,-9.99,,
20089002,1996.16042,31.633,64.185,,,27,,,26.811,19.2044,4.9179,36.7189,222.608,-9.99,0.415,,,-9.99,,
20089002,1996.16042,31.633,64.185,,,29,,,28.7968,19.2037,4.9179,36.7191,222.327,-9.99,0.443,,,-9.99,,
20089002,1996.16042,31.633,64.185,,,31,,,30.7827,19.2032,4.918,36.7192,222.229,-9.99,0.45,,,-9.99,,
20089002,1996.16042,31.633,64.185,,,33,,,32.7685,19.2028,4.918,36.7192,221.975,-9.99,0.454,,,-9.99,,
20089002,1996.16042,31.633,64.185,,,35,,,34.7543,19.202,4.918,36.7192,222.037,-9.99,0.476,,,-9.99,,
20089002,1996.16042,31.633,64.185,,,37,,,36.7401,19.2016,4.9181,36.7193,222.357,-9.99,0.49,,,-9.99,,
20089002,1996.16042,31.633,64.185,,,39,,,38.7258,19.2023,4.9182,36.7193,222.259,-9.99,0.502,,,-9.99,,
20089002,1996.16042,31.633,64.185,,,41,,,40.7116,19.2028,4.9184,36.7192,222.018,-9.99,0.515,,,-9.99,,
20089002,1996.16042,31.633,64.185,,,43,,,42.6973,19.2023,4.9184,36.7194,221.659,-9.99,0.507,,,-9.99,,
20089002,1996.16042,31.633,64.185,,,45,,,44.683,19.2021,4.9185,36.7195,221.765,-9.99,0.5,,,-9.99,,
20089002,1996.16042,31.633,64.185,,,47,,,46.6687,19.2019,4.9186,36.7195,221.431,-9.99,0.503,,,-9.99,,
20089002,1996.16042,31.633,64.185,,,49,,,48.6544,19.2017,4.9186,36.7194,220.898,-9.99,0.512,,,-9.99,,
20089002,1996.16042,31.633,64.185,,,51,,,50.64,19.2018,4.9187,36.7194,221.137,-9.99,0.509,,,-9.99,,
20089002,1996.16042,31.633,64.185,,,53,,,52.6256,19.2017,4.9188,36.7193,221.405,-9.99,0.502,,,-9.99,,
20089002,1996.16042,31.633,64.185,,,55,,,54.6112,19.2012,4.9188,36.7192,221.602,-9.99,0.494,,,-9.99,,
20089002,1996.16042,31.633,64.185,,,57,,,56.5968,19.2008,4.9189,36.7192,221.644,-9.99,0.499,,,-9.99,,
20089002,1996.16042,31.633,64.185,,,59,,,58.5824,19.2,4.9189,36.7193,221.635,-9.99,0.506,,,-9.99,,
20089002,1996.16042,31.633,64.185,,,61,,,60.5679,19.1998,4.919,36.7194,221.709,-9.99,0.52,,,-9.99,,
20089002,1996.16042,31.633,64.185,,,63,,,62.5535,19.1997,4.9191,36.7194,221.692,-9.99,0.523,,,-9.99,,
20089002,1996.16042,31.633,64.185,,,65,,,64.539,19.1998,4.9192,36.7195,221.397,-9.99,0.528,,,-9.99,,
20089002,1996.16042,31.633,64.185,,,67,,,66.5245,19.1999,4.9193,36.7196,220.912,-9.99,0.526,,,-9.99,,
20089002,1996.16042,31.633,64.185,,,69,,,68.51,19.1998,4.9194,36.7196,220.738,-9.99,0.524,,,-9.99,,
20089002,1996.16042,31.633,64.185,,,71,,,70.4954,19.1997,4.9194,36.7195,221.539,-9.99,0.5,,,-9.99,,
20089002,1996.16042,31.633,64.185,,,73,,,72.4808,19.1996,4.9195,36.7194,222.136,-9.99,0.482,,,-9.99,,
20089002,1996.16042,31.633,64.185,,,75,,,74.4663,19.1997,4.9196,36.7194,221.872,-9.99,0.474,,,-9.99,,
20089002,1996.16042,31.633,64.185,,,77,,,76.4517,19.1994,4.9197,36.7193,221.439,-9.99,0.47,,,-9.99,,
20089002,1996.16042,31.633,64.185,,,79,,,78.437,19.1993,4.9197,36.7192,221.028,-9.99,0.47,,,-9.99,,
20089002,1996.16042,31.633,64.185,,,81,,,80.4224,19.1997,4.9199,36.7192,221.392,-9.99,0.462,,,-9.99,,
20089002,1996.16042,31.633,64.185,,,83,,,82.4077,19.2,4.92,36.7192,221.081,-9.99,0.454,,,-9.99,,
20089002,1996.16042,31.633,64.185,,,85,,,84.393,19.2001,4.9201,36.7192,220.322,-9.99,0.463,,,-9.99,,
20089002,1996.16042,31.633,64.185,,,87,,,86.3783,19.2007,4.9202,36.7192,221.376,-9.99,0.452,,,-9.99,,
20089002,1996.16042,31.633,64.185,,,89,,,88.3636,19.2013,4.9204,36.7192,222.109,-9.99,0.441,,,-9.99,,
20089002,1996.16042,31.633,64.185,,,91,,,90.3489,19.2007,4.9204,36.719,221.126,-9.99,0.436,,,-9.99,,
20089002,1996.16042,31.633,64.185,,,93,,,92.3341,19.2007,4.9205,36.7189,220.838,-9.99,0.436,,,-9.99,,
20089002,1996.16042,31.633,64.185,,,95,,,94.3194,19.2008,4.9206,36.7189,220.793,-9.99,0.44,,,-9.99,,
20089002,1996.16042,31.633,64.185,,,97,,,96.3046,19.201,4.9207,36.7189,221.205,-9.99,0.443,,,-9.99,,
20089002,1996.16042,31.633,64.185,,,99,,,98.2897,19.201,4.9208,36.7189,221.588,-9.99,0.438,,,-9.99,,
20089002,1996.16042,31.633,64.185,,101,,100.2749,19.2014,4.9209,36.719,221.578,-9.99,0.428,,,-9.99,,,,
20089002,1996.16042,31.633,64.185,,103,,102.2601,19.2021,4.9211,36.719,221.443,-9.99,0.417,,,-9.99,,,,
20089002,1996.16042,31.633,64.185,,105,,104.2452,19.2027,4.9212,36.7189,221.6,-9.99,0.413,,,-9.99,,,,
20089002,1996.16042,31.633,64.185,,107,,106.2303,19.2033,4.9214,36.719,222.376,-9.99,0.411,,,-9.99,,,,
20089002,1996.16042,31.633,64.185,,109,,108.2154,19.2032,4.9215,36.7191,221.689,-9.99,0.422,,,-9.99,,,,
20089002,1996.16042,31.633,64.185,,111,,110.2004,19.2031,4.9216,36.7191,221.608,-9.99,0.427,,,-9.99,,,,
20089002,1996.16042,31.633,64.185,,113,,112.1855,19.2038,4.9217,36.719,221.616,-9.99,0.412,,,-9.99,,,,
20089002,1996.16042,31.633,64.185,,115,,114.1705,19.2043,4.9219,36.719,221.208,-9.99,0.402,,,-9.99,,,,
20089002,1996.16042,31.633,64.185,,117,,116.1555,19.2046,4.922,36.7191,221.613,-9.99,0.395,,,-9.99,,,,
20089002,1996.16042,31.633,64.185,,119,,118.1405,19.2051,4.9221,36.7191,221.829,-9.99,0.398,,,-9.99,,,,
20089002,1996.16042,31.633,64.185,,121,,120.1255,19.2054,4.9223,36.7191,221.013,-9.99,0.404,,,-9.99,,,,
20089002,1996.16042,31.633,64.185,,123,,122.1105,19.2056,4.9224,36.7191,220.722,-9.99,0.405,,,-9.99,,,,
20089002,1996.16042,31.633,64.185,,125,,124.0954,19.2055,4.9224,36.719,222.347,-9.99,0.391,,,-9.99,,,,
20089002,1996.16042,31.633,64.185,,127,,126.0803,19.2059,4.9226,36.7192,221.493,-9.99,0.381,,,-9.99,,,,
20089002,1996.16042,31.633,64.185,,129,,128.0652,19.2067,4.9228,36.7192,221.863,-9.99,0.39,,,-9.99,,,,
20089002,1996.16042,31.633,64.185,,131,,130.0501,19.2069,4.9229,36.7192,221.975,-9.99,0.403,,,-9.99,,,,
20089002,1996.16042,31.633,64.185,,133,,132.0349,19.2072,4.923,36.7192,221.863,-9.99,0.408,,,-9.99,,,,
20089002,1996.16042,31.633,64.185,,135,,134.0198,19.2074,4.9231,36.7192,221.799,-9.99,0.396,,,-9.99,,,,
20089002,1996.16042,31.633,64.185,,137,,136.0046,19.2062,4.923,36.7189,221.698,-9.99,0.388,,,-9.99,,,,
20089002,1996.16042,31.633,64.185,,139,,137.9894,19.2044,4.9229,36.7185,221.722,-9.99,0.383,,,-9.99,,,,
20089002,1996.16042,31.633,64.185,,141,,139.9742,19.2033,4.9228,36.7181,221.543,-9.99,0.38,,,-9.99,,,,
20089002,1996.16042,31.633,64.185,,143,,141.9589,19.2033,4.9229,36.718,222.015,-9.99,0.377,,,-9.99,,,,
20089002,1996.16042,31.633,64.185,,145,,143.9437,19.2034,4.923,36.718,222.466,-9.99,0.376,,,-9.99,,,,
20089002,1996.16042,31.633,64.185,,147,,145.9284,19.2018,4.9228,36.7174,221.884,-9.99,0.379,,,-9.99,,,,
20089002,1996.16042,31.633,64.185,,149,,147.9131,19.1953,4.922,36.7155,221.481,-9.99,0.375,,,-9.99,,,,
20089002,1996.16042,31.633,64.185,,151,,149.8978,19.1606,4.9174,36.7066,221.09,-9.99,0.358,,,-9.99,,,,
20089002,1996.16042,31.633,64.185,,153,,151.8825,19.0964,4.9089,36.6913,220.782,-9.99,0.322,,,-9.99,,,,
20089002,1996.16042,31.633,64.185,,155,,153.8671,19.0317,4.9004,36.6763,220.551,-9.99,0.286,,,-9.99,,,,
20089002,1996.16042,31.633,64.185,,157,,155.8517,18.9327,4.8874,36.654,219.965,-9.99,0.224,,,-9.99,,,,
20089002,1996.16042,31.633,64.185,,159,,157.8363,18.849,4.8769,36.6381,219.14,-9.99,0.162,,,-9.99,,,,
20089002,1996.16042,31.633,64.185,,161,,159.8209,18.8287,4.8747,36.6369,218.546,-9.99,0.147,,,-9.99,,,,
20089002,1996.16042,31.633,64.185,,163,,161.8055,18.8189,4.8737,36.6362,218.453,-9.99,0.141,,,-9.99,,,,
20089002,1996.16042,31.633,64.185,,165,,163.79,18.7937,4.8707,36.6326,217.844,-9.99,0.139,,,-9.99,,,,
20089002,1996.16042,31.633,64.185,,167,,165.7746,18.7175,4.8611,36.6186,214.934,-9.99,0.111,,,-9.99,,,,
20089002,1996.16042,31.633,64.185,,169,,167.7591,18.6163,4.8484,36.5999,209.782,-9.99,0.08,,,-9.99,,,,
20089002,1996.16042,31.633,64.185,,171,,169.7436,18.5713,4.8429,36.5921,206.775,-9.99,0.082,,,-9.99,,,,
20089002,1996.16042,31.633,64.185,,173,,171.7281,18.52,4.8365,36.5829,206.469,-9.99,0.073,,,-9.99,,,,
20089002,1996.16042,31.633,64.185,,175,,173.7125,18.5054,4.8347,36.5798,205.176,-9.99,0.061,,,-9.99,,,,
20089002,1996.16042,31.633,64.185,,177,,175.6969,18.4948,4.8334,36.5775,203.965,-9.99,0.075,,,-9.99,,,,
20089002,1996.16042,31.633,64.185,,179,,177.6814,18.4728,4.8307,36.5733,204.592,-9.99,0.062,,,-9.99,,,,
20089002,1996.16042,31.633,64.185,,181,,179.6658,18.4743,4.831,36.574,202.466,-9.99,0.051,,,-9.99,,,,
20089002,1996.16042,31.633,64.185,,183,,181.6501,18.4618,4.8295,36.5715,203.331,-9.99,0.051,,,-9.99,,,,
20089002,1996.16042,31.633,64.185,,185,,183.6345,18.448,4.8281,36.5709,203.345,-9.99,0.06,,,-9.99,,,,
20089002,1996.16042,31.633,64.185,,187,,185.6188,18.4347,4.8269,36.5717,204.311,-9.99,0.061,,,-9.99,,,,
20089002,1996.16042,31.633,64.185,,189,,187.6032,18.4356,4.8271,36.5721,204.364,-9.99,0.051,,,-9.99,,,,
20089002,1996.16042,31.633,64.185,,191,,189.5875,18.4306,4.8268,36.5726,204.853,-9.99,0.054,,,-9.99,,,,
20089002,1996.16042,31.633,64.185,,193,,191.5717,18.4291,4.8267,36.5728,204.987,-9.99,0.055,,,-9.99,,,,
20089002,1996.16042,31.633,64.185,,195,,193.556,18.42,4.8258,36.572,205.552,-9.99,0.054,,,-9.99,,,,
20089002,1996.16042,31.633,64.185,,197,,195.5402,18.4069,4.8243,36.57,205.581,-9.99,0.05,,,-9.99,,,,
20089002,1996.16042,31.633,64.185,,199,,197.5245,18.3967,4.8231,36.5688,206.039,-9.99,0.052,,,-9.99,,,,
20089002,1996.16042,31.633,64.185,,201,,199.5087,18.3889,4.8223,36.5681,205.996,-9.99,0.053,,,-9.99,,,,
20089002,1996.16042,31.633,64.185,,203,,201.4929,18.3889,4.8225,36.5685,205.175,-9.99,0.051,,,-9.99,,,,
20089002,1996.16042,31.633,64.185,,205,,203.477,18.3877,4.8225,36.5687,204.606,-9.99,0.052,,,-9.99,,,,
20089002,1996.16042,31.633,64.185,,207,,205.4612,18.3864,4.8224,36.5684,204.896,-9.99,0.054,,,-9.99,,,,
20089002,1996.16042,31.633,64.185,,209,,207.4453,18.3834,4.8221,36.5677,205.244,-9.99,0.046,,,-9.99,,,,
20089002,1996.16042,31.633,64.185,,211,,209.4294,18.3798,4.8217,36.5667,205.256,-9.99,0.046,,,-9.99,,,,
20089002,1996.16042,31.633,64.185,,213,,211.4135,18.3797,4.8217,36.5665,205.67,-9.99,0.046,,,-9.99,,,,
20089002,1996.16042,31.633,64.185,,215,,213.3976,18.3791,4.8217,36.5663,206.153,-9.99,0.05,,,-9.99,,,,
20089002,1996.16042,31.633,64.185,,217,,215.3816,18.3762,4.8215,36.5659,205.956,-9.99,0.048,,,-9.99,,,,
20089002,1996.16042,31.633,64.185,,219,,217.3657,18.3748,4.8214,36.5656,205.853,-9.99,0.046,,,-9.99,,,,
20089002,1996.16042,31.633,64.185,,221,,219.3497,18.3731,4.8213,36.5653,205.499,-9.99,0.042,,,-9.99,,,,
20089002,1996.16042,31.633,64.185,,223,,221.3337,18.3711,4.8211,36.5647,205.406,-9.99,0.039,,,-9.99,,,,
20089002,1996.16042,31.633,64.185,,225,,223.3176,18.3635,4.8201,36.5629,205.49,-9.99,0.038,,,-9.99,,,,
20089002,1996.16042,31.633,64.185,,227,,225.3016,18.353,4.8189,36.5606,205.224,-9.99,0.043,,,-9.99,,,,
20089002,1996.16042,31.633,64.185,,229,,227.2855,18.3416,4.8175,36.5583,204.724,-9.99,0.039,,,-9.99,,,,
20089002,1996.16042,31.633,64.185,,231,,229.2695,18.3413,4.8175,36.5577,205.159,-9.99,0.041,,,-9.99,,,,
20089002,1996.16042,31.633,64.185,,233,,231.2534,18.3391,4.8173,36.557,205.457,-9.99,0.042,,,-9.99,,,,
20089002,1996.16042,31.633,64.185,,235,,233.2372,18.3297,4.8161,36.5549,205.484,-9.99,0.04,,,-9.99,,,,
20089002,1996.16042,31.633,64.185,,237,,235.2211,18.3099,4.8138,36.5515,205.439,-9.99,0.036,,,-9.99,,,,
20089002,1996.16042,31.633,64.185,,239,,237.2049,18.2932,4.8118,36.5489,204.825,-9.99,0.035,,,-9.99,,,,
20089002,1996.16042,31.633,64.185,,241,,239.1888,18.2851,4.8109,36.5475,204.7,-9.99,0.036,,,-9.99,,,,
20089002,1996.16042,31.633,64.185,,243,,241.1726,18.2786,4.8101,36.5463,204.72,-9.99,0.039,,,-9.99,,,,
20089002,1996.16042,31.633,64.185,,245,,243.1563,18.2692,4.8091,36.5449,204.915,-9.99,0.043,,,-9.99,,,,
20089002,1996.16042,31.633,64.185,,247,,245.1401,18.2644,4.8087,36.5447,204.651,-9.99,0.044,,,-9.99,,,,
20089002,1996.16042,31.633,64.185,,249,,247.1239,18.2566,4.8078,36.5439,204.197,-9.99,0.043,,,-9.99,,,,
20089002,1996.16042,31.633,64.185,,251,,249.1076,18.2513,4.8072,36.5427,204.295,-9.99,0.039,,,-9.99,,,,
20089002,1996.16042,31.633,64.185,,253,,251.0913,18.2465,4.8068,36.5425,204.176,-9.99,0.039,,,-9.99,,,,
20089002,1996.16042,31.633,64.185,,255,,253.075,18.242,4.8064,36.5422,205.016,-9.99,0.036,,,-9.99,,,,
20089002,1996.16042,31.633,64.185,,257,,255.0586,18.2394,4.8062,36.5418,204.451,-9.99,0.036,,,-9.99,,,,
20089002,1996.16042,31.633,64.185,,259,,257.0423,18.2368,4.8059,36.5415,204.175,-9.99,0.036,,,-9.99,,,,
20089002,1996.16042,31.633,64.185,,261,,259.0259,18.2283,4.8049,36.5397,204.575,-9.99,0.029,,,-9.99,,,,
20089002,1996.16042,31.633,64.185,,263,,261.0095,18.2185,4.8038,36.538,204.247,-9.99,0.027,,,-9.99,,,,
20089002,1996.16042,31.633,64.185,,265,,262.9931,18.2122,4.8031,36.537,204.689,-9.99,0.022,,,-9.99,,,,
20089002,1996.16042,31.633,64.185,,267,,264.9767,18.2109,4.8032,36.5381,203.839,-9.99,0.037,,,-9.99,,,,
20089002,1996.16042,31.633,64.185,,269,,266.9603,18.2078,4.8029,36.5378,204.328,-9.99,0.029,,,-9.99,,,,
20089002,1996.16042,31.633,64.185,,271,,268.9438,18.2069,4.8029,36.5377,204.38,-9.99,0.034,,,-9.99,,,,
20089002,1996.16042,31.633,64.185,,273,,270.9273,18.2084,4.8032,36.5383,203.993,-9.99,0.035,,,-9.99,,,,
20089002,1996.16042,31.633,64.185,,275,,272.9108,18.2105,4.8037,36.54,204.391,-9.99,0.043,,,-9.99,,,,
20089002,1996.16042,31.633,64.185,,277,,274.8943,18.206,4.8033,36.5399,204.271,-9.99,0.045,,,-9.99,,,,
20089002,1996.16042,31.633,64.185,,279,,276.8777,18.1984,4.8026,36.5392,204.218,-9.99,0.041,,,-9.99,,,,
20089002,1996.16042,31.633,64.185,,281,,278.8612,18.1912,4.8017,36.5376,204.164,-9.99,0.031,,,-9.99,,,,
20089002,1996.16042,31.633,64.185,,283,,280.8446,18.1833,4.8007,36.5355,203.95,-9.99,0.029,,,-9.99,,,,
20089002,1996.16042,31.633,64.185,,285,,282.828,18.1763,4.7999,36.5336,203.776,-9.99,0.033,,,-9.99,,,,
20089002,1996.16042,31.633,64.185,,287,,284.8114,18.158,4.7975,36.529,204.183,-9.99,0.03,,,-9.99,,,,
20089002,1996.16042,31.633,64.185,,289,,286.7947,18.1316,4.7941,36.5228,204.603,-9.99,0.032,,,-9.99,,,,
20089002,1996.16042,31.633,64.185,,291,,288.7781,18.1011,4.7903,36.5163,204.842,-9.99,0.041,,,-9.99,,,,
20089002,1996.16042,31.633,64.185,,293,,290.7614,18.0819,4.7879,36.5125,204.808,-9.99,0.045,,,-9.99,,,,
20089002,1996.16042,31.633,64.185,,295,,292.7447,18.0745,4.787,36.5107,204.485,-9.99,0.039,,,-9.99,,,,
20089002,1996.16042,31.633,64.185,,297,,294.728,18.0684,4.7864,36.5095,204.657,-9.99,0.035,,,-9.99,,,,
20089002,1996.16042,31.633,64.185,,299,,296.7113,18.0638,4.7859,36.5088,204.885,-9.99,0.034,,,-9.99,,,,
20089002,1996.16042,31.633,64.185,,301,,298.6945,18.062,4.7858,36.5087,204.5,-9.99,0.032,,,-9.99,,,,
20089002,1996.16042,31.633,64.185,,303,,300.6777,18.0613,4.7858,36.5087,204.452,-9.99,0.029,,,-9.99,,,,
20089002,1996.16042,31.633,64.185,,305,,302.661,18.0604,4.7858,36.5087,204.502,-9.99,0.028,,,-9.99,,,,
20089002,1996.16042,31.633,64.185,,307,,304.6441,18.0558,4.7853,36.5082,203.919,-9.99,0.029,,,-9.99,,,,
20089002,1996.16042,31.633,64.185,,309,,306.6273,18.0538,4.7852,36.508,204.088,-9.99,0.032,,,-9.99,,,,
20089002,1996.16042,31.633,64.185,,311,,308.6105,18.0485,4.7846,36.5071,204.132,-9.99,0.032,,,-9.99,,,,
20089002,1996.16042,31.633,64.185,,313,,310.5936,18.0426,4.784,36.506,204.354,-9.99,0.03,,,-9.99,,,,
20089002,1996.16042,31.633,64.185,,315,,312.5767,18.0325,4.7829,36.5046,204.56,-9.99,0.029,,,-9.99,,,,
20089002,1996.16042,31.633,64.185,,317,,314.5598,18.0215,4.7816,36.5026,203.996,-9.99,0.022,,,-9.99,,,,
20089002,1996.16042,31.633,64.185,,319,,316.5429,17.9987,4.7787,36.4972,204.245,-9.99,0.028,,,-9.99,,,,
20089002,1996.16042,31.633,64.185,,321,,318.5259,17.9802,4.7763,36.4928,204.845,-9.99,0.031,,,-9.99,,,,
20089002,1996.16042,31.633,64.185,,323,,320.509,17.9686,4.7749,36.4901,205.175,-9.99,0.03,,,-9.99,,,,
20089002,1996.16042,31.633,64.185,,325,,322.492,17.9706,4.7752,36.4904,204.161,-9.99,0.044,,,-9.99,,,,
20089002,1996.16042,31.633,64.185,,327,,324.475,17.9725,4.7755,36.4908,204.569,-9.99,0.034,,,-9.99,,,,
20089002,1996.16042,31.633,64.185,,329,,326.458,17.971,4.7754,36.4906,204.968,-9.99,0.034,,,-9.99,,,,
20089002,1996.16042,31.633,64.185,,331,,328.4409,17.9687,4.7752,36.4901,204.928,-9.99,0.035,,,-9.99,,,,
20089002,1996.16042,31.633,64.185,,333,,330.4239,17.9662,4.775,36.4895,204.799,-9.99,0.034,,,-9.99,,,,
20089002,1996.16042,31.633,64.185,,335,,332.4068,17.9624,4.7746,36.4889,205.288,-9.99,0.035,,,-9.99,,,,
20089002,1996.16042,31.633,64.185,,337,,334.3897,17.9471,4.7728,36.486,205.494,-9.99,0.043,,,-9.99,,,,
20089002,1996.16042,31.633,64.185,,339,,336.3726,17.9325,4.7711,36.484,205.262,-9.99,0.036,,,-9.99,,,,
20089002,1996.16042,31.633,64.185,,341,,338.3555,17.9299,4.7709,36.4835,204.588,-9.99,0.031,,,-9.99,,,,
20089002,1996.16042,31.633,64.185,,343,,340.3383,17.9262,4.7705,36.4828,203.923,-9.99,0.029,,,-9.99,,,,
20089002,1996.16042,31.633,64.185,,345,,342.3211,17.9203,4.7699,36.4819,204.372,-9.99,0.037,,,-9.99,,,,
20089002,1996.16042,31.633,64.185,,347,,344.304,17.9096,4.7686,36.4798,204.559,-9.99,0.037,,,-9.99,,,,
20089002,1996.16042,31.633,64.185,,349,,346.2867,17.9063,4.7682,36.4788,203.733,-9.99,0.039,,,-9.99,,,,
20089002,1996.16042,31.633,64.185,,351,,348.2695,17.8964,4.7672,36.4778,203.435,-9.99,0.036,,,-9.99,,,,
20089002,1996.16042,31.633,64.185,,353,,350.2523,17.8892,4.7664,36.4765,203.71,-9.99,0.029,,,-9.99,,,,
20089002,1996.16042,31.633,64.185,,355,,352.235,17.8861,4.7661,36.4763,203.251,-9.99,0.032,,,-9.99,,,,
20089002,1996.16042,31.633,64.185,,357,,354.2177,17.8851,4.7662,36.4774,203.118,-9.99,0.028,,,-9.99,,,,
20089002,1996.16042,31.633,64.185,,359,,356.2004,17.8864,4.7666,36.4787,202.848,-9.99,0.025,,,-9.99,,,,
20089002,1996.16042,31.633,64.185,,361,,358.1831,17.8888,4.7673,36.482,202.593,-9.99,0.027,,,-9.99,,,,
20089002,1996.16042,31.633,64.185,,363,,360.1657,17.8898,4.7676,36.4827,201.977,-9.99,0.023,,,-9.99,,,,
20089002,1996.16042,31.633,64.185,,365,,362.1484,17.8912,4.768,36.4837,201.189,-9.99,0.025,,,-9.99,,,,
20089002,1996.16042,31.633,64.185,,367,,364.131,17.8876,4.7677,36.484,200.386,-9.99,0.029,,,-9.99,,,,
20089002,1996.16042,31.633,64.185,,369,,366.1136,17.8745,4.7663,36.4826,199.065,-9.99,0.039,,,-9.99,,,,
20089002,1996.16042,31.633,64.185,,371,,368.0962,17.8672,4.7655,36.4814,199.198,-9.99,0.036,,,-9.99,,,,
20089002,1996.16042,31.633,64.185,,373,,370.0787,17.8608,4.7648,36.4805,199.022,-9.99,0.033,,,-9.99,,,,
20089002,1996.16042,31.633,64.185,,375,,372.0613,17.8414,4.7625,36.4779,198.641,-9.99,0.036,,,-9.99,,,,
20089002,1996.16042,31.633,64.185,,377,,374.0438,17.8334,4.7617,36.4766,198.426,-9.99,0.04,,,-9.99,,,,
20089002,1996.16042,31.633,64.185,,379,,376.0263,17.8171,4.7598,36.474,197.997,-9.99,0.044,,,-9.99,,,,
20089002,1996.16042,31.633,64.185,,381,,378.0088,17.805,4.7584,36.4721,197.68,-9.99,0.044,,,-9.99,,,,
20089002,1996.16042,31.633,64.185,,383,,379.9912,17.7914,4.7568,36.47,197.351,-9.99,0.038,,,-9.99,,,,
20089002,1996.16042,31.633,64.185,,385,,381.9737,17.7797,4.7555,36.4681,197.413,-9.99,0.029,,,-9.99,,,,
20089002,1996.16042,31.633,64.185,,387,,383.9561,17.7675,4.754,36.4658,197.393,-9.99,0.023,,,-9.99,,,,
20089002,1996.16042,31.633,64.185,,389,,385.9385,17.7599,4.7532,36.4645,197.08,-9.99,0.027,,,-9.99,,,,
20089002,1996.16042,31.633,64.185,,391,,387.9209,17.7543,4.7525,36.4635,196.893,-9.99,0.027,,,-9.99,,,,
20089002,1996.16042,31.633,64.185,,393,,389.9033,17.7488,4.7519,36.4623,197.022,-9.99,0.028,,,-9.99,,,,
20089002,1996.16042,31.633,64.185,,395,,391.8856,17.7333,4.7501,36.4594,197.013,-9.99,0.026,,,-9.99,,,,
20089002,1996.16042,31.633,64.185,,397,,393.868,17.7155,4.7479,36.4558,196.663,-9.99,0.027,,,-9.99,,,,
20089002,1996.16042,31.633,64.185,,399,,395.8503,17.6808,4.7435,36.4482,195.803,-9.99,0.029,,,-9.99,,,,
20089002,1996.16042,31.633,64.185,,401,,397.8326,17.6685,4.742,36.4457,195.752,-9.99,0.032,,,-9.99,,,,
20089002,1996.16042,31.633,64.185,,403,,399.8149,17.6432,4.7389,36.4409,195.571,-9.99,0.033,,,-9.99,,,,
20089002,1996.16042,31.633,64.185,,405,,401.7971,17.6426,4.739,36.4411,195.4,-9.99,0.029,,,-9.99,,,,
20089002,1996.16042,31.633,64.185,,407,,403.7793,17.6382,4.7386,36.4406,195.268,-9.99,0.029,,,-9.99,,,,
20089002,1996.16042,31.633,64.185,,409,,405.7616,17.6291,4.7376,36.4392,195.515,-9.99,0.028,,,-9.99,,,,
20089002,1996.16042,31.633,64.185,,411,,407.7438,17.617,4.7361,36.4371,195.347,-9.99,0.03,,,-9.99,,,,
20089002,1996.16042,31.633,64.185,,413,,409.7259,17.5825,4.732,36.4315,194.244,-9.99,0.025,,,-9.99,,,,
20089002,1996.16042,31.633,64.185,,415,,411.7081,17.558,4.7291,36.4275,193.687,-9.99,0.036,,,-9.99,,,,
20089002,1996.16042,31.633,64.185,,417,,413.6902,17.5327,4.7261,36.4232,193.189,-9.99,0.039,,,-9.99,,,,
20089002,1996.16042,31.633,64.185,,419,,415.6724,17.5144,4.7239,36.4197,192.701,-9.99,0.036,,,-9.99,,,,
20089002,1996.16042,31.633,64.185,,421,,417.6545,17.4739,4.7189,36.4126,192.271,-9.99,0.041,,,-9.99,,,,
20089002,1996.16042,31.633,64.185,,423,,419.6366,17.4405,4.715,36.4077,191.968,-9.99,0.041,,,-9.99,,,,
20089002,1996.16042,31.633,64.185,,425,,421.6186,17.4307,4.7139,36.4061,191.51,-9.99,0.034,,,-9.99,,,,
20089002,1996.16042,31.633,64.185,,427,,423.6007,17.4268,4.7135,36.4052,191.446,-9.99,0.036,,,-9.99,,,,
20089002,1996.16042,31.633,64.185,,429,,425.5827,17.4157,4.7122,36.4036,191.677,-9.99,0.03,,,-9.99,,,,
20089002,1996.16042,31.633,64.185,,431,,427.5647,17.4055,4.7111,36.402,191.446,-9.99,0.028,,,-9.99,,,,
20089002,1996.16042,31.633,64.185,,433,,429.5467,17.3973,4.7102,36.4005,190.766,-9.99,0.035,,,-9.99,,,,
20089002,1996.16042,31.633,64.185,,435,,431.5287,17.3926,4.7097,36.3999,190.42,-9.99,0.033,,,-9.99,,,,
20089002,1996.16042,31.633,64.185,,437,,433.5106,17.3903,4.7095,36.3996,190.354,-9.99,0.031,,,-9.99,,,,
20089002,1996.16042,31.633,64.185,,439,,435.4925,17.3876,4.7093,36.3992,190.525,-9.99,0.033,,,-9.99,,,,
20089002,1996.16042,31.633,64.185,,441,,437.4745,17.3863,4.7092,36.3989,190.638,-9.99,0.034,,,-9.99,,,,
20089002,1996.16042,31.633,64.185,,443,,439.4564,17.382,4.7087,36.3979,190.578,-9.99,0.033,,,-9.99,,,,
20089002,1996.16042,31.633,64.185,,445,,441.4382,17.3509,4.7049,36.3919,190.12,-9.99,0.043,,,-9.99,,,,
20089002,1996.16042,31.633,64.185,,447,,443.4201,17.2994,4.6986,36.3828,189.654,-9.99,0.033,,,-9.99,,,,
20089002,1996.16042,31.633,64.185,,449,,445.4019,17.2461,4.6922,36.3736,189.177,-9.99,0.025,,,-9.99,,,,
20089002,1996.16042,31.633,64.185,,451,,447.3837,17.1801,4.6841,36.3618,188.575,-9.99,0.039,,,-9.99,,,,
20089002,1996.16042,31.633,64.185,,453,,449.3655,17.1272,4.6778,36.3537,187.736,-9.99,0.039,,,-9.99,,,,
20089002,1996.16042,31.633,64.185,,455,,451.3473,17.0893,4.6733,36.3475,186.874,-9.99,0.03,,,-9.99,,,,
20089002,1996.16042,31.633,64.185,,457,,453.3291,17.0402,4.6674,36.3393,186.084,-9.99,0.026,,,-9.99,,,,
20089002,1996.16042,31.633,64.185,,459,,455.3108,16.9942,4.6618,36.3315,185.392,-9.99,0.026,,,-9.99,,,,
20089002,1996.16042,31.633,64.185,,461,,457.2925,16.9552,4.6572,36.3249,184.884,-9.99,0.03,,,-9.99,,,,
20089002,1996.16042,31.633,64.185,,463,,459.2742,16.9379,4.6551,36.3221,184.762,-9.99,0.032,,,-9.99,,,,
20089002,1996.16042,31.633,64.185,,465,,461.2559,16.8964,4.6502,36.315,184.671,-9.99,0.033,,,-9.99,,,,
20089002,1996.16042,31.633,64.185,,467,,463.2376,16.8714,4.6472,36.3111,184.638,-9.99,0.033,,,-9.99,,,,
20089002,1996.16042,31.633,64.185,,469,,465.2192,16.8379,4.6432,36.3054,184.307,-9.99,0.034,,,-9.99,,,,
20089002,1996.16042,31.633,64.185,,471,,467.2009,16.7954,4.6381,36.298,183.963,-9.99,0.037,,,-9.99,,,,
20089002,1996.16042,31.633,64.185,,473,,469.1825,16.7396,4.6313,36.2881,183.632,-9.99,0.038,,,-9.99,,,,
20089002,1996.16042,31.633,64.185,,475,,471.1641,16.6841,4.6247,36.2786,183.7,-9.99,0.036,,,-9.99,,,,
20089002,1996.16042,31.633,64.185,,477,,473.1456,16.667,4.6227,36.2759,183.655,-9.99,0.035,,,-9.99,,,,
20089002,1996.16042,31.633,64.185,,479,,475.1272,16.6507,4.6207,36.2726,183.41,-9.99,0.034,,,-9.99,,,,
20089002,1996.16042,31.633,64.185,,481,,477.1087,16.6288,4.6182,36.269,183.174,-9.99,0.034,,,-9.99,,,,
20089002,1996.16042,31.633,64.185,,483,,479.0902,16.5981,4.6145,36.2638,183.02,-9.99,0.032,,,-9.99,,,,
20089002,1996.16042,31.633,64.185,,485,,481.0717,16.5532,4.6092,36.257,182.849,-9.99,0.033,,,-9.99,,,,
20089002,1996.16042,31.633,64.185,,487,,483.0532,16.5184,4.6051,36.2515,182.798,-9.99,0.035,,,-9.99,,,,
20089002,1996.16042,31.633,64.185,,489,,485.0347,16.4811,4.6007,36.2456,182.754,-9.99,0.036,,,-9.99,,,,
20089002,1996.16042,31.633,64.185,,491,,487.0161,16.4458,4.5965,36.2391,182.741,-9.99,0.035,,,-9.99,,,,
20089002,1996.16042,31.633,64.185,,493,,488.9975,16.4355,4.5953,36.2376,182.366,-9.99,0.038,,,-9.99,,,,
20089002,1996.16042,31.633,64.185,,495,,490.9789,16.4174,4.5932,36.234,182.053,-9.99,0.031,,,-9.99,,,,
20089002,1996.16042,31.633,64.185,,497,,492.9603,16.3696,4.5874,36.2251,182.445,-9.99,0.029,,,-9.99,,,,
20089002,1996.16042,31.633,64.185,,499,,494.9417,16.3447,4.5845,36.2216,182.343,-9.99,0.026,,,-9.99,,,,
20089002,1996.16042,31.633,64.185,,501,,496.923,16.3392,4.5839,36.2205,182.243,-9.99,0.025,,,-9.99,,,,
20089002,1996.16042,31.633,64.185,,503,,498.9043,16.3111,4.5805,36.2152,182.497,-9.99,0.03,,,-9.99,,,,
20089002,1996.16042,31.633,64.185,,505,,500.8856,16.2392,4.5719,36.2024,182.809,-9.99,0.026,,,-9.99,,,,
20089003,1996.160738,31.634,64.2,,,,5,,,,4.9653,19.4265,4.9408,36.7229,222.364,-9.99,0.409,,,-9.99
20089003,1996.160738,31.634,64.2,,,,7,,,,6.9513,19.4226,4.9404,36.7228,222.607,-9.99,0.405,,,-9.99
20089003,1996.160738,31.634,64.2,,,,9,,,,8.9374,19.3801,4.9358,36.7209,223.038,-9.99,0.412,,,-9.99
20089003,1996.160738,31.634,64.2,,,11,,,10.9234,19.3234,4.9297,36.7188,222.735,-9.99,0.438,,,-9.99,,
20089003,1996.160738,31.634,64.2,,,13,,,12.9094,19.267,4.9237,36.7178,222.354,-9.99,0.467,,,-9.99,,
20089003,1996.160738,31.634,64.2,,,15,,,14.8954,19.2302,4.9199,36.7181,222.099,-9.99,0.491,,,-9.99,,
20089003,1996.160738,31.634,64.2,,,17,,,16.8814,19.2304,4.9201,36.7184,222.175,-9.99,0.49,,,-9.99,,
20089003,1996.160738,31.634,64.2,,,19,,,18.8673,19.2255,4.9197,36.7184,222.439,-9.99,0.491,,,-9.99,,
20089003,1996.160738,31.634,64.2,,,21,,,20.8533,19.2216,4.9194,36.7186,222.315,-9.99,0.497,,,-9.99,,
20089003,1996.160738,31.634,64.2,,,23,,,22.8392,19.2197,4.9193,36.7188,222.887,-9.99,0.512,,,-9.99,,
20089003,1996.160738,31.634,64.2,,,25,,,24.8251,19.2194,4.9194,36.7189,222.533,-9.99,0.53,,,-9.99,,
20089003,1996.160738,31.634,64.2,,,27,,,26.811,19.2196,4.9195,36.719,221.963,-9.99,0.518,,,-9.99,,
20089003,1996.160738,31.634,64.2,,,29,,,28.7968,19.2194,4.9196,36.7193,222.346,-9.99,0.504,,,-9.99,,
20089003,1996.160738,31.634,64.2,,,31,,,30.7827,19.2195,4.9197,36.7194,222.714,-9.99,0.503,,,-9.99,,
20089003,1996.160738,31.634,64.2,,,33,,,32.7685,19.2197,4.9198,36.7194,222.397,-9.99,0.508,,,-9.99,,
20089003,1996.160738,31.634,64.2,,,35,,,34.7543,19.2188,4.9198,36.7193,221.743,-9.99,0.51,,,-9.99,,
20089003,1996.160738,31.634,64.2,,,37,,,36.7401,19.2168,4.9197,36.7191,221.532,-9.99,0.518,,,-9.99,,
20089003,1996.160738,31.634,64.2,,,39,,,38.7258,19.2154,4.9196,36.7191,221.991,-9.99,0.524,,,-9.99,,
20089003,1996.160738,31.634,64.2,,,41,,,40.7116,19.214,4.9196,36.7192,222.659,-9.99,0.523,,,-9.99,,
20089003,1996.160738,31.634,64.2,,,43,,,42.6973,19.2132,4.9196,36.7193,223.085,-9.99,0.524,,,-9.99,,
20089003,1996.160738,31.634,64.2,,,45,,,44.683,19.2119,4.9195,36.7195,222.972,-9.99,0.529,,,-9.99,,
20089003,1996.160738,31.634,64.2,,,47,,,46.6687,19.2111,4.9196,36.7195,222.761,-9.99,0.534,,,-9.99,,
20089003,1996.160738,31.634,64.2,,,49,,,48.6544,19.2104,4.9196,36.7195,222.609,-9.99,0.532,,,-9.99,,
20089003,1996.160738,31.634,64.2,,,51,,,50.64,19.2098,4.9196,36.7196,222.644,-9.99,0.528,,,-9.99,,
20089003,1996.160738,31.634,64.2,,,53,,,52.6256,19.2092,4.9196,36.7195,222.785,-9.99,0.537,,,-9.99,,
20089003,1996.160738,31.634,64.2,,,55,,,54.6112,19.2083,4.9196,36.7196,222.997,-9.99,0.544,,,-9.99,,
20089003,1996.160738,31.634,64.2,,,57,,,56.5968,19.2083,4.9197,36.7196,222.756,-9.99,0.552,,,-9.99,,
20089003,1996.160738,31.634,64.2,,,59,,,58.5824,19.2082,4.9198,36.7196,222.22,-9.99,0.553,,,-9.99,,
20089003,1996.160738,31.634,64.2,,,61,,,60.5679,19.2077,4.9198,36.7196,221.8,-9.99,0.554,,,-9.99,,
20089003,1996.160738,31.634,64.2,,,63,,,62.5535,19.2072,4.9199,36.7196,221.867,-9.99,0.556,,,-9.99,,
20089003,1996.160738,31.634,64.2,,,65,,,64.539,19.2058,4.9198,36.7196,221.801,-9.99,0.555,,,-9.99,,
20089003,1996.160738,31.634,64.2,,,67,,,66.5245,19.2051,4.9198,36.7196,221.902,-9.99,0.554,,,-9.99,,
20089003,1996.160738,31.634,64.2,,,69,,,68.5099,19.2042,4.9198,36.7196,222.407,-9.99,0.551,,,-9.99,,
20089003,1996.160738,31.634,64.2,,,71,,,70.4954,19.2041,4.9199,36.7196,222.451,-9.99,0.563,,,-9.99,,
20089003,1996.160738,31.634,64.2,,,73,,,72.4808,19.204,4.92,36.7195,222.149,-9.99,0.569,,,-9.99,,
20089003,1996.160738,31.634,64.2,,,75,,,74.4663,19.2037,4.92,36.7193,221.624,-9.99,0.554,,,-9.99,,
20089003,1996.160738,31.634,64.2,,,77,,,76.4516,19.2033,4.92,36.7191,221.531,-9.99,0.539,,,-9.99,,
20089003,1996.160738,31.634,64.2,,,79,,,78.437,19.2027,4.9201,36.7191,221.677,-9.99,0.53,,,-9.99,,
20089003,1996.160738,31.634,64.2,,,81,,,80.4224,19.2034,4.9202,36.7192,221.593,-9.99,0.531,,,-9.99,,
20089003,1996.160738,31.634,64.2,,,83,,,82.4077,19.2033,4.9203,36.7192,221.633,-9.99,0.531,,,-9.99,,
20089003,1996.160738,31.634,64.2,,,85,,,84.393,19.2028,4.9204,36.7193,221.632,-9.99,0.532,,,-9.99,,
20089003,1996.160738,31.634,64.2,,,87,,,86.3783,19.2026,4.9204,36.7193,221.925,-9.99,0.525,,,-9.99,,
20089003,1996.160738,31.634,64.2,,,89,,,88.3636,19.2029,4.9205,36.719,222.477,-9.99,0.522,,,-9.99,,
20089003,1996.160738,31.634,64.2,,,91,,,90.3489,19.2034,4.9207,36.719,222.23,-9.99,0.517,,,-9.99,,
20089003,1996.160738,31.634,64.2,,,93,,,92.3341,19.2031,4.9207,36.7189,222.033,-9.99,0.507,,,-9.99,,
20089003,1996.160738,31.634,64.2,,,95,,,94.3193,19.203,4.9208,36.7189,221.957,-9.99,0.497,,,-9.99,,
20089003,1996.160738,31.634,64.2,,,97,,,96.3046,19.2029,4.9209,36.7188,221.75,-9.99,0.492,,,-9.99,,
20089003,1996.160738,31.634,64.2,,,99,,,98.2897,19.2031,4.921,36.7188,221.434,-9.99,0.49,,,-9.99,,
20089003,1996.160738,31.634,64.2,,101,,100.2749,19.2034,4.9211,36.7189,221.254,-9.99,0.489,,,-9.99,,,,
20089003,1996.160738,31.634,64.2,,103,,102.26,19.2034,4.9212,36.7188,221.219,-9.99,0.482,,,-9.99,,,,
20089003,1996.160738,31.634,64.2,,105,,104.2452,19.2035,4.9213,36.7186,221.856,-9.99,0.481,,,-9.99,,,,
20089003,1996.160738,31.634,64.2,,107,,106.2303,19.2035,4.9214,36.7186,221.981,-9.99,0.475,,,-9.99,,,,
20089003,1996.160738,31.634,64.2,,109,,108.2154,19.2036,4.9215,36.7187,221.604,-9.99,0.471,,,-9.99,,,,
20089003,1996.160738,31.634,64.2,,111,,110.2004,19.2038,4.9216,36.7189,221.018,-9.99,0.473,,,-9.99,,,,
20089003,1996.160738,31.634,64.2,,113,,112.1855,19.2041,4.9217,36.7189,221.707,-9.99,0.453,,,-9.99,,,,
20089003,1996.160738,31.634,64.2,,115,,114.1705,19.2039,4.9218,36.7189,222.752,-9.99,0.455,,,-9.99,,,,
20089003,1996.160738,31.634,64.2,,117,,116.1555,19.2039,4.9218,36.7184,221.74,-9.99,0.465,,,-9.99,,,,
20089003,1996.160738,31.634,64.2,,119,,118.1405,19.2036,4.9219,36.7182,221.449,-9.99,0.477,,,-9.99,,,,
20089003,1996.160738,31.634,64.2,,121,,120.1255,19.2039,4.922,36.7183,221.799,-9.99,0.427,,,-9.99,,,,
20089003,1996.160738,31.634,64.2,,123,,122.1104,19.2031,4.922,36.7183,221.475,-9.99,0.437,,,-9.99,,,,
20089003,1996.160738,31.634,64.2,,125,,124.0954,19.2031,4.9221,36.7181,221.234,-9.99,0.453,,,-9.99,,,,
20089003,1996.160738,31.634,64.2,,127,,126.0803,19.2025,4.9221,36.7179,220.897,-9.99,0.433,,,-9.99,,,,
20089003,1996.160738,31.634,64.2,,129,,128.0652,19.2023,4.9221,36.7179,220.854,-9.99,0.413,,,-9.99,,,,
20089003,1996.160738,31.634,64.2,,131,,130.0501,19.2011,4.922,36.7167,220.927,-9.99,0.396,,,-9.99,,,,
20089003,1996.160738,31.634,64.2,,133,,132.0349,19.1834,4.9194,36.7102,221.391,-9.99,0.379,,,-9.99,,,,
20089003,1996.160738,31.634,64.2,,135,,134.0198,19.153,4.915,36.6994,221.567,-9.99,0.377,,,-9.99,,,,
20089003,1996.160738,31.634,64.2,,137,,136.0046,19.101,4.9085,36.69,221.242,-9.99,0.344,,,-9.99,,,,
20089003,1996.160738,31.634,64.2,,139,,137.9894,19.0548,4.9024,36.6784,220.012,-9.99,0.3,,,-9.99,,,,
20089003,1996.160738,31.634,64.2,,141,,139.9742,19.0243,4.8981,36.6688,220.003,-9.99,0.293,,,-9.99,,,,
20089003,1996.160738,31.634,64.2,,143,,141.9589,18.9846,4.8931,36.6609,220.149,-9.99,0.263,,,-9.99,,,,
20089003,1996.160738,31.634,64.2,,145,,143.9437,18.9404,4.8877,36.6541,219.928,-9.99,0.215,,,-9.99,,,,
20089003,1996.160738,31.634,64.2,,147,,145.9284,18.8967,4.8823,36.6461,219.793,-9.99,0.203,,,-9.99,,,,
20089003,1996.160738,31.634,64.2,,149,,147.9131,18.8569,4.8773,36.6389,219.322,-9.99,0.178,,,-9.99,,,,
20089003,1996.160738,31.634,64.2,,151,,149.8978,18.8508,4.8767,36.6383,219.111,-9.99,0.166,,,-9.99,,,,
20089003,1996.160738,31.634,64.2,,153,,151.8824,18.8465,4.8763,36.6376,219.067,-9.99,0.161,,,-9.99,,,,
20089003,1996.160738,31.634,64.2,,155,,153.8671,18.8372,4.8753,36.637,218.942,-9.99,0.143,,,-9.99,,,,
20089003,1996.160738,31.634,64.2,,157,,155.8517,18.8311,4.8749,36.6382,218.834,-9.99,0.142,,,-9.99,,,,
20089003,1996.160738,31.634,64.2,,159,,157.8363,18.8206,4.8739,36.6381,218.274,-9.99,0.136,,,-9.99,,,,
20089003,1996.160738,31.634,64.2,,161,,159.8209,18.8123,4.8731,36.6379,217.749,-9.99,0.131,,,-9.99,,,,
20089003,1996.160738,31.634,64.2,,163,,161.8055,18.8079,4.8727,36.6376,217.009,-9.99,0.118,,,-9.99,,,,
20089003,1996.160738,31.634,64.2,,165,,163.79,18.7927,4.8706,36.6332,216.321,-9.99,0.104,,,-9.99,,,,
20089003,1996.160738,31.634,64.2,,167,,165.7746,18.757,4.8664,36.6283,215.487,-9.99,0.11,,,-9.99,,,,
20089003,1996.160738,31.634,64.2,,169,,167.7591,18.7564,4.8665,36.6292,215.212,-9.99,0.107,,,-9.99,,,,
20089003,1996.160738,31.634,64.2,,171,,169.7436,18.7581,4.8669,36.63,214.997,-9.99,0.105,,,-9.99,,,,
20089003,1996.160738,31.634,64.2,,173,,171.728,18.7578,4.8669,36.6298,214.736,-9.99,0.102,,,-9.99,,,,
20089003,1996.160738,31.634,64.2,,175,,173.7125,18.7573,4.867,36.6301,215.093,-9.99,0.101,,,-9.99,,,,
20089003,1996.160738,31.634,64.2,,177,,175.6969,18.7569,4.867,36.6298,215.292,-9.99,0.101,,,-9.99,,,,
20089003,1996.160738,31.634,64.2,,179,,177.6814,18.6811,4.8574,36.6147,211.802,-9.99,0.097,,,-9.99,,,,
20089003,1996.160738,31.634,64.2,,181,,179.6657,18.6154,4.8491,36.602,208.96,-9.99,0.089,,,-9.99,,,,
20089003,1996.160738,31.634,64.2,,183,,181.6501,18.5882,4.8458,36.5974,208.153,-9.99,0.079,,,-9.99,,,,
20089003,1996.160738,31.634,64.2,,185,,183.6345,18.5787,4.8448,36.5963,207.838,-9.99,0.078,,,-9.99,,,,
20089003,1996.160738,31.634,64.2,,187,,185.6188,18.5758,4.8445,36.5962,208.163,-9.99,0.07,,,-9.99,,,,
20089003,1996.160738,31.634,64.2,,189,,187.6031,18.5731,4.8443,36.5959,208.615,-9.99,0.067,,,-9.99,,,,
20089003,1996.160738,31.634,64.2,,191,,189.5874,18.5718,4.8442,36.5957,208.32,-9.99,0.069,,,-9.99,,,,
20089003,1996.160738,31.634,64.2,,193,,191.5717,18.5698,4.8441,36.5954,207.962,-9.99,0.068,,,-9.99,,,,
20089003,1996.160738,31.634,64.2,,195,,193.556,18.5602,4.8429,36.5934,207.479,-9.99,0.063,,,-9.99,,,,
20089003,1996.160738,31.634,64.2,,197,,195.5402,18.5398,4.8405,36.59,207.309,-9.99,0.062,,,-9.99,,,,
20089003,1996.160738,31.634,64.2,,199,,197.5245,18.5197,4.8381,36.5863,207.199,-9.99,0.062,,,-9.99,,,,
20089003,1996.160738,31.634,64.2,,201,,199.5087,18.4975,4.8354,36.5828,207.281,-9.99,0.059,,,-9.99,,,,
20089003,1996.160738,31.634,64.2,,203,,201.4928,18.4927,4.8349,36.5823,206.739,-9.99,0.057,,,-9.99,,,,
20089003,1996.160738,31.634,64.2,,205,,203.477,18.4885,4.8346,36.5821,206.736,-9.99,0.06,,,-9.99,,,,
20089003,1996.160738,31.634,64.2,,207,,205.4612,18.4844,4.8342,36.5818,207.121,-9.99,0.057,,,-9.99,,,,
20089003,1996.160738,31.634,64.2,,209,,207.4453,18.4807,4.8338,36.5812,207.31,-9.99,0.05,,,-9.99,,,,
20089003,1996.160738,31.634,64.2,,211,,209.4294,18.4773,4.8335,36.5809,207.661,-9.99,0.066,,,-9.99,,,,
20089003,1996.160738,31.634,64.2,,213,,211.4135,18.4769,4.8336,36.581,207.214,-9.99,0.057,,,-9.99,,,,
20089003,1996.160738,31.634,64.2,,215,,213.3976,18.4768,4.8337,36.5814,206.787,-9.99,0.056,,,-9.99,,,,
20089003,1996.160738,31.634,64.2,,217,,215.3816,18.4774,4.8339,36.5817,206.925,-9.99,0.056,,,-9.99,,,,
20089003,1996.160738,31.634,64.2,,219,,217.3656,18.4751,4.8337,36.5816,207.054,-9.99,0.059,,,-9.99,,,,
20089003,1996.160738,31.634,64.2,,221,,219.3497,18.4636,4.8324,36.5797,206.976,-9.99,0.06,,,-9.99,,,,
20089003,1996.160738,31.634,64.2,,223,,221.3337,18.4486,4.8307,36.5777,207.111,-9.99,0.06,,,-9.99,,,,
20089003,1996.160738,31.634,64.2,,225,,223.3176,18.4401,4.8298,36.577,206.879,-9.99,0.056,,,-9.99,,,,
20089003,1996.160738,31.634,64.2,,227,,225.3016,18.436,4.8295,36.5771,207.17,-9.99,0.057,,,-9.99,,,,
20089003,1996.160738,31.634,64.2,,229,,227.2855,18.4334,4.8293,36.577,207.321,-9.99,0.057,,,-9.99,,,,
20089003,1996.160738,31.634,64.2,,231,,229.2694,18.4276,4.8287,36.5761,207.405,-9.99,0.054,,,-9.99,,,,
20089003,1996.160738,31.634,64.2,,233,,231.2533,18.4155,4.8272,36.5738,207.034,-9.99,0.053,,,-9.99,,,,
20089003,1996.160738,31.634,64.2,,235,,233.2372,18.3957,4.8248,36.5701,206.665,-9.99,0.046,,,-9.99,,,,
20089003,1996.160738,31.634,64.2,,237,,235.2211,18.3786,4.8228,36.5671,206.409,-9.99,0.039,,,-9.99,,,,
20089003,1996.160738,31.634,64.2,,239,,237.2049,18.3684,4.8216,36.5656,206.211,-9.99,0.033,,,-9.99,,,,
20089003,1996.160738,31.634,64.2,,241,,239.1887,18.3659,4.8213,36.5646,206.116,-9.99,0.044,,,-9.99,,,,
20089003,1996.160738,31.634,64.2,,243,,241.1725,18.3573,4.8203,36.563,205.82,-9.99,0.046,,,-9.99,,,,
20089003,1996.160738,31.634,64.2,,245,,243.1563,18.349,4.8193,36.5613,205.525,-9.99,0.046,,,-9.99,,,,
20089003,1996.160738,31.634,64.2,,247,,245.1401,18.338,4.8181,36.5594,205.508,-9.99,0.047,,,-9.99,,,,
20089003,1996.160738,31.634,64.2,,249,,247.1238,18.3268,4.8167,36.5571,205.264,-9.99,0.046,,,-9.99,,,,
20089003,1996.160738,31.634,64.2,,251,,249.1076,18.3121,4.8148,36.5533,204.894,-9.99,0.045,,,-9.99,,,,
20089003,1996.160738,31.634,64.2,,253,,251.0913,18.288,4.8119,36.5488,204.526,-9.99,0.041,,,-9.99,,,,
20089003,1996.160738,31.634,64.2,,255,,253.075,18.274,4.8102,36.5463,204.526,-9.99,0.033,,,-9.99,,,,
20089003,1996.160738,31.634,64.2,,257,,255.0586,18.2644,4.8092,36.5454,204.793,-9.99,0.051,,,-9.99,,,,
20089003,1996.160738,31.634,64.2,,259,,257.0423,18.2497,4.8075,36.5435,204.496,-9.99,0.046,,,-9.99,,,,
20089003,1996.160738,31.634,64.2,,261,,259.0259,18.2445,4.807,36.5429,204.89,-9.99,0.046,,,-9.99,,,,
20089003,1996.160738,31.634,64.2,,263,,261.0095,18.2429,4.8069,36.5429,204.109,-9.99,0.036,,,-9.99,,,,
20089003,1996.160738,31.634,64.2,,265,,262.9931,18.2394,4.8066,36.5425,203.994,-9.99,0.037,,,-9.99,,,,
20089003,1996.160738,31.634,64.2,,267,,264.9767,18.2392,4.8067,36.5429,204.853,-9.99,0.032,,,-9.99,,,,
20089003,1996.160738,31.634,64.2,,269,,266.9602,18.2394,4.8068,36.5427,205.192,-9.99,0.035,,,-9.99,,,,
20089003,1996.160738,31.634,64.2,,271,,268.9438,18.2323,4.8061,36.5419,204.144,-9.99,0.038,,,-9.99,,,,
20089003,1996.160738,31.634,64.2,,273,,270.9273,18.2202,4.8046,36.5399,203.497,-9.99,0.04,,,-9.99,,,,
20089003,1996.160738,31.634,64.2,,275,,272.9108,18.2116,4.8037,36.5386,203.876,-9.99,0.038,,,-9.99,,,,
20089003,1996.160738,31.634,64.2,,277,,274.8943,18.2068,4.8032,36.5376,204.169,-9.99,0.031,,,-9.99,,,,
20089003,1996.160738,31.634,64.2,,279,,276.8777,18.2,4.8023,36.5355,204.265,-9.99,0.044,,,-9.99,,,,
20089003,1996.160738,31.634,64.2,,281,,278.8612,18.1955,4.8019,36.5352,204.035,-9.99,0.036,,,-9.99,,,,
20089003,1996.160738,31.634,64.2,,283,,280.8446,18.192,4.8016,36.5353,203.662,-9.99,0.03,,,-9.99,,,,
20089003,1996.160738,31.634,64.2,,285,,282.828,18.1866,4.8011,36.5348,203.401,-9.99,0.028,,,-9.99,,,,
20089003,1996.160738,31.634,64.2,,287,,284.8114,18.1815,4.8005,36.5334,203.567,-9.99,0.031,,,-9.99,,,,
20089003,1996.160738,31.634,64.2,,289,,286.7947,18.1756,4.7998,36.5321,203.628,-9.99,0.034,,,-9.99,,,,
20089003,1996.160738,31.634,64.2,,291,,288.7781,18.1701,4.7992,36.5308,203.631,-9.99,0.04,,,-9.99,,,,
20089003,1996.160738,31.634,64.2,,293,,290.7614,18.164,4.7985,36.5299,204.16,-9.99,0.049,,,-9.99,,,,
20089003,1996.160738,31.634,64.2,,295,,292.7447,18.1621,4.7985,36.5305,204.167,-9.99,0.045,,,-9.99,,,,
20089003,1996.160738,31.634,64.2,,297,,294.728,18.1576,4.7982,36.531,204.036,-9.99,0.037,,,-9.99,,,,
20089003,1996.160738,31.634,64.2,,299,,296.7112,18.1559,4.7981,36.5315,203.59,-9.99,0.031,,,-9.99,,,,
20089003,1996.160738,31.634,64.2,,301,,298.6945,18.1549,4.798,36.5309,203.6,-9.99,0.03,,,-9.99,,,,
20089003,1996.160738,31.634,64.2,,303,,300.6777,18.1359,4.7956,36.5265,204.044,-9.99,0.03,,,-9.99,,,,
20089003,1996.160738,31.634,64.2,,305,,302.6609,18.1211,4.7938,36.5232,204.421,-9.99,0.032,,,-9.99,,,,
20089003,1996.160738,31.634,64.2,,307,,304.6441,18.1043,4.7917,36.5196,204.775,-9.99,0.032,,,-9.99,,,,
20089003,1996.160738,31.634,64.2,,309,,306.6273,18.101,4.7913,36.5184,204.663,-9.99,0.036,,,-9.99,,,,
20089003,1996.160738,31.634,64.2,,311,,308.6104,18.096,4.7907,36.5167,204.594,-9.99,0.037,,,-9.99,,,,
20089003,1996.160738,31.634,64.2,,313,,310.5936,18.0909,4.7901,36.5152,204.556,-9.99,0.037,,,-9.99,,,,
20089003,1996.160738,31.634,64.2,,315,,312.5767,18.0807,4.7888,36.5122,204.776,-9.99,0.038,,,-9.99,,,,
20089003,1996.160738,31.634,64.2,,317,,314.5598,18.0754,4.7881,36.5109,204.745,-9.99,0.034,,,-9.99,,,,
20089003,1996.160738,31.634,64.2,,319,,316.5429,18.0697,4.7875,36.5097,204.746,-9.99,0.031,,,-9.99,,,,
20089003,1996.160738,31.634,64.2,,321,,318.5259,18.0612,4.7866,36.5087,204.422,-9.99,0.03,,,-9.99,,,,
20089003,1996.160738,31.634,64.2,,323,,320.509,18.0577,4.7863,36.5088,204.447,-9.99,0.033,,,-9.99,,,,
20089003,1996.160738,31.634,64.2,,325,,322.492,18.0521,4.7858,36.5089,204.266,-9.99,0.028,,,-9.99,,,,
20089003,1996.160738,31.634,64.2,,327,,324.475,18.0452,4.785,36.5072,204.459,-9.99,0.03,,,-9.99,,,,
20089003,1996.160738,31.634,64.2,,329,,326.458,18.0337,4.7836,36.5049,204.579,-9.99,0.033,,,-9.99,,,,
20089003,1996.160738,31.634,64.2,,331,,328.4409,18.0272,4.7829,36.5039,204.432,-9.99,0.03,,,-9.99,,,,
20089003,1996.160738,31.634,64.2,,333,,330.4239,18.0194,4.782,36.5023,204.374,-9.99,0.03,,,-9.99,,,,
20089003,1996.160738,31.634,64.2,,335,,332.4068,18.0105,4.781,36.5004,204.375,-9.99,0.031,,,-9.99,,,,
20089003,1996.160738,31.634,64.2,,337,,334.3897,17.9974,4.7794,36.4979,204.34,-9.99,0.033,,,-9.99,,,,
20089003,1996.160738,31.634,64.2,,339,,336.3726,17.9941,4.7791,36.4979,204.253,-9.99,0.03,,,-9.99,,,,
20089003,1996.160738,31.634,64.2,,341,,338.3554,17.9922,4.7791,36.4981,204.015,-9.99,0.029,,,-9.99,,,,
20089003,1996.160738,31.634,64.2,,343,,340.3383,17.9915,4.7791,36.4981,203.739,-9.99,0.029,,,-9.99,,,,
20089003,1996.160738,31.634,64.2,,345,,342.3211,17.9914,4.7792,36.4982,203.834,-9.99,0.027,,,-9.99,,,,
20089003,1996.160738,31.634,64.2,,347,,344.3039,17.9857,4.7784,36.4957,204.283,-9.99,0.029,,,-9.99,,,,
20089003,1996.160738,31.634,64.2,,349,,346.2867,17.9647,4.7756,36.4898,204.035,-9.99,0.033,,,-9.99,,,,
20089003,1996.160738,31.634,64.2,,351,,348.2695,17.9553,4.7745,36.4882,203.978,-9.99,0.031,,,-9.99,,,,
20089003,1996.160738,31.634,64.2,,353,,350.2522,17.9531,4.7743,36.4875,204.401,-9.99,0.025,,,-9.99,,,,
20089003,1996.160738,31.634,64.2,,355,,352.235,17.9518,4.7742,36.4871,204.377,-9.99,0.024,,,-9.99,,,,
20089003,1996.160738,31.634,64.2,,357,,354.2177,17.947,4.7737,36.4861,204.44,-9.99,0.029,,,-9.99,,,,
20089003,1996.160738,31.634,64.2,,359,,356.2004,17.9251,4.771,36.4821,203.692,-9.99,0.034,,,-9.99,,,,
20089003,1996.160738,31.634,64.2,,361,,358.1831,17.8961,4.7676,36.4777,203.155,-9.99,0.033,,,-9.99,,,,
20089003,1996.160738,31.634,64.2,,363,,360.1657,17.8817,4.7659,36.4757,203.022,-9.99,0.026,,,-9.99,,,,
20089003,1996.160738,31.634,64.2,,365,,362.1483,17.8694,4.7645,36.4739,203.053,-9.99,0.038,,,-9.99,,,,
20089003,1996.160738,31.634,64.2,,367,,364.131,17.8567,4.7631,36.472,203.145,-9.99,0.035,,,-9.99,,,,
20089003,1996.160738,31.634,64.2,,369,,366.1136,17.8424,4.7615,36.4706,202.28,-9.99,0.032,,,-9.99,,,,
20089003,1996.160738,31.634,64.2,,371,,368.0961,17.8361,4.7611,36.4713,201.215,-9.99,0.029,,,-9.99,,,,
20089003,1996.160738,31.634,64.2,,373,,370.0787,17.838,4.7616,36.4734,200.592,-9.99,0.029,,,-9.99,,,,
20089003,1996.160738,31.634,64.2,,375,,372.0612,17.8401,4.7622,36.4758,200.325,-9.99,0.025,,,-9.99,,,,
20089003,1996.160738,31.634,64.2,,377,,374.0438,17.8351,4.7616,36.4746,200.236,-9.99,0.031,,,-9.99,,,,
20089003,1996.160738,31.634,64.2,,379,,376.0263,17.8276,4.7608,36.4735,199.829,-9.99,0.031,,,-9.99,,,,
20089003,1996.160738,31.634,64.2,,381,,378.0088,17.8073,4.7584,36.4704,198.893,-9.99,0.032,,,-9.99,,,,
20089003,1996.160738,31.634,64.2,,383,,379.9912,17.7914,4.7566,36.4683,197.929,-9.99,0.032,,,-9.99,,,,
20089003,1996.160738,31.634,64.2,,385,,381.9737,17.7814,4.7555,36.4672,197.24,-9.99,0.032,,,-9.99,,,,
20089003,1996.160738,31.634,64.2,,387,,383.9561,17.7684,4.7541,36.4659,196.437,-9.99,0.03,,,-9.99,,,,
20089003,1996.160738,31.634,64.2,,389,,385.9385,17.7622,4.7534,36.4645,196.677,-9.99,0.029,,,-9.99,,,,
20089003,1996.160738,31.634,64.2,,391,,387.9209,17.7477,4.7514,36.4598,196.367,-9.99,0.034,,,-9.99,,,,
20089003,1996.160738,31.634,64.2,,393,,389.9033,17.7201,4.7481,36.4546,195.805,-9.99,0.037,,,-9.99,,,,
20089003,1996.160738,31.634,64.2,,395,,391.8856,17.6898,4.7442,36.4479,195.691,-9.99,0.035,,,-9.99,,,,
20089003,1996.160738,31.634,64.2,,397,,393.8679,17.6599,4.7405,36.4414,195.863,-9.99,0.031,,,-9.99,,,,
20089003,1996.160738,31.634,64.2,,399,,395.8503,17.6427,4.7386,36.4403,195.168,-9.99,0.03,,,-9.99,,,,
20089003,1996.160738,31.634,64.2,,401,,397.8325,17.6317,4.7375,36.4391,194.741,-9.99,0.029,,,-9.99,,,,
20089003,1996.160738,31.634,64.2,,403,,399.8148,17.6208,4.7363,36.4377,194.613,-9.99,0.027,,,-9.99,,,,
20089003,1996.160738,31.634,64.2,,405,,401.7971,17.6038,4.7343,36.435,194.545,-9.99,0.025,,,-9.99,,,,
20089004,1996.160788,31.633,64.2,,,,5,,,,4.9653,19.3995,4.9378,36.7221,220.22,-9.99,0.452,,,-9.99
20089004,1996.160788,31.633,64.2,,,,7,,,,6.9513,19.3462,4.9322,36.7209,220.643,-9.99,0.465,,,-9.99
20089004,1996.160788,31.633,64.2,,,,9,,,,8.9374,19.2835,4.9254,36.7188,221.372,-9.99,0.488,,,-9.99
20089004,1996.160788,31.633,64.2,,,11,,,10.9234,19.2731,4.9244,36.7193,220.592,-9.99,0.491,,,-9.99,,
20089004,1996.160788,31.633,64.2,,,13,,,12.9094,19.2907,4.9265,36.7201,220.219,-9.99,0.49,,,-9.99,,
20089004,1996.160788,31.633,64.2,,,15,,,14.8954,19.2833,4.9257,36.719,220.476,-9.99,0.485,,,-9.99,,
20089004,1996.160788,31.633,64.2,,,17,,,16.8814,19.2534,4.9226,36.7189,221.113,-9.99,0.48,,,-9.99,,
20089004,1996.160788,31.633,64.2,,,19,,,18.8673,19.2401,4.9213,36.719,220.688,-9.99,0.483,,,-9.99,,
20089004,1996.160788,31.633,64.2,,,21,,,20.8533,19.2322,4.9206,36.7191,220.583,-9.99,0.487,,,-9.99,,
20089004,1996.160788,31.633,64.2,,,23,,,22.8392,19.233,4.9207,36.7192,221.2,-9.99,0.495,,,-9.99,,
20089004,1996.160788,31.633,64.2,,,25,,,24.8251,19.2307,4.9206,36.7195,221.128,-9.99,0.488,,,-9.99,,
20089004,1996.160788,31.633,64.2,,,27,,,26.811,19.2206,4.9196,36.719,220.964,-9.99,0.495,,,-9.99,,
20089004,1996.160788,31.633,64.2,,,29,,,28.7968,19.2136,4.9189,36.7188,220.674,-9.99,0.508,,,-9.99,,
20089004,1996.160788,31.633,64.2,,,31,,,30.7827,19.2111,4.9187,36.7186,221.113,-9.99,0.513,,,-9.99,,
20089004,1996.160788,31.633,64.2,,,33,,,32.7685,19.2101,4.9187,36.7187,221.078,-9.99,0.522,,,-9.99,,
20089004,1996.160788,31.633,64.2,,,35,,,34.7543,19.2077,4.9185,36.7182,220.759,-9.99,0.526,,,-9.99,,
20089004,1996.160788,31.633,64.2,,,37,,,36.7401,19.2062,4.9184,36.7179,220.786,-9.99,0.54,,,-9.99,,
20089004,1996.160788,31.633,64.2,,,39,,,38.7258,19.2046,4.9184,36.7182,220.452,-9.99,0.54,,,-9.99,,
20089004,1996.160788,31.633,64.2,,,41,,,40.7116,19.2043,4.9184,36.7184,220.31,-9.99,0.547,,,-9.99,,
20089004,1996.160788,31.633,64.2,,,43,,,42.6973,19.2039,4.9185,36.7184,220.437,-9.99,0.547,,,-9.99,,
20089004,1996.160788,31.633,64.2,,,45,,,44.683,19.2032,4.9185,36.7184,220.786,-9.99,0.541,,,-9.99,,
20089004,1996.160788,31.633,64.2,,,47,,,46.6687,19.2031,4.9186,36.7184,220.787,-9.99,0.541,,,-9.99,,
20089004,1996.160788,31.633,64.2,,,49,,,48.6544,19.2027,4.9186,36.7184,220.689,-9.99,0.539,,,-9.99,,
20089004,1996.160788,31.633,64.2,,,51,,,50.64,19.2029,4.9187,36.7184,220.495,-9.99,0.549,,,-9.99,,
20089004,1996.160788,31.633,64.2,,,53,,,52.6256,19.2028,4.9188,36.7184,220.517,-9.99,0.547,,,-9.99,,
20089004,1996.160788,31.633,64.2,,,55,,,54.6112,19.2034,4.919,36.7186,220.832,-9.99,0.547,,,-9.99,,
20089004,1996.160788,31.633,64.2,,,57,,,56.5968,19.2043,4.9192,36.7189,221.096,-9.99,0.551,,,-9.99,,
20089004,1996.160788,31.633,64.2,,,59,,,58.5824,19.2051,4.9194,36.7192,221.235,-9.99,0.561,,,-9.99,,
20089004,1996.160788,31.633,64.2,,,61,,,60.5679,19.2039,4.9194,36.7193,221.215,-9.99,0.553,,,-9.99,,
20089004,1996.160788,31.633,64.2,,,63,,,62.5535,19.2033,4.9194,36.7192,221.025,-9.99,0.553,,,-9.99,,
20089004,1996.160788,31.633,64.2,,,65,,,64.539,19.2032,4.9195,36.7191,220.744,-9.99,0.563,,,-9.99,,
20089004,1996.160788,31.633,64.2,,,67,,,66.5245,19.2026,4.9195,36.719,220.591,-9.99,0.561,,,-9.99,,
20089004,1996.160788,31.633,64.2,,,69,,,68.51,19.201,4.9194,36.7187,220.481,-9.99,0.555,,,-9.99,,
20089004,1996.160788,31.633,64.2,,,71,,,70.4954,19.2001,4.9194,36.7184,220.323,-9.99,0.554,,,-9.99,,
20089004,1996.160788,31.633,64.2,,,73,,,72.4808,19.199,4.9193,36.7182,220.212,-9.99,0.549,,,-9.99,,
20089004,1996.160788,31.633,64.2,,,75,,,74.4663,19.1989,4.9194,36.7182,220.307,-9.99,0.54,,,-9.99,,
20089004,1996.160788,31.633,64.2,,,77,,,76.4517,19.1994,4.9195,36.7183,221.074,-9.99,0.54,,,-9.99,,
20089004,1996.160788,31.633,64.2,,,79,,,78.437,19.1998,4.9197,36.7183,221.466,-9.99,0.543,,,-9.99,,
20089004,1996.160788,31.633,64.2,,,81,,,80.4224,19.1998,4.9198,36.7183,220.323,-9.99,0.542,,,-9.99,,
20089004,1996.160788,31.633,64.2,,,83,,,82.4077,19.2002,4.9199,36.7185,220.275,-9.99,0.525,,,-9.99,,
20089004,1996.160788,31.633,64.2,,,85,,,84.393,19.2003,4.92,36.7185,220.583,-9.99,0.517,,,-9.99,,
20089004,1996.160788,31.633,64.2,,,87,,,86.3783,19.2009,4.9202,36.7187,220.735,-9.99,0.51,,,-9.99,,
20089004,1996.160788,31.633,64.2,,,89,,,88.3636,19.2019,4.9205,36.7193,221.195,-9.99,0.507,,,-9.99,,
20089004,1996.160788,31.633,64.2,,,91,,,90.3489,19.2023,4.9206,36.7192,221.026,-9.99,0.489,,,-9.99,,
20089004,1996.160788,31.633,64.2,,,93,,,92.3341,19.2027,4.9207,36.7192,221.102,-9.99,0.478,,,-9.99,,
20089004,1996.160788,31.633,64.2,,,95,,,94.3194,19.203,4.9209,36.7193,221.292,-9.99,0.48,,,-9.99,,
20089004,1996.160788,31.633,64.2,,,97,,,96.3046,19.203,4.9209,36.7192,221.114,-9.99,0.482,,,-9.99,,
20089004,1996.160788,31.633,64.2,,,99,,,98.2897,19.203,4.921,36.7192,221.013,-9.99,0.482,,,-9.99,,
20089004,1996.160788,31.633,64.2,,101,,100.2749,19.2029,4.9211,36.7191,220.778,-9.99,0.478,,,-9.99,,,,
20089004,1996.160788,31.633,64.2,,103,,102.2601,19.2034,4.9212,36.7189,220.162,-9.99,0.467,,,-9.99,,,,
20089004,1996.160788,31.633,64.2,,105,,104.2452,19.2035,4.9213,36.7189,220.45,-9.99,0.46,,,-9.99,,,,
20089004,1996.160788,31.633,64.2,,107,,106.2303,19.2037,4.9214,36.7191,220.804,-9.99,0.464,,,-9.99,,,,
20089004,1996.160788,31.633,64.2,,109,,108.2154,19.2041,4.9216,36.7191,221.179,-9.99,0.466,,,-9.99,,,,
20089004,1996.160788,31.633,64.2,,111,,110.2004,19.2043,4.9217,36.7191,220.92,-9.99,0.439,,,-9.99,,,,
20089004,1996.160788,31.633,64.2,,113,,112.1855,19.2046,4.9218,36.7191,220.812,-9.99,0.436,,,-9.99,,,,
20089004,1996.160788,31.633,64.2,,115,,114.1705,19.205,4.922,36.7193,221.015,-9.99,0.429,,,-9.99,,,,
20089004,1996.160788,31.633,64.2,,117,,116.1555,19.2056,4.9221,36.7192,221.022,-9.99,0.426,,,-9.99,,,,
20089004,1996.160788,31.633,64.2,,119,,118.1405,19.2059,4.9222,36.7193,220.343,-9.99,0.425,,,-9.99,,,,
20089004,1996.160788,31.633,64.2,,121,,120.1255,19.2062,4.9224,36.7192,220.623,-9.99,0.429,,,-9.99,,,,
20089004,1996.160788,31.633,64.2,,123,,122.1105,19.2062,4.9224,36.7192,221.273,-9.99,0.424,,,-9.99,,,,
20089004,1996.160788,31.633,64.2,,125,,124.0954,19.2057,4.9224,36.7189,220.968,-9.99,0.419,,,-9.99,,,,
20089004,1996.160788,31.633,64.2,,127,,126.0803,19.205,4.9224,36.7186,220.697,-9.99,0.414,,,-9.99,,,,
20089004,1996.160788,31.633,64.2,,129,,128.0652,19.204,4.9224,36.7184,220.596,-9.99,0.408,,,-9.99,,,,
20089004,1996.160788,31.633,64.2,,131,,130.0501,19.204,4.9225,36.7184,220.263,-9.99,0.398,,,-9.99,,,,
20089004,1996.160788,31.633,64.2,,133,,132.0349,19.2042,4.9226,36.7184,220.809,-9.99,0.382,,,-9.99,,,,
20089004,1996.160788,31.633,64.2,,135,,134.0198,19.2036,4.9226,36.7182,221.072,-9.99,0.368,,,-9.99,,,,
20089004,1996.160788,31.633,64.2,,137,,136.0046,19.1981,4.9218,36.716,220.858,-9.99,0.371,,,-9.99,,,,
20089004,1996.160788,31.633,64.2,,139,,137.9894,19.1798,4.9193,36.7101,220.328,-9.99,0.368,,,-9.99,,,,
20089004,1996.160788,31.633,64.2,,141,,139.9742,19.1462,4.9148,36.7013,220.314,-9.99,0.357,,,-9.99,,,,
20089004,1996.160788,31.633,64.2,,143,,141.9589,19.1046,4.9094,36.6917,220.357,-9.99,0.33,,,-9.99,,,,
20089004,1996.160788,31.633,64.2,,145,,143.9437,19.0661,4.9047,36.6855,220.326,-9.99,0.3,,,-9.99,,,,
20089004,1996.160788,31.633,64.2,,147,,145.9284,19.043,4.9015,36.6786,219.939,-9.99,0.278,,,-9.99,,,,
20089004,1996.160788,31.633,64.2,,149,,147.9131,18.9889,4.8945,36.6664,219.584,-9.99,0.252,,,-9.99,,,,
20089004,1996.160788,31.633,64.2,,151,,149.8978,18.929,4.8867,36.6529,219.684,-9.99,0.218,,,-9.99,,,,
20089004,1996.160788,31.633,64.2,,153,,151.8825,18.9067,4.8839,36.6488,219.438,-9.99,0.199,,,-9.99,,,,
20089004,1996.160788,31.633,64.2,,155,,153.8671,18.8769,4.8803,36.6435,219.223,-9.99,0.175,,,-9.99,,,,
20089004,1996.160788,31.633,64.2,,157,,155.8517,18.8617,4.8785,36.6413,219.156,-9.99,0.164,,,-9.99,,,,
20089004,1996.160788,31.633,64.2,,159,,157.8363,18.8321,4.875,36.637,218.611,-9.99,0.132,,,-9.99,,,,
20089004,1996.160788,31.633,64.2,,161,,159.8209,18.8323,4.8753,36.6386,218.299,-9.99,0.136,,,-9.99,,,,
20089004,1996.160788,31.633,64.2,,163,,161.8055,18.827,4.8748,36.6388,217.323,-9.99,0.13,,,-9.99,,,,
20089004,1996.160788,31.633,64.2,,165,,163.79,18.8234,4.8745,36.6382,217.013,-9.99,0.124,,,-9.99,,,,
20089004,1996.160788,31.633,64.2,,167,,165.7746,18.8203,4.8742,36.6378,217.161,-9.99,0.128,,,-9.99,,,,
20089004,1996.160788,31.633,64.2,,169,,167.7591,18.8143,4.8736,36.6376,217.447,-9.99,0.124,,,-9.99,,,,
20089004,1996.160788,31.633,64.2,,171,,169.7436,18.8145,4.8736,36.6366,216.866,-9.99,0.121,,,-9.99,,,,
20089004,1996.160788,31.633,64.2,,173,,171.7281,18.7931,4.8709,36.6317,216.359,-9.99,0.12,,,-9.99,,,,
20089004,1996.160788,31.633,64.2,,175,,173.7125,18.7539,4.866,36.6242,214.748,-9.99,0.122,,,-9.99,,,,
20089004,1996.160788,31.633,64.2,,177,,175.6969,18.7377,4.8643,36.6237,213.253,-9.99,0.095,,,-9.99,,,,
20089004,1996.160788,31.633,64.2,,179,,177.6814,18.7484,4.8657,36.6256,213.433,-9.99,0.106,,,-9.99,,,,
20089004,1996.160788,31.633,64.2,,181,,179.6658,18.7398,4.8645,36.6224,213.226,-9.99,0.104,,,-9.99,,,,
20089004,1996.160788,31.633,64.2,,183,,181.6501,18.6852,4.8578,36.6132,212.709,-9.99,0.098,,,-9.99,,,,
20089004,1996.160788,31.633,64.2,,185,,183.6345,18.6543,4.8543,36.6102,211.205,-9.99,0.093,,,-9.99,,,,
20089004,1996.160788,31.633,64.2,,187,,185.6188,18.6466,4.8534,36.6084,209.754,-9.99,0.088,,,-9.99,,,,
20089004,1996.160788,31.633,64.2,,189,,187.6032,18.6113,4.8489,36.6012,208.546,-9.99,0.08,,,-9.99,,,,
20089004,1996.160788,31.633,64.2,,191,,189.5875,18.5874,4.8461,36.5973,207.697,-9.99,0.075,,,-9.99,,,,
20089004,1996.160788,31.633,64.2,,193,,191.5717,18.5806,4.8453,36.5964,207.306,-9.99,0.072,,,-9.99,,,,
20089004,1996.160788,31.633,64.2,,195,,193.556,18.5683,4.8439,36.5942,207.087,-9.99,0.071,,,-9.99,,,,
20089004,1996.160788,31.633,64.2,,197,,195.5402,18.5565,4.8425,36.5925,206.805,-9.99,0.069,,,-9.99,,,,
20089004,1996.160788,31.633,64.2,,199,,197.5245,18.5414,4.8408,36.59,206.793,-9.99,0.068,,,-9.99,,,,
20089004,1996.160788,31.633,64.2,,201,,199.5087,18.5304,4.8395,36.5886,206.899,-9.99,0.066,,,-9.99,,,,
20089004,1996.160788,31.633,64.2,,203,,201.4929,18.5213,4.8385,36.5869,206.758,-9.99,0.06,,,-9.99,,,,
20089004,1996.160788,31.633,64.2,,205,,203.477,18.5115,4.8373,36.5849,206.054,-9.99,0.063,,,-9.99,,,,
20089004,1996.160788,31.633,64.2,,207,,205.4612,18.4973,4.8356,36.5821,206.031,-9.99,0.061,,,-9.99,,,,
20089004,1996.160788,31.633,64.2,,209,,207.4453,18.4873,4.8345,36.5811,206.389,-9.99,0.06,,,-9.99,,,,
20089004,1996.160788,31.633,64.2,,211,,209.4294,18.4813,4.8339,36.5805,206.257,-9.99,0.062,,,-9.99,,,,
20089004,1996.160788,31.633,64.2,,213,,211.4135,18.4826,4.8342,36.5816,206.166,-9.99,0.064,,,-9.99,,,,
20089004,1996.160788,31.633,64.2,,215,,213.3976,18.4836,4.8345,36.5822,206.131,-9.99,0.064,,,-9.99,,,,
20089004,1996.160788,31.633,64.2,,217,,215.3816,18.4831,4.8346,36.5825,206.299,-9.99,0.065,,,-9.99,,,,
20089004,1996.160788,31.633,64.2,,219,,217.3657,18.4805,4.8344,36.5823,206.481,-9.99,0.066,,,-9.99,,,,
20089004,1996.160788,31.633,64.2,,221,,219.3497,18.4777,4.8341,36.5819,206.647,-9.99,0.065,,,-9.99,,,,
20089004,1996.160788,31.633,64.2,,223,,221.3337,18.4712,4.8334,36.5808,206.908,-9.99,0.067,,,-9.99,,,,
20089004,1996.160788,31.633,64.2,,225,,223.3176,18.4607,4.8322,36.5791,207.068,-9.99,0.068,,,-9.99,,,,
20089004,1996.160788,31.633,64.2,,227,,225.3016,18.4486,4.8308,36.5773,207.101,-9.99,0.065,,,-9.99,,,,
20089004,1996.160788,31.633,64.2,,229,,227.2855,18.4361,4.8294,36.576,206.899,-9.99,0.058,,,-9.99,,,,
20089004,1996.160788,31.633,64.2,,231,,229.2695,18.4376,4.8298,36.5765,206.742,-9.99,0.054,,,-9.99,,,,
20089004,1996.160788,31.633,64.2,,233,,231.2534,18.4355,4.8296,36.5761,206.282,-9.99,0.06,,,-9.99,,,,
20089004,1996.160788,31.633,64.2,,235,,233.2372,18.4244,4.8283,36.5744,206.5,-9.99,0.066,,,-9.99,,,,
20089004,1996.160788,31.633,64.2,,237,,235.2211,18.4081,4.8264,36.5721,206.762,-9.99,0.073,,,-9.99,,,,
20089004,1996.160788,31.633,64.2,,239,,237.2049,18.4031,4.8258,36.5709,206.288,-9.99,0.069,,,-9.99,,,,
20089004,1996.160788,31.633,64.2,,241,,239.1888,18.3887,4.8241,36.5681,205.51,-9.99,0.058,,,-9.99,,,,
20089004,1996.160788,31.633,64.2,,243,,241.1726,18.3725,4.8222,36.5655,205.449,-9.99,0.05,,,-9.99,,,,
20089004,1996.160788,31.633,64.2,,245,,243.1563,18.362,4.821,36.5637,205.379,-9.99,0.046,,,-9.99,,,,
20089004,1996.160788,31.633,64.2,,247,,245.1401,18.3461,4.8191,36.5608,205.067,-9.99,0.045,,,-9.99,,,,
20089004,1996.160788,31.633,64.2,,249,,247.1239,18.3409,4.8185,36.5599,204.631,-9.99,0.045,,,-9.99,,,,
20089004,1996.160788,31.633,64.2,,251,,249.1076,18.3354,4.8179,36.5587,204.396,-9.99,0.042,,,-9.99,,,,
20089004,1996.160788,31.633,64.2,,253,,251.0913,18.3256,4.8167,36.5564,204.641,-9.99,0.042,,,-9.99,,,,
20089004,1996.160788,31.633,64.2,,255,,253.075,18.2989,4.8133,36.5507,204.776,-9.99,0.041,,,-9.99,,,,
20089004,1996.160788,31.633,64.2,,257,,255.0586,18.2789,4.8109,36.5471,204.397,-9.99,0.047,,,-9.99,,,,
20089004,1996.160788,31.633,64.2,,259,,257.0423,18.2658,4.8094,36.5451,204.623,-9.99,0.043,,,-9.99,,,,
20089004,1996.160788,31.633,64.2,,261,,259.0259,18.2552,4.8083,36.5441,203.668,-9.99,0.035,,,-9.99,,,,
20089004,1996.160788,31.633,64.2,,263,,261.0095,18.2451,4.8071,36.5428,203.424,-9.99,0.038,,,-9.99,,,,
20089004,1996.160788,31.633,64.2,,265,,262.9931,18.2397,4.8065,36.5417,204.349,-9.99,0.039,,,-9.99,,,,
20089004,1996.160788,31.633,64.2,,267,,264.9767,18.2361,4.8062,36.5416,204.867,-9.99,0.032,,,-9.99,,,,
20089004,1996.160788,31.633,64.2,,269,,266.9603,18.2335,4.8061,36.5416,203.564,-9.99,0.039,,,-9.99,,,,
20089004,1996.160788,31.633,64.2,,271,,268.9438,18.2323,4.806,36.5416,203.295,-9.99,0.041,,,-9.99,,,,
20089004,1996.160788,31.633,64.2,,273,,270.9273,18.2288,4.8057,36.5413,203.545,-9.99,0.033,,,-9.99,,,,
20089004,1996.160788,31.633,64.2,,275,,272.9108,18.2236,4.8052,36.5408,203.87,-9.99,0.047,,,-9.99,,,,
20089004,1996.160788,31.633,64.2,,277,,274.8943,18.2197,4.8048,36.5402,203.634,-9.99,0.044,,,-9.99,,,,
20089004,1996.160788,31.633,64.2,,279,,276.8777,18.2166,4.8045,36.5396,203.46,-9.99,0.041,,,-9.99,,,,
20089004,1996.160788,31.633,64.2,,281,,278.8612,18.2145,4.8043,36.5391,202.982,-9.99,0.036,,,-9.99,,,,
20089004,1996.160788,31.633,64.2,,283,,280.8446,18.2116,4.8039,36.5377,203.024,-9.99,0.03,,,-9.99,,,,
20089004,1996.160788,31.633,64.2,,285,,282.828,18.1937,4.8018,36.5342,203.762,-9.99,0.035,,,-9.99,,,,
20089004,1996.160788,31.633,64.2,,287,,284.8114,18.1901,4.8015,36.5344,203.78,-9.99,0.034,,,-9.99,,,,
20089004,1996.160788,31.633,64.2,,289,,286.7947,18.187,4.8012,36.5337,203.658,-9.99,0.03,,,-9.99,,,,
20089004,1996.160788,31.633,64.2,,291,,288.7781,18.1764,4.7999,36.5312,203.716,-9.99,0.03,,,-9.99,,,,
20089004,1996.160788,31.633,64.2,,293,,290.7614,18.1625,4.7981,36.5276,203.572,-9.99,0.028,,,-9.99,,,,
20089004,1996.160788,31.633,64.2,,295,,292.7447,18.1574,4.7976,36.5269,203.842,-9.99,0.036,,,-9.99,,,,
20089004,1996.160788,31.633,64.2,,297,,294.728,18.1554,4.7975,36.5277,203.861,-9.99,0.039,,,-9.99,,,,
20089004,1996.160788,31.633,64.2,,299,,296.7113,18.1587,4.7982,36.5299,203.881,-9.99,0.04,,,-9.99,,,,
20089004,1996.160788,31.633,64.2,,301,,298.6945,18.1579,4.7983,36.5308,203.944,-9.99,0.037,,,-9.99,,,,
20089004,1996.160788,31.633,64.2,,303,,300.6777,18.156,4.7983,36.5315,204.17,-9.99,0.034,,,-9.99,,,,
20089004,1996.160788,31.633,64.2,,305,,302.661,18.1522,4.798,36.5311,204.193,-9.99,0.03,,,-9.99,,,,
20089004,1996.160788,31.633,64.2,,307,,304.6441,18.1395,4.7962,36.5269,204.017,-9.99,0.025,,,-9.99,,,,
20089004,1996.160788,31.633,64.2,,309,,306.6273,18.1149,4.793,36.5202,204.076,-9.99,0.025,,,-9.99,,,,
20089004,1996.160788,31.633,64.2,,311,,308.6105,18.1025,4.7915,36.5174,204.205,-9.99,0.029,,,-9.99,,,,
20089004,1996.160788,31.633,64.2,,313,,310.5936,18.099,4.7911,36.5167,204.765,-9.99,0.036,,,-9.99,,,,
20089004,1996.160788,31.633,64.2,,315,,312.5767,18.09,4.79,36.5143,204.891,-9.99,0.033,,,-9.99,,,,
20089004,1996.160788,31.633,64.2,,317,,314.5598,18.073,4.7878,36.5102,205.072,-9.99,0.037,,,-9.99,,,,
20089004,1996.160788,31.633,64.2,,319,,316.5429,18.0646,4.7868,36.5084,204.673,-9.99,0.033,,,-9.99,,,,
20089004,1996.160788,31.633,64.2,,321,,318.5259,18.0577,4.7861,36.5073,204.274,-9.99,0.034,,,-9.99,,,,
20089004,1996.160788,31.633,64.2,,323,,320.509,18.0489,4.7851,36.5065,204.35,-9.99,0.03,,,-9.99,,,,
20089004,1996.160788,31.633,64.2,,325,,322.492,18.0426,4.7845,36.5063,204.537,-9.99,0.031,,,-9.99,,,,
20089004,1996.160788,31.633,64.2,,327,,324.475,18.0438,4.7848,36.5066,204.145,-9.99,0.03,,,-9.99,,,,
20089004,1996.160788,31.633,64.2,,329,,326.458,18.0426,4.7847,36.5064,203.872,-9.99,0.029,,,-9.99,,,,
20089004,1996.160788,31.633,64.2,,331,,328.4409,18.0375,4.7841,36.5051,203.94,-9.99,0.031,,,-9.99,,,,
20089004,1996.160788,31.633,64.2,,333,,330.4239,18.0212,4.7822,36.5018,204.216,-9.99,0.032,,,-9.99,,,,
20089004,1996.160788,31.633,64.2,,335,,332.4068,18.0137,4.7813,36.5008,203.917,-9.99,0.031,,,-9.99,,,,
20089004,1996.160788,31.633,64.2,,337,,334.3897,18.0077,4.7807,36.4999,203.721,-9.99,0.032,,,-9.99,,,,
20089004,1996.160788,31.633,64.2,,339,,336.3726,18.0011,4.78,36.499,203.675,-9.99,0.032,,,-9.99,,,,
20089004,1996.160788,31.633,64.2,,341,,338.3555,17.9948,4.7792,36.4971,204.342,-9.99,0.035,,,-9.99,,,,
20089004,1996.160788,31.633,64.2,,343,,340.3383,17.9821,4.7776,36.4938,204.571,-9.99,0.034,,,-9.99,,,,
20089004,1996.160788,31.633,64.2,,345,,342.3211,17.9731,4.7765,36.4915,204.704,-9.99,0.034,,,-9.99,,,,
20089004,1996.160788,31.633,64.2,,347,,344.304,17.9623,4.7751,36.4887,204.889,-9.99,0.033,,,-9.99,,,,
20089004,1996.160788,31.633,64.2,,349,,346.2867,17.9545,4.7742,36.4871,204.637,-9.99,0.033,,,-9.99,,,,
20089004,1996.160788,31.633,64.2,,351,,348.2695,17.9482,4.7735,36.4862,204.274,-9.99,0.036,,,-9.99,,,,
20089004,1996.160788,31.633,64.2,,353,,350.2523,17.9466,4.7734,36.4859,204.239,-9.99,0.034,,,-9.99,,,,
20089004,1996.160788,31.633,64.2,,355,,352.235,17.9445,4.7733,36.4855,204.678,-9.99,0.033,,,-9.99,,,,
20089004,1996.160788,31.633,64.2,,357,,354.2177,17.9246,4.7707,36.4804,203.814,-9.99,0.023,,,-9.99,,,,
20089004,1996.160788,31.633,64.2,,359,,356.2004,17.8901,4.7668,36.4773,203.122,-9.99,0.031,,,-9.99,,,,
20089004,1996.160788,31.633,64.2,,361,,358.1831,17.89,4.7669,36.4775,202.867,-9.99,0.029,,,-9.99,,,,
20089004,1996.160788,31.633,64.2,,363,,360.1657,17.8866,4.7666,36.4768,202.77,-9.99,0.03,,,-9.99,,,,
20089004,1996.160788,31.633,64.2,,365,,362.1484,17.8779,4.7657,36.4758,202.271,-9.99,0.034,,,-9.99,,,,
20089004,1996.160788,31.633,64.2,,367,,364.131,17.8745,4.7653,36.4752,202.505,-9.99,0.035,,,-9.99,,,,
20089004,1996.160788,31.633,64.2,,369,,366.1136,17.8718,4.7651,36.4746,202.893,-9.99,0.029,,,-9.99,,,,
20089004,1996.160788,31.633,64.2,,371,,368.0962,17.8719,4.7652,36.4751,201.491,-9.99,0.023,,,-9.99,,,,
20089004,1996.160788,31.633,64.2,,373,,370.0787,17.8733,4.7656,36.4762,201.598,-9.99,0.035,,,-9.99,,,,
20089004,1996.160788,31.633,64.2,,375,,372.0613,17.8727,4.7656,36.4764,201.862,-9.99,0.036,,,-9.99,,,,
20089004,1996.160788,31.633,64.2,,377,,374.0438,17.8618,4.7644,36.4751,202.133,-9.99,0.032,,,-9.99,,,,
20089004,1996.160788,31.633,64.2,,379,,376.0263,17.8536,4.7637,36.475,200.999,-9.99,0.026,,,-9.99,,,,
20089004,1996.160788,31.633,64.2,,381,,378.0088,17.8449,4.7628,36.4749,200.424,-9.99,0.021,,,-9.99,,,,
20089004,1996.160788,31.633,64.2,,383,,379.9912,17.8356,4.7619,36.4744,199.935,-9.99,0.03,,,-9.99,,,,
20089004,1996.160788,31.633,64.2,,385,,381.9737,17.8162,4.7596,36.4716,199.156,-9.99,0.032,,,-9.99,,,,
20089004,1996.160788,31.633,64.2,,387,,383.9561,17.8001,4.7578,36.4693,198.464,-9.99,0.029,,,-9.99,,,,
20089004,1996.160788,31.633,64.2,,389,,385.9385,17.7866,4.7563,36.4679,197.778,-9.99,0.022,,,-9.99,,,,
20089004,1996.160788,31.633,64.2,,391,,387.9209,17.7835,4.7561,36.4681,197.281,-9.99,0.022,,,-9.99,,,,
20089004,1996.160788,31.633,64.2,,393,,389.9033,17.7786,4.7556,36.4676,196.981,-9.99,0.027,,,-9.99,,,,
20089004,1996.160788,31.633,64.2,,395,,391.8856,17.7591,4.7531,36.4627,197.058,-9.99,0.036,,,-9.99,,,,
20089004,1996.160788,31.633,64.2,,397,,393.868,17.7333,4.7499,36.4573,196.92,-9.99,0.044,,,-9.99,,,,
20089004,1996.160788,31.633,64.2,,399,,395.8503,17.6976,4.7456,36.4515,196.764,-9.99,0.044,,,-9.99,,,,
20089004,1996.160788,31.633,64.2,,401,,397.8326,17.6682,4.742,36.4454,195.895,-9.99,0.037,,,-9.99,,,,
20089004,1996.160788,31.633,64.2,,403,,399.8149,17.651,4.7399,36.4424,195.351,-9.99,0.033,,,-9.99,,,,
20089004,1996.160788,31.633,64.2,,405,,401.7971,17.625,4.7368,36.4379,194.89,-9.99,0.023,,,-9.99,,,,
20089004,1996.160788,31.633,64.2,,407,,403.7793,17.5954,4.7333,36.4332,194.045,-9.99,0.022,,,-9.99,,,,
20089004,1996.160788,31.633,64.2,,409,,405.7616,17.5744,4.7308,36.4301,193.408,-9.99,0.026,,,-9.99,,,,
20089004,1996.160788,31.633,64.2,,411,,407.7438,17.565,4.7298,36.4287,193.82,-9.99,0.032,,,-9.99,,,,
20089004,1996.160788,31.633,64.2,,413,,409.7259,17.5566,4.7288,36.4273,193.68,-9.99,0.035,,,-9.99,,,,
20089004,1996.160788,31.633,64.2,,415,,411.7081,17.5469,4.7278,36.4258,193.205,-9.99,0.034,,,-9.99,,,,
20089004,1996.160788,31.633,64.2,,417,,413.6902,17.5347,4.7264,36.4239,193.265,-9.99,0.027,,,-9.99,,,,
20089004,1996.160788,31.633,64.2,,419,,415.6724,17.5302,4.7259,36.4234,192.835,-9.99,0.038,,,-9.99,,,,
20089004,1996.160788,31.633,64.2,,421,,417.6545,17.5293,4.7259,36.4233,192.527,-9.99,0.035,,,-9.99,,,,
20089004,1996.160788,31.633,64.2,,423,,419.6366,17.5282,4.7259,36.4231,192.373,-9.99,0.034,,,-9.99,,,,
20089004,1996.160788,31.633,64.2,,425,,421.6186,17.5269,4.7258,36.4229,192.511,-9.99,0.04,,,-9.99,,,,
20089004,1996.160788,31.633,64.2,,427,,423.6007,17.5138,4.7242,36.4203,192.934,-9.99,0.038,,,-9.99,,,,
20089004,1996.160788,31.633,64.2,,429,,425.5827,17.4916,4.7216,36.4165,193.062,-9.99,0.032,,,-9.99,,,,
20089004,1996.160788,31.633,64.2,,431,,427.5647,17.4819,4.7205,36.415,192.549,-9.99,0.031,,,-9.99,,,,
20089004,1996.160788,31.633,64.2,,433,,429.5467,17.4801,4.7204,36.4147,192.273,-9.99,0.031,,,-9.99,,,,
20089004,1996.160788,31.633,64.2,,435,,431.5287,17.4795,4.7204,36.4146,192.058,-9.99,0.032,,,-9.99,,,,
20089004,1996.160788,31.633,64.2,,437,,433.5106,17.4693,4.7192,36.4126,191.948,-9.99,0.031,,,-9.99,,,,
20089004,1996.160788,31.633,64.2,,439,,435.4925,17.4494,4.7168,36.409,191.696,-9.99,0.03,,,-9.99,,,,
20089004,1996.160788,31.633,64.2,,441,,437.4745,17.409,4.7119,36.402,191.204,-9.99,0.026,,,-9.99,,,,
20089004,1996.160788,31.633,64.2,,443,,439.4564,17.4015,4.7111,36.4008,190.912,-9.99,0.031,,,-9.99,,,,
20089004,1996.160788,31.633,64.2,,445,,441.4382,17.3874,4.7094,36.3984,191.065,-9.99,0.034,,,-9.99,,,,
20089004,1996.160788,31.633,64.2,,447,,443.4201,17.3758,4.7081,36.3965,190.892,-9.99,0.032,,,-9.99,,,,
20089004,1996.160788,31.633,64.2,,449,,445.4019,17.3653,4.7069,36.3947,190.518,-9.99,0.031,,,-9.99,,,,
20089004,1996.160788,31.633,64.2,,451,,447.3837,17.3574,4.706,36.3934,190.373,-9.99,0.031,,,-9.99,,,,
20089004,1996.160788,31.633,64.2,,453,,449.3655,17.3498,4.7052,36.392,190.325,-9.99,0.029,,,-9.99,,,,
20089004,1996.160788,31.633,64.2,,455,,451.3473,17.3345,4.7033,36.3887,190.234,-9.99,0.024,,,-9.99,,,,
20089004,1996.160788,31.633,64.2,,457,,453.3291,17.2909,4.6978,36.3797,189.655,-9.99,0.027,,,-9.99,,,,
20089004,1996.160788,31.633,64.2,,459,,455.3108,17.2285,4.6901,36.3678,188.741,-9.99,0.033,,,-9.99,,,,
20089004,1996.160788,31.633,64.2,,461,,457.2925,17.1621,4.6822,36.3577,187.531,-9.99,0.04,,,-9.99,,,,
20089004,1996.160788,31.633,64.2,,463,,459.2742,17.1177,4.6769,36.3507,187.322,-9.99,0.033,,,-9.99,,,,
20089004,1996.160788,31.633,64.2,,465,,461.2559,17.0731,4.6717,36.3442,186.425,-9.99,0.034,,,-9.99,,,,
20089004,1996.160788,31.633,64.2,,467,,463.2376,17.0419,4.6679,36.339,186.136,-9.99,0.034,,,-9.99,,,,
20089004,1996.160788,31.633,64.2,,469,,465.2192,16.9892,4.6615,36.3292,185.816,-9.99,0.037,,,-9.99,,,,
20089004,1996.160788,31.633,64.2,,471,,467.2009,16.9406,4.6556,36.3208,184.966,-9.99,0.033,,,-9.99,,,,
20089004,1996.160788,31.633,64.2,,473,,469.1825,16.9172,4.6529,36.3172,184.589,-9.99,0.035,,,-9.99,,,,
20089004,1996.160788,31.633,64.2,,475,,471.1641,16.8831,4.6489,36.3123,184.423,-9.99,0.03,,,-9.99,,,,
20089004,1996.160788,31.633,64.2,,477,,473.1456,16.8723,4.6477,36.3108,184.654,-9.99,0.03,,,-9.99,,,,
20089004,1996.160788,31.633,64.2,,479,,475.1272,16.8651,4.647,36.3099,184.697,-9.99,0.033,,,-9.99,,,,
20089004,1996.160788,31.633,64.2,,481,,477.1087,16.8606,4.6465,36.3093,184.735,-9.99,0.033,,,-9.99,,,,
20089004,1996.160788,31.633,64.2,,483,,479.0902,16.8554,4.646,36.3089,184.53,-9.99,0.03,,,-9.99,,,,
20089004,1996.160788,31.633,64.2,,485,,481.0717,16.8557,4.6461,36.3085,184.599,-9.99,0.032,,,-9.99,,,,
20089004,1996.160788,31.633,64.2,,487,,483.0532,16.8436,4.6447,36.306,184.346,-9.99,0.035,,,-9.99,,,,
20089004,1996.160788,31.633,64.2,,489,,485.0347,16.809,4.6405,36.2999,183.903,-9.99,0.033,,,-9.99,,,,
20089004,1996.160788,31.633,64.2,,491,,487.0161,16.7943,4.6388,36.2974,184.078,-9.99,0.033,,,-9.99,,,,
20089004,1996.160788,31.633,64.2,,493,,488.9975,16.7833,4.6376,36.2958,184.085,-9.99,0.035,,,-9.99,,,,
20089004,1996.160788,31.633,64.2,,495,,490.9789,16.7732,4.6365,36.2949,183.886,-9.99,0.032,,,-9.99,,,,
20089004,1996.160788,31.633,64.2,,497,,492.9603,16.7613,4.6352,36.2932,183.714,-9.99,0.023,,,-9.99,,,,
20089004,1996.160788,31.633,64.2,,499,,494.9417,16.6974,4.6272,36.2793,183.081,-9.99,0.026,,,-9.99,,,,
20089004,1996.160788,31.633,64.2,,501,,496.923,16.6542,4.6218,36.27,183.995,-9.99,0.02,,,-9.99,,,,
20089004,1996.160788,31.633,64.2,,503,,498.9043,16.597,4.6151,36.2619,184.071,-9.99,0.022,,,-9.99,,,,
20089004,1996.160788,31.633,64.2,,505,,500.8856,16.5608,4.6106,36.2543,183.169,-9.99,0.027,,,-9.99,,,,
