20018001,1990.251088,32.133,64.677,,,,4,,,,3.9721,20.279,5.0334,36.743,,-9.99,-9.99,0.153,,,52.73
20018001,1990.251088,32.133,64.677,,,,6,,,,5.9581,20.268,5.0326,36.745,,-9.99,-9.99,0.146,,,42.53
20018001,1990.251088,32.133,64.677,,,,8,,,,7.944,20.204,5.0257,36.744,,-9.99,-9.99,0.141,,,36.51
20018001,1990.251088,32.133,64.677,,,10,,,,9.93,20.049,5.0083,36.735,,-9.99,-9.99,0.171,,,30.86,
20018001,1990.251088,32.133,64.677,,,12,,,11.9159,19.977,4.9993,36.723,,-9.99,-9.99,0.176,,,27.9,,
20018001,1990.251088,32.133,64.677,,,14,,,13.9019,19.935,4.9945,36.719,,-9.99,-9.99,0.186,,,25.87,,
20018001,1990.251088,32.133,64.677,,,16,,,15.8878,19.897,4.9899,36.714,,-9.99,-9.99,0.197,,,23.31,,
20018001,1990.251088,32.133,64.677,,,18,,,17.8736,19.854,4.9849,36.709,,-9.99,-9.99,0.209,,,21.26,,
20018001,1990.251088,32.133,64.677,,,20,,,19.8595,19.815,4.9805,36.706,,-9.99,-9.99,0.232,,,19.78,,
20018001,1990.251088,32.133,64.677,,,22,,,21.8453,19.727,4.9701,36.696,,-9.99,-9.99,0.234,,,18.06,,
20018001,1990.251088,32.133,64.677,,,24,,,23.8312,19.592,4.954,36.68,,-9.99,-9.99,0.255,,,16.87,,
20018001,1990.251088,32.133,64.677,,,26,,,25.817,19.518,4.9453,36.672,,-9.99,-9.99,0.275,,,15.42,,
20018001,1990.251088,32.133,64.677,,,28,,,27.8028,19.479,4.9407,36.667,,-9.99,-9.99,0.285,,,13.95,,
20018001,1990.251088,32.133,64.677,,,30,,,29.7885,19.468,4.9394,36.665,,-9.99,-9.99,0.311,,,12.45,,
20018001,1990.251088,32.133,64.677,,,32,,,31.7743,19.431,4.9353,36.663,,-9.99,-9.99,0.337,,,11.55,,
20018001,1990.251088,32.133,64.677,,,34,,,33.76,19.421,4.934,36.66,,-9.99,-9.99,0.405,,,10.54,,
20018001,1990.251088,32.133,64.677,,,36,,,35.7457,19.415,4.9333,36.659,,-9.99,-9.99,0.396,,,,9.6,
20018001,1990.251088,32.133,64.677,,,38,,,37.7314,19.405,4.9321,36.657,,-9.99,-9.99,0.381,,,,8.72,
20018001,1990.251088,32.133,64.677,,,40,,,39.7171,19.393,4.9307,36.655,,-9.99,-9.99,0.475,,,,7.87,
20018001,1990.251088,32.133,64.677,,,42,,,41.7027,19.383,4.9296,36.654,,-9.99,-9.99,0.428,,,,7.13,
20018001,1990.251088,32.133,64.677,,,44,,,43.6883,19.374,4.9286,36.653,,-9.99,-9.99,0.461,,,,6.42,
20018001,1990.251088,32.133,64.677,,,46,,,45.674,19.364,4.9276,36.652,,-9.99,-9.99,0.461,,,,5.82,
20018001,1990.251088,32.133,64.677,,,48,,,47.6596,19.356,4.9268,36.652,,-9.99,-9.99,0.468,,,,5.26,
20018001,1990.251088,32.133,64.677,,,50,,,49.6451,19.345,4.9257,36.652,,-9.99,-9.99,0.485,,,,4.67,
20018001,1990.251088,32.133,64.677,,,52,,,51.6307,19.337,4.925,36.652,,-9.99,-9.99,0.488,,,,4.25,
20018001,1990.251088,32.133,64.677,,,54,,,53.6162,19.343,4.9262,36.656,,-9.99,-9.99,0.486,,,,3.89,
20018001,1990.251088,32.133,64.677,,,56,,,55.6017,19.347,4.9271,36.659,,-9.99,-9.99,0.479,,,,3.43,
20018001,1990.251088,32.133,64.677,,,58,,,57.5872,19.351,4.9281,36.663,,-9.99,-9.99,0.471,,,,3.09,
20018001,1990.251088,32.133,64.677,,,60,,,59.5727,19.348,4.9279,36.664,,-9.99,-9.99,0.479,,,,2.79,
20018001,1990.251088,32.133,64.677,,,62,,,61.5582,19.343,4.9275,36.664,,-9.99,-9.99,0.484,,,,2.49,
20018001,1990.251088,32.133,64.677,,,64,,,63.5436,19.339,4.9272,36.664,,-9.99,-9.99,0.483,,,,2.26,
20018001,1990.251088,32.133,64.677,,,66,,,65.529,19.34,4.9275,36.665,,-9.99,-9.99,0.501,,,,2.03,
20018001,1990.251088,32.133,64.677,,,68,,,67.5144,19.34,4.9277,36.666,,-9.99,-9.99,0.49,,,,1.82,
20018001,1990.251088,32.133,64.677,,,70,,,69.4998,19.333,4.9269,36.665,,-9.99,-9.99,0.489,,,,1.65,
20018001,1990.251088,32.133,64.677,,,72,,,71.4852,19.326,4.9262,36.664,,-9.99,-9.99,0.485,,,,1.49,
20018001,1990.251088,32.133,64.677,,,74,,,73.4705,19.323,4.9259,36.664,,-9.99,-9.99,0.477,,,,1.34,
20018001,1990.251088,32.133,64.677,,,76,,,75.4558,19.321,4.9258,36.664,,-9.99,-9.99,0.47,,,,1.21,
20018001,1990.251088,32.133,64.677,,,78,,,77.4411,19.316,4.9253,36.663,,-9.99,-9.99,0.462,,,,1.12,
20018001,1990.251088,32.133,64.677,,,80,,,79.4264,19.31,4.9245,36.661,,-9.99,-9.99,0.488,,,,0.98,
20018001,1990.251088,32.133,64.677,,,82,,,81.4117,19.283,4.9214,36.658,,-9.99,-9.99,0.571,,,,0.89,
20018001,1990.251088,32.133,64.677,,,84,,,83.3969,19.223,4.9141,36.649,,-9.99,-9.99,0.771,,,,0.78,
20018001,1990.251088,32.133,64.677,,,86,,,85.3822,19.114,4.901,36.635,,-9.99,-9.99,0.909,,,,0.69,
20018001,1990.251088,32.133,64.677,,,88,,,87.3674,19.05,4.8935,36.627,,-9.99,-9.99,1.054,,,,0.6,
20018001,1990.251088,32.133,64.677,,,90,,,89.3526,18.999,4.8875,36.621,,-9.99,-9.99,1.121,,,,0.52,
20018001,1990.251088,32.133,64.677,,,92,,,91.3377,18.93,4.8791,36.611,,-9.99,-9.99,1.153,,,,0.45,
20018001,1990.251088,32.133,64.677,,,94,,,93.3229,18.907,4.8765,36.608,,-9.99,-9.99,1.169,,,,0.38,
20018001,1990.251088,32.133,64.677,,,96,,,95.308,18.891,4.8746,36.606,,-9.99,-9.99,1.126,,,,0.33,
20018001,1990.251088,32.133,64.677,,,98,,,97.2931,18.883,4.8739,36.606,,-9.99,-9.99,1.079,,,,0.3,
20018001,1990.251088,32.133,64.677,,100,,,99.2782,18.881,4.8738,36.606,,-9.99,-9.99,1.012,,,,0.28,,
20018001,1990.251088,32.133,64.677,,102,,101.2633,18.858,4.8711,36.603,,-9.99,-9.99,0.82,,,,0.27,,,
20018001,1990.251088,32.133,64.677,,104,,103.2483,18.846,4.8698,36.602,,-9.99,-9.99,0.761,,,,0.27,,,
20018001,1990.251088,32.133,64.677,,106,,105.2334,18.829,4.8678,36.599,,-9.99,-9.99,0.631,,,,0.26,,,
20018001,1990.251088,32.133,64.677,,108,,107.2184,18.824,4.8673,36.599,,-9.99,-9.99,0.615,,,,0.26,,,
20018001,1990.251088,32.133,64.677,,110,,109.2034,18.821,4.8671,36.599,,-9.99,-9.99,0.589,,,,0.26,,,
20018001,1990.251088,32.133,64.677,,112,,111.1884,18.819,4.8671,36.6,,-9.99,-9.99,0.551,,,,0.25,,,
20018001,1990.251088,32.133,64.677,,114,,113.1733,18.818,4.8672,36.601,,-9.99,-9.99,0.517,,,,0.25,,,
20018001,1990.251088,32.133,64.677,,116,,115.1583,18.814,4.8669,36.601,,-9.99,-9.99,0.486,,,,0.25,,,
20018001,1990.251088,32.133,64.677,,118,,117.1432,18.795,4.8645,36.597,,-9.99,-9.99,0.477,,,,0.25,,,
20018001,1990.251088,32.133,64.677,,120,,119.1281,18.781,4.8628,36.594,,-9.99,-9.99,0.477,,,,0.25,,,
20018001,1990.251088,32.133,64.677,,122,,121.113,18.76,4.8603,36.591,,-9.99,-9.99,0.438,,,,0.25,,,
20018001,1990.251088,32.133,64.677,,124,,123.0978,18.749,4.8591,36.59,,-9.99,-9.99,0.374,,,,0.24,,,
20018001,1990.251088,32.133,64.677,,126,,125.0827,18.745,4.8589,36.591,,-9.99,-9.99,0.321,,,,0.24,,,
20018001,1990.251088,32.133,64.677,,128,,127.0675,18.744,4.859,36.592,,-9.99,-9.99,0.272,,,,0.24,,,
20018001,1990.251088,32.133,64.677,,130,,129.0523,18.738,4.8584,36.591,,-9.99,-9.99,0.252,,,,0.24,,,
20018001,1990.251088,32.133,64.677,,132,,131.0371,18.735,4.8581,36.591,,-9.99,-9.99,0.236,,,,0.24,,,
20018001,1990.251088,32.133,64.677,,134,,133.0219,18.723,4.8568,36.59,,-9.99,-9.99,0.217,,,,0.24,,,
20018001,1990.251088,32.133,64.677,,136,,135.0066,18.722,4.8568,36.59,,-9.99,-9.99,0.193,,,,0.24,,,
20018001,1990.251088,32.133,64.677,,138,,136.9913,18.72,4.8568,36.591,,-9.99,-9.99,0.185,,,,0.24,,,
20018001,1990.251088,32.133,64.677,,140,,138.976,18.713,4.8561,36.59,,-9.99,-9.99,0.178,,,,0.24,,,
20018001,1990.251088,32.133,64.677,,142,,140.9607,18.699,4.8543,36.587,,-9.99,-9.99,0.166,,,,0.24,,,
20018001,1990.251088,32.133,64.677,,144,,142.9454,18.691,4.8536,36.587,,-9.99,-9.99,0.147,,,,0.23,,,
20018001,1990.251088,32.133,64.677,,146,,144.93,18.685,4.8529,36.586,,-9.99,-9.99,0.124,,,,0.23,,,
20018001,1990.251088,32.133,64.677,,148,,146.9147,18.679,4.8523,36.585,,-9.99,-9.99,0.116,,,,0.23,,,
20018001,1990.251088,32.133,64.677,,150,,148.8993,18.678,4.8523,36.585,,-9.99,-9.99,0.112,,,,0.23,,,
20018001,1990.251088,32.133,64.677,,152,,150.8839,18.671,4.8516,36.585,,-9.99,-9.99,0.098,,,,0.23,,,
20018001,1990.251088,32.133,64.677,,154,,152.8685,18.663,4.8508,36.584,,-9.99,-9.99,0.09,,,,0.23,,,
20018001,1990.251088,32.133,64.677,,156,,154.853,18.662,4.8507,36.584,,-9.99,-9.99,0.081,,,,0.23,,,
20018001,1990.251088,32.133,64.677,,158,,156.8376,18.656,4.8501,36.583,,-9.99,-9.99,0.07,,,,0.23,,,
20018001,1990.251088,32.133,64.677,,160,,158.8221,18.651,4.8496,36.583,,-9.99,-9.99,0.067,,,,0.21,,,
20018001,1990.251088,32.133,64.677,,162,,160.8066,18.652,4.85,36.584,,-9.99,-9.99,0.065,,,,0.2,,,
20018001,1990.251088,32.133,64.677,,164,,162.791,18.65,4.8498,36.584,,-9.99,-9.99,0.069,,,,0.21,,,
20018001,1990.251088,32.133,64.677,,166,,164.7755,18.647,4.8496,36.584,,-9.99,-9.99,0.064,,,,0.21,,,
20018001,1990.251088,32.133,64.677,,168,,166.7599,18.647,4.8498,36.585,,-9.99,-9.99,0.064,,,,0.21,,,
20018001,1990.251088,32.133,64.677,,170,,168.7444,18.648,4.8501,36.586,,-9.99,-9.99,0.067,,,,0.21,,,
20018001,1990.251088,32.133,64.677,,172,,170.7288,18.653,4.851,36.588,,-9.99,-9.99,0.068,,,,0.2,,,
20018001,1990.251088,32.133,64.677,,174,,172.7131,18.653,4.8512,36.589,,-9.99,-9.99,0.078,,,,0.21,,,
20018001,1990.251088,32.133,64.677,,176,,174.6975,18.652,4.8512,36.589,,-9.99,-9.99,0.086,,,,0.21,,,
20018001,1990.251088,32.133,64.677,,178,,176.6819,18.652,4.8513,36.589,,-9.99,-9.99,0.091,,,,0.21,,,
20018001,1990.251088,32.133,64.677,,180,,178.6662,18.65,4.8512,36.589,,-9.99,-9.99,0.091,,,,0.21,,,
20018001,1990.251088,32.133,64.677,,182,,180.6505,18.647,4.8509,36.589,,-9.99,-9.99,0.091,,,,0.21,,,
20018001,1990.251088,32.133,64.677,,184,,182.6348,18.646,4.8509,36.589,,-9.99,-9.99,0.084,,,,0.21,,,
20018001,1990.251088,32.133,64.677,,186,,184.619,18.642,4.8506,36.589,,-9.99,-9.99,0.071,,,,0.21,,,
20018001,1990.251088,32.133,64.677,,188,,186.6033,18.644,4.851,36.59,,-9.99,-9.99,0.067,,,,0.21,,,
20018001,1990.251088,32.133,64.677,,190,,188.5875,18.649,4.8518,36.592,,-9.99,-9.99,0.06,,,,0.21,,,
20018001,1990.251088,32.133,64.677,,192,,190.5717,18.654,4.8527,36.594,,-9.99,-9.99,0.04,,,,0.21,,,
20018001,1990.251088,32.133,64.677,,194,,192.5559,18.656,4.8531,36.595,,-9.99,-9.99,0.036,,,,0.21,,,
20018001,1990.251088,32.133,64.677,,196,,194.5401,18.654,4.853,36.595,,-9.99,-9.99,0.038,,,,0.21,,,
20018001,1990.251088,32.133,64.677,,198,,196.5242,18.652,4.8529,36.595,,-9.99,-9.99,0.034,,,,0.21,,,
20018001,1990.251088,32.133,64.677,,200,,198.5084,18.643,4.8518,36.593,,-9.99,-9.99,0.03,,,,0.21,,,
20018001,1990.251088,32.133,64.677,,202,,200.4925,18.643,4.852,36.594,,-9.99,-9.99,0.036,,,,0.21,,,
20018001,1990.251088,32.133,64.677,,204,,202.4766,18.645,4.8524,36.595,,-9.99,-9.99,0.035,,,,0.21,,,
20018001,1990.251088,32.133,64.677,,206,,204.4606,18.641,4.852,36.594,,-9.99,-9.99,0.036,,,,0.21,,,
20018001,1990.251088,32.133,64.677,,208,,206.4447,18.63,4.8506,36.591,,-9.99,-9.99,0.038,,,,0.21,,,
20018001,1990.251088,32.133,64.677,,210,,208.4287,18.615,4.8487,36.588,,-9.99,-9.99,0.04,,,,0.21,,,
20018001,1990.251088,32.133,64.677,,212,,210.4128,18.612,4.8485,36.588,,-9.99,-9.99,0.043,,,,0.21,,,
20018001,1990.251088,32.133,64.677,,214,,212.3968,18.625,4.8504,36.592,,-9.99,-9.99,0.036,,,,0.21,,,
20018001,1990.251088,32.133,64.677,,216,,214.3807,18.611,4.8487,36.589,,-9.99,-9.99,0.041,,,,0.21,,,
20018001,1990.251088,32.133,64.677,,218,,216.3647,18.599,4.8473,36.587,,-9.99,-9.99,0.04,,,,0.21,,,
20018001,1990.251088,32.133,64.677,,220,,218.3486,18.6,4.8475,36.587,,-9.99,-9.99,0.042,,,,0.21,,,
20018001,1990.251088,32.133,64.677,,222,,220.3326,18.602,4.8479,36.588,,-9.99,-9.99,0.04,,,,0.21,,,
20018001,1990.251088,32.133,64.677,,224,,222.3165,18.603,4.8482,36.589,,-9.99,-9.99,0.039,,,,0.21,,,
20018001,1990.251088,32.133,64.677,,226,,224.3003,18.603,4.8483,36.589,,-9.99,-9.99,0.042,,,,0.21,,,
20018001,1990.251088,32.133,64.677,,228,,226.2842,18.595,4.8474,36.588,,-9.99,-9.99,0.039,,,,0.21,,,
20018001,1990.251088,32.133,64.677,,230,,228.2681,18.589,4.8468,36.587,,-9.99,-9.99,0.043,,,,0.21,,,
20018001,1990.251088,32.133,64.677,,232,,230.2519,18.583,4.846,36.585,,-9.99,-9.99,0.04,,,,0.21,,,
20018001,1990.251088,32.133,64.677,,234,,232.2357,18.576,4.8452,36.584,,-9.99,-9.99,0.042,,,,0.21,,,
20018001,1990.251088,32.133,64.677,,236,,234.2195,18.568,4.8443,36.582,,-9.99,-9.99,0.049,,,,0.21,,,
20018001,1990.251088,32.133,64.677,,238,,236.2032,18.551,4.8423,36.58,,-9.99,-9.99,0.049,,,,0.21,,,
20018001,1990.251088,32.133,64.677,,240,,238.187,18.544,4.8416,36.579,,-9.99,-9.99,0.035,,,,0.21,,,
20018001,1990.251088,32.133,64.677,,242,,240.1707,18.546,4.842,36.58,,-9.99,-9.99,0.04,,,,0.21,,,
20018001,1990.251088,32.133,64.677,,244,,242.1544,18.55,4.8426,36.581,,-9.99,-9.99,0.05,,,,0.21,,,
20018001,1990.251088,32.133,64.677,,246,,244.1381,18.55,4.8428,36.582,,-9.99,-9.99,0.049,,,,0.21,,,
20018001,1990.251088,32.133,64.677,,248,,246.1218,18.548,4.8427,36.582,,-9.99,-9.99,0.045,,,,0.21,,,
20018001,1990.251088,32.133,64.677,,250,,248.1055,18.541,4.8419,36.581,,-9.99,-9.99,0.04,,,,0.21,,,
20018001,1990.251088,32.133,64.677,,252,,250.0891,18.541,4.8421,36.582,,-9.99,-9.99,0.042,,,,0.21,,,
20018001,1990.251088,32.133,64.677,,254,,252.0727,18.552,4.8437,36.585,,-9.99,-9.99,0.041,,,,0.21,,,
20018001,1990.251088,32.133,64.677,,256,,254.0563,18.558,4.8447,36.587,,-9.99,-9.99,0.04,,,,0.21,,,
20018001,1990.251088,32.133,64.677,,258,,256.0399,18.552,4.844,36.586,,-9.99,-9.99,0.039,,,,0.21,,,
20018001,1990.251088,32.133,64.677,,260,,258.0234,18.552,4.8441,36.586,,-9.99,-9.99,0.037,,,,0.21,,,
20018001,1990.251088,32.133,64.677,,262,,260.007,18.546,4.8436,36.586,,-9.99,-9.99,0.036,,,,0.21,,,
20018001,1990.251088,32.133,64.677,,264,,261.9905,18.533,4.842,36.583,,-9.99,-9.99,0.034,,,,0.21,,,
20018001,1990.251088,32.133,64.677,,266,,263.974,18.523,4.8409,36.582,,-9.99,-9.99,0.033,,,,0.21,,,
20018001,1990.251088,32.133,64.677,,268,,265.9575,18.526,4.8414,36.583,,-9.99,-9.99,0.031,,,,0.21,,,
20018001,1990.251088,32.133,64.677,,270,,267.9409,18.53,4.842,36.584,,-9.99,-9.99,0.03,,,,0.21,,,
20018001,1990.251088,32.133,64.677,,272,,269.9244,18.52,4.8408,36.582,,-9.99,-9.99,0.032,,,,0.21,,,
20018001,1990.251088,32.133,64.677,,274,,271.9078,18.511,4.8399,36.581,,-9.99,-9.99,0.029,,,,0.21,,,
20018001,1990.251088,32.133,64.677,,276,,273.8912,18.535,4.8433,36.588,,-9.99,-9.99,0.03,,,,0.21,,,
20018001,1990.251088,32.133,64.677,,278,,275.8746,18.555,4.846,36.592,,-9.99,-9.99,0.031,,,,0.21,,,
20018001,1990.251088,32.133,64.677,,280,,277.858,18.556,4.8463,36.593,,-9.99,-9.99,0.032,,,,0.21,,,
20018001,1990.251088,32.133,64.677,,282,,279.8413,18.555,4.8462,36.593,,-9.99,-9.99,0.031,,,,0.21,,,
20018001,1990.251088,32.133,64.677,,284,,281.8246,18.552,4.846,36.593,,-9.99,-9.99,0.03,,,,0.21,,,
20018001,1990.251088,32.133,64.677,,286,,283.808,18.536,4.844,36.589,,-9.99,-9.99,0.029,,,,0.21,,,
20018001,1990.251088,32.133,64.677,,288,,285.7912,18.526,4.8428,36.587,,-9.99,-9.99,0.022,,,,0.21,,,
20018001,1990.251088,32.133,64.677,,290,,287.7745,18.516,4.8416,36.585,,-9.99,-9.99,0.023,,,,0.21,,,
20018001,1990.251088,32.133,64.677,,292,,289.7578,18.52,4.8422,36.586,,-9.99,-9.99,0.022,,,,0.21,,,
20018001,1990.251088,32.133,64.677,,294,,291.741,18.52,4.8423,36.586,,-9.99,-9.99,0.024,,,,0.21,,,
20018001,1990.251088,32.133,64.677,,296,,293.7242,18.53,4.8438,36.589,,-9.99,-9.99,0.024,,,,0.21,,,
20018001,1990.251088,32.133,64.677,,298,,295.7074,18.539,4.8452,36.592,,-9.99,-9.99,0.024,,,,0.21,,,
20018001,1990.251088,32.133,64.677,,300,,297.6906,18.542,4.8458,36.594,,-9.99,-9.99,0.026,,,,0.21,,,
20018001,1990.251088,32.133,64.677,,302,,299.6737,18.543,4.846,36.594,,-9.99,-9.99,0.024,,,,0.21,,,
20018001,1990.251088,32.133,64.677,,304,,301.6569,18.543,4.8462,36.595,,-9.99,-9.99,0.027,,,,0.21,,,
20018001,1990.251088,32.133,64.677,,306,,303.64,18.541,4.8461,36.595,,-9.99,-9.99,0.028,,,,0.21,,,
20018001,1990.251088,32.133,64.677,,308,,305.6231,18.534,4.8453,36.594,,-9.99,-9.99,0.023,,,,0.21,,,
20018001,1990.251088,32.133,64.677,,310,,307.6062,18.527,4.8446,36.593,,-9.99,-9.99,0.019,,,,0.21,,,
20018001,1990.251088,32.133,64.677,,312,,309.5892,18.524,4.8442,36.592,,-9.99,-9.99,0.02,,,,0.21,,,
20018001,1990.251088,32.133,64.677,,314,,311.5723,18.522,4.844,36.591,,-9.99,-9.99,0.021,,,,0.21,,,
20018001,1990.251088,32.133,64.677,,316,,313.5553,18.519,4.8438,36.591,,-9.99,-9.99,0.027,,,,0.21,,,
20018001,1990.251088,32.133,64.677,,318,,315.5383,18.514,4.8432,36.59,,-9.99,-9.99,0.023,,,,0.21,,,
20018001,1990.251088,32.133,64.677,,320,,317.5213,18.506,4.8422,36.588,,-9.99,-9.99,0.025,,,,0.21,,,
20018001,1990.251088,32.133,64.677,,322,,319.5043,18.493,4.8407,36.586,,-9.99,-9.99,0.023,,,,0.21,,,
20018001,1990.251088,32.133,64.677,,324,,321.4872,18.483,4.8395,36.584,,-9.99,-9.99,0.022,,,,0.21,,,
20018001,1990.251088,32.133,64.677,,326,,323.4701,18.471,4.8381,36.582,,-9.99,-9.99,0.022,,,,0.21,,,
20018001,1990.251088,32.133,64.677,,328,,325.453,18.454,4.8361,36.579,,-9.99,-9.99,0.022,,,,0.21,,,
20018001,1990.251088,32.133,64.677,,330,,327.4359,18.435,4.8337,36.575,,-9.99,-9.99,0.024,,,,0.21,,,
20018001,1990.251088,32.133,64.677,,332,,329.4188,18.412,4.8311,36.572,,-9.99,-9.99,0.023,,,,0.21,,,
20018001,1990.251088,32.133,64.677,,334,,331.4016,18.398,4.8293,36.569,,-9.99,-9.99,0.023,,,,0.21,,,
20018001,1990.251088,32.133,64.677,,336,,333.3845,18.379,4.8271,36.566,,-9.99,-9.99,0.023,,,,0.21,,,
20018001,1990.251088,32.133,64.677,,338,,335.3673,18.368,4.8258,36.564,,-9.99,-9.99,0.021,,,,0.21,,,
20018001,1990.251088,32.133,64.677,,340,,337.3501,18.361,4.825,36.563,,-9.99,-9.99,0.02,,,,0.21,,,
20018001,1990.251088,32.133,64.677,,342,,339.3329,18.358,4.8247,36.562,,-9.99,-9.99,0.024,,,,0.21,,,
20018001,1990.251088,32.133,64.677,,344,,341.3156,18.348,4.8236,36.561,,-9.99,-9.99,0.023,,,,0.21,,,
20018001,1990.251088,32.133,64.677,,346,,343.2984,18.334,4.8219,36.558,,-9.99,-9.99,0.022,,,,0.21,,,
20018001,1990.251088,32.133,64.677,,348,,345.2811,18.322,4.8205,36.556,,-9.99,-9.99,0.022,,,,0.21,,,
20018001,1990.251088,32.133,64.677,,350,,347.2638,18.301,4.8179,36.552,,-9.99,-9.99,0.021,,,,0.21,,,
20018001,1990.251088,32.133,64.677,,352,,349.2464,18.287,4.8163,36.55,,-9.99,-9.99,0.023,,,,0.21,,,
20018001,1990.251088,32.133,64.677,,354,,351.2291,18.27,4.8143,36.547,,-9.99,-9.99,0.02,,,,0.21,,,
20018001,1990.251088,32.133,64.677,,356,,353.2117,18.222,4.8085,36.54,,-9.99,-9.99,0.019,,,,0.21,,,
20018001,1990.251088,32.133,64.677,,358,,355.1944,18.193,4.805,36.535,,-9.99,-9.99,0.021,,,,0.21,,,
20018001,1990.251088,32.133,64.677,,360,,357.177,18.178,4.8033,36.533,,-9.99,-9.99,0.024,,,,0.21,,,
20018001,1990.251088,32.133,64.677,,362,,359.1596,18.167,4.802,36.531,,-9.99,-9.99,0.022,,,,0.21,,,
20018001,1990.251088,32.133,64.677,,364,,361.1421,18.139,4.7986,36.526,,-9.99,-9.99,0.024,,,,0.21,,,
20018001,1990.251088,32.133,64.677,,366,,363.1247,18.121,4.7964,36.522,,-9.99,-9.99,0.024,,,,0.21,,,
20018001,1990.251088,32.133,64.677,,368,,365.1072,18.106,4.7945,36.519,,-9.99,-9.99,0.019,,,,0.21,,,
20018001,1990.251088,32.133,64.677,,370,,367.0897,18.071,4.7905,36.515,,-9.99,-9.99,0.022,,,,0.21,,,
20018001,1990.251088,32.133,64.677,,372,,369.0722,18.051,4.7881,36.511,,-9.99,-9.99,0.025,,,,0.21,,,
20018001,1990.251088,32.133,64.677,,374,,371.0547,18.022,4.7847,36.507,,-9.99,-9.99,0.025,,,,0.21,,,
20018001,1990.251088,32.133,64.677,,376,,373.0371,17.984,4.7802,36.502,,-9.99,-9.99,0.025,,,,0.21,,,
20018001,1990.251088,32.133,64.677,,378,,375.0195,17.961,4.7776,36.499,,-9.99,-9.99,0.025,,,,0.21,,,
20018001,1990.251088,32.133,64.677,,380,,377.0019,17.954,4.7767,36.497,,-9.99,-9.99,0.027,,,,0.21,,,
20018001,1990.251088,32.133,64.677,,382,,378.9843,17.926,4.7735,36.494,,-9.99,-9.99,0.025,,,,0.21,,,
20018001,1990.251088,32.133,64.677,,384,,380.9667,17.913,4.772,36.492,,-9.99,-9.99,0.024,,,,0.21,,,
20018001,1990.251088,32.133,64.677,,386,,382.9491,17.909,4.7716,36.491,,-9.99,-9.99,0.026,,,,0.21,,,
20018001,1990.251088,32.133,64.677,,388,,384.9314,17.903,4.7709,36.49,,-9.99,-9.99,0.023,,,,0.21,,,
20018001,1990.251088,32.133,64.677,,390,,386.9137,17.882,4.7685,36.487,,-9.99,-9.99,0.024,,,,0.21,,,
20018001,1990.251088,32.133,64.677,,392,,388.896,17.842,4.7638,36.482,,-9.99,-9.99,0.025,,,,0.21,,,
20018001,1990.251088,32.133,64.677,,394,,390.8783,17.831,4.7626,36.48,,-9.99,-9.99,0.022,,,,0.21,,,
20018001,1990.251088,32.133,64.677,,396,,392.8606,17.806,4.7596,36.476,,-9.99,-9.99,0.025,,,,0.21,,,
