20065001,1994.15985,31.742,64.182,,,,5,,,,4.9652,19.6145,4.9377,36.5319,228.468,0.451,0.33,,,-9.99
20065001,1994.15985,31.742,64.182,,,,7,,,,6.9513,19.6187,4.9382,36.5319,228.283,0.451,0.328,,,-9.99
20065001,1994.15985,31.742,64.182,,,,9,,,,8.9373,19.6232,4.9388,36.5319,228.082,0.452,0.326,,,-9.99
20065001,1994.15985,31.742,64.182,,,11,,,10.9233,19.6224,4.9388,36.5319,228.088,0.448,0.323,,,-9.99,,
20065001,1994.15985,31.742,64.182,,,13,,,12.9093,19.6221,4.9388,36.5319,227.989,0.448,0.325,,,-9.99,,
20065001,1994.15985,31.742,64.182,,,15,,,14.8953,19.623,4.939,36.532,227.665,0.449,0.328,,,-9.99,,
20065001,1994.15985,31.742,64.182,,,17,,,16.8812,19.6222,4.9391,36.5321,227.552,0.449,0.326,,,-9.99,,
20065001,1994.15985,31.742,64.182,,,19,,,18.8672,19.6208,4.939,36.5323,227.826,0.448,0.324,,,-9.99,,
20065001,1994.15985,31.742,64.182,,,21,,,20.8531,19.6221,4.9392,36.5322,227.905,0.449,0.326,,,-9.99,,
20065001,1994.15985,31.742,64.182,,,23,,,22.839,19.6235,4.9395,36.5321,227.548,0.449,0.325,,,-9.99,,
20065001,1994.15985,31.742,64.182,,,25,,,24.8249,19.6238,4.9396,36.532,227.502,0.449,0.327,,,-9.99,,
20065001,1994.15985,31.742,64.182,,,27,,,26.8107,19.6244,4.9398,36.5323,227.769,0.448,0.325,,,-9.99,,
20065001,1994.15985,31.742,64.182,,,29,,,28.7966,19.6242,4.9398,36.5323,227.571,0.448,0.326,,,-9.99,,
20065001,1994.15985,31.742,64.182,,,31,,,30.7824,19.6229,4.9398,36.5323,227.588,0.448,0.327,,,-9.99,,
20065001,1994.15985,31.742,64.182,,,33,,,32.7682,19.6232,4.9399,36.5324,227.67,0.449,0.329,,,-9.99,,
20065001,1994.15985,31.742,64.182,,,35,,,34.754,19.6236,4.94,36.5323,227.715,0.448,0.323,,,-9.99,,
20065001,1994.15985,31.742,64.182,,,37,,,36.7397,19.624,4.9402,36.5324,227.607,0.449,0.325,,,-9.99,,
20065001,1994.15985,31.742,64.182,,,39,,,38.7255,19.6245,4.9403,36.5323,227.468,0.449,0.33,,,-9.99,,
20065001,1994.15985,31.742,64.182,,,41,,,40.7112,19.625,4.9405,36.5323,227.367,0.449,0.33,,,-9.99,,
20065001,1994.15985,31.742,64.182,,,43,,,42.6969,19.6256,4.9406,36.5325,227.308,0.45,0.329,,,-9.99,,
20065001,1994.15985,31.742,64.182,,,45,,,44.6826,19.6274,4.941,36.5331,227.271,0.45,0.33,,,-9.99,,
20065001,1994.15985,31.742,64.182,,,47,,,46.6683,19.6278,4.9412,36.5335,227.268,0.447,0.328,,,-9.99,,
20065001,1994.15985,31.742,64.182,,,49,,,48.6539,19.627,4.9411,36.5331,227.397,0.448,0.326,,,-9.99,,
20065001,1994.15985,31.742,64.182,,,51,,,50.6395,19.6263,4.9411,36.5327,227.256,0.448,0.324,,,-9.99,,
20065001,1994.15985,31.742,64.182,,,53,,,52.6252,19.6296,4.9417,36.534,227.279,0.448,0.323,,,-9.99,,
20065001,1994.15985,31.742,64.182,,,55,,,54.6107,19.6312,4.942,36.5345,227.153,0.447,0.322,,,-9.99,,
20065001,1994.15985,31.742,64.182,,,57,,,56.5963,19.6304,4.942,36.534,227.095,0.449,0.325,,,-9.99,,
20065001,1994.15985,31.742,64.182,,,59,,,58.5819,19.6303,4.9421,36.5344,227.23,0.446,0.342,,,-9.99,,
20065001,1994.15985,31.742,64.182,,,61,,,60.5674,19.6311,4.9422,36.5343,227.258,0.447,0.344,,,-9.99,,
20065001,1994.15985,31.742,64.182,,,63,,,62.5529,19.6325,4.9425,36.5347,226.701,0.445,0.322,,,-9.99,,
20065001,1994.15985,31.742,64.182,,,65,,,64.5384,19.6314,4.9425,36.5346,226.666,0.447,0.323,,,-9.99,,
20065001,1994.15985,31.742,64.182,,,67,,,66.5239,19.6307,4.9425,36.5344,226.67,0.447,0.323,,,-9.99,,
20065001,1994.15985,31.742,64.182,,,69,,,68.5093,19.6301,4.9425,36.5342,226.703,0.447,0.323,,,-9.99,,
20065001,1994.15985,31.742,64.182,,,71,,,70.4948,19.6305,4.9427,36.5345,226.653,0.447,0.325,,,-9.99,,
20065001,1994.15985,31.742,64.182,,,73,,,72.4802,19.6304,4.9427,36.5341,226.851,0.447,0.325,,,-9.99,,
20065001,1994.15985,31.742,64.182,,,75,,,74.4656,19.6296,4.9427,36.5338,226.944,0.446,0.326,,,-9.99,,
20065001,1994.15985,31.742,64.182,,,77,,,76.451,19.6291,4.9428,36.5346,226.605,0.447,0.328,,,-9.99,,
20065001,1994.15985,31.742,64.182,,,79,,,78.4363,19.63,4.9429,36.5342,226.739,0.446,0.326,,,-9.99,,
20065001,1994.15985,31.742,64.182,,,81,,,80.4217,19.6298,4.943,36.5345,226.482,0.448,0.322,,,-9.99,,
20065001,1994.15985,31.742,64.182,,,83,,,82.407,19.6303,4.9432,36.5349,226.298,0.447,0.32,,,-9.99,,
20065001,1994.15985,31.742,64.182,,,85,,,84.3923,19.6299,4.9433,36.5354,226.374,0.445,0.325,,,-9.99,,
20065001,1994.15985,31.742,64.182,,,87,,,86.3776,19.6271,4.9432,36.5359,226.456,0.446,0.326,,,-9.99,,
20065001,1994.15985,31.742,64.182,,,89,,,88.3628,19.6201,4.9427,36.5374,226.362,0.448,0.324,,,-9.99,,
20065001,1994.15985,31.742,64.182,,,91,,,90.3481,19.602,4.9414,36.5416,225.947,0.444,0.326,,,-9.99,,
20065001,1994.15985,31.742,64.182,,,93,,,92.3333,19.5714,4.939,36.5477,225.459,0.444,0.328,,,-9.99,,
20065001,1994.15985,31.742,64.182,,,95,,,94.3185,19.5279,4.9353,36.5538,225.045,0.441,0.332,,,-9.99,,
20065001,1994.15985,31.742,64.182,,,97,,,96.3037,19.4967,4.9324,36.5563,224.498,0.432,0.332,,,-9.99,,
20065001,1994.15985,31.742,64.182,,,99,,,98.2889,19.4804,4.9309,36.5575,223.645,0.429,0.33,,,-9.99,,
20065001,1994.15985,31.742,64.182,,101,,100.274,19.4579,4.9288,36.5589,223.352,0.428,0.33,,,-9.99,,,,
20065001,1994.15985,31.742,64.182,,103,,102.2591,19.4574,4.9289,36.5593,223.345,0.431,0.331,,,-9.99,,,,
20065001,1994.15985,31.742,64.182,,105,,104.2442,19.4452,4.9277,36.5596,223.24,0.425,0.318,,,-9.99,,,,
20065001,1994.15985,31.742,64.182,,107,,106.2293,19.4372,4.927,36.5601,222.881,0.424,0.306,,,-9.99,,,,
20065001,1994.15985,31.742,64.182,,109,,108.2144,19.4294,4.9264,36.5607,222.632,0.422,0.302,,,-9.99,,,,
20065001,1994.15985,31.742,64.182,,111,,110.1995,19.4281,4.9264,36.5611,222.466,0.42,0.299,,,-9.99,,,,
20065001,1994.15985,31.742,64.182,,113,,112.1845,19.4274,4.9264,36.5614,222.566,0.42,0.297,,,-9.99,,,,
20065001,1994.15985,31.742,64.182,,115,,114.1695,19.4268,4.9264,36.561,222.607,0.42,0.296,,,-9.99,,,,
20065001,1994.15985,31.742,64.182,,117,,116.1545,19.4244,4.9262,36.5608,222.498,0.419,0.294,,,-9.99,,,,
20065001,1994.15985,31.742,64.182,,119,,118.1395,19.4239,4.9262,36.5608,222.25,0.418,0.293,,,-9.99,,,,
20065001,1994.15985,31.742,64.182,,121,,120.1244,19.4161,4.9255,36.5607,222.335,0.416,0.294,,,-9.99,,,,
20065001,1994.15985,31.742,64.182,,123,,122.1094,19.4103,4.9249,36.5604,222.385,0.414,0.292,,,-9.99,,,,
20065001,1994.15985,31.742,64.182,,125,,124.0943,19.4108,4.9251,36.5602,222.184,0.413,0.297,,,-9.99,,,,
20065001,1994.15985,31.742,64.182,,127,,126.0792,19.4041,4.9244,36.56,222.116,0.412,0.289,,,-9.99,,,,
20065001,1994.15985,31.742,64.182,,129,,128.0641,19.3958,4.9237,36.5602,222.071,0.41,0.282,,,-9.99,,,,
20065001,1994.15985,31.742,64.182,,131,,130.0489,19.3934,4.9235,36.5605,222.117,0.41,0.282,,,-9.99,,,,
20065001,1994.15985,31.742,64.182,,133,,132.0338,19.3894,4.9233,36.5609,222.262,0.409,0.288,,,-9.99,,,,
20065001,1994.15985,31.742,64.182,,135,,134.0186,19.3863,4.9231,36.5615,222.028,0.408,0.282,,,-9.99,,,,
20065001,1994.15985,31.742,64.182,,137,,136.0034,19.3789,4.9225,36.5623,221.833,0.407,0.275,,,-9.99,,,,
20065001,1994.15985,31.742,64.182,,139,,137.9882,19.3744,4.9221,36.5624,221.775,0.406,0.279,,,-9.99,,,,
20065001,1994.15985,31.742,64.182,,141,,139.9729,19.3716,4.9219,36.5624,221.855,0.406,0.28,,,-9.99,,,,
20065001,1994.15985,31.742,64.182,,143,,141.9577,19.37,4.9218,36.5623,222.032,0.406,0.276,,,-9.99,,,,
20065001,1994.15985,31.742,64.182,,145,,143.9424,19.3697,4.9219,36.5623,221.949,0.408,0.275,,,-9.99,,,,
20065001,1994.15985,31.742,64.182,,147,,145.9271,19.3675,4.9218,36.5623,222.031,0.405,0.275,,,-9.99,,,,
20065001,1994.15985,31.742,64.182,,149,,147.9118,19.3648,4.9216,36.5624,222.153,0.405,0.275,,,-9.99,,,,
20065001,1994.15985,31.742,64.182,,151,,149.8964,19.3638,4.9215,36.5623,221.968,0.405,0.274,,,-9.99,,,,
20065001,1994.15985,31.742,64.182,,153,,151.8811,19.36,4.9212,36.5621,221.85,0.405,0.277,,,-9.99,,,,
20065001,1994.15985,31.742,64.182,,155,,153.8657,19.3571,4.921,36.562,221.845,0.404,0.277,,,-9.99,,,,
20065001,1994.15985,31.742,64.182,,157,,155.8503,19.3556,4.9209,36.5618,221.567,0.405,0.272,,,-9.99,,,,
20065001,1994.15985,31.742,64.182,,159,,157.8349,19.3514,4.9205,36.5612,221.554,0.406,0.272,,,-9.99,,,,
20065001,1994.15985,31.742,64.182,,161,,159.8195,19.3513,4.9205,36.5611,221.518,0.407,0.272,,,-9.99,,,,
20065001,1994.15985,31.742,64.182,,163,,161.804,19.3515,4.9206,36.5611,221.506,0.405,0.271,,,-9.99,,,,
20065001,1994.15985,31.742,64.182,,165,,163.7886,19.3475,4.9202,36.5604,221.53,0.405,0.273,,,-9.99,,,,
20065001,1994.15985,31.742,64.182,,167,,165.7731,19.3493,4.9205,36.5607,221.213,0.406,0.27,,,-9.99,,,,
20065001,1994.15985,31.742,64.182,,169,,167.7576,19.3426,4.9198,36.5598,221.551,0.404,0.274,,,-9.99,,,,
20065001,1994.15985,31.742,64.182,,171,,169.7421,19.3366,4.9193,36.5598,221.646,0.404,0.275,,,-9.99,,,,
20065001,1994.15985,31.742,64.182,,173,,171.7265,19.3373,4.9195,36.5601,221.507,0.404,0.271,,,-9.99,,,,
20065001,1994.15985,31.742,64.182,,175,,173.711,19.3343,4.9192,36.56,221.238,0.404,0.27,,,-9.99,,,,
20065001,1994.15985,31.742,64.182,,177,,175.6954,19.3268,4.9186,36.5602,220.903,0.404,0.272,,,-9.99,,,,
20065001,1994.15985,31.742,64.182,,179,,177.6798,19.3102,4.917,36.5608,220.597,0.403,0.275,,,-9.99,,,,
20065001,1994.15985,31.742,64.182,,181,,179.6641,19.2943,4.9154,36.561,220.822,0.402,0.274,,,-9.99,,,,
20065001,1994.15985,31.742,64.182,,183,,181.6485,19.2892,4.9151,36.5616,220.565,0.402,0.27,,,-9.99,,,,
20065001,1994.15985,31.742,64.182,,185,,183.6328,19.2876,4.9149,36.5612,220.281,0.401,0.269,,,-9.99,,,,
20065001,1994.15985,31.742,64.182,,187,,185.6172,19.2746,4.9134,36.5593,220.125,0.401,0.268,,,-9.99,,,,
20065001,1994.15985,31.742,64.182,,189,,187.6015,19.2589,4.9116,36.5568,219.93,0.401,0.266,,,-9.99,,,,
20065001,1994.15985,31.742,64.182,,191,,189.5858,19.2535,4.911,36.5564,219.83,0.401,0.263,,,-9.99,,,,
20065001,1994.15985,31.742,64.182,,193,,191.57,19.2558,4.9116,36.5579,219.838,0.401,0.262,,,-9.99,,,,
20065001,1994.15985,31.742,64.182,,195,,193.5543,19.2556,4.9118,36.5594,219.57,0.401,0.26,,,-9.99,,,,
20065001,1994.15985,31.742,64.182,,197,,195.5385,19.2518,4.9117,36.5608,219.243,0.4,0.26,,,-9.99,,,,
20065001,1994.15985,31.742,64.182,,199,,197.5227,19.2527,4.912,36.5618,219.29,0.4,0.262,,,-9.99,,,,
20065001,1994.15985,31.742,64.182,,201,,199.5069,19.2535,4.9122,36.562,219.159,0.4,0.261,,,-9.99,,,,
20065001,1994.15985,31.742,64.182,,203,,201.4911,19.2542,4.9124,36.5629,218.894,0.4,0.26,,,-9.99,,,,
20065001,1994.15985,31.742,64.182,,205,,203.4752,19.2554,4.9126,36.5625,218.808,0.4,0.258,,,-9.99,,,,
20065001,1994.15985,31.742,64.182,,207,,205.4593,19.2538,4.9127,36.5636,218.644,0.4,0.259,,,-9.99,,,,
20065001,1994.15985,31.742,64.182,,209,,207.4434,19.2529,4.9128,36.5648,218.25,0.401,0.263,,,-9.99,,,,
20065001,1994.15985,31.742,64.182,,211,,209.4275,19.2539,4.9131,36.566,217.929,0.401,0.263,,,-9.99,,,,
20065001,1994.15985,31.742,64.182,,213,,211.4116,19.2544,4.9136,36.5686,217.482,0.4,0.263,,,-9.99,,,,
20065001,1994.15985,31.742,64.182,,215,,213.3957,19.2548,4.9137,36.5688,217.109,0.4,0.261,,,-9.99,,,,
20065001,1994.15985,31.742,64.182,,217,,215.3797,19.242,4.9124,36.568,216.972,0.399,0.261,,,-9.99,,,,
20065001,1994.15985,31.742,64.182,,219,,217.3637,19.2399,4.9127,36.5716,216.266,0.399,0.266,,,-9.99,,,,
20065001,1994.15985,31.742,64.182,,221,,219.3477,19.2246,4.9124,36.5815,214.814,0.399,0.264,,,-9.99,,,,
20065001,1994.15985,31.742,64.182,,223,,221.3317,19.2245,4.9125,36.5824,214.13,0.399,0.262,,,-9.99,,,,
20065001,1994.15985,31.742,64.182,,225,,223.3156,19.2271,4.9128,36.5814,213.975,0.399,0.261,,,-9.99,,,,
20065001,1994.15985,31.742,64.182,,227,,225.2996,19.2283,4.9128,36.5801,212.199,0.399,0.262,,,-9.99,,,,
20065001,1994.15985,31.742,64.182,,229,,227.2835,19.2033,4.9116,36.5906,211.119,0.399,0.261,,,-9.99,,,,
20065001,1994.15985,31.742,64.182,,231,,229.2674,19.1765,4.9091,36.5928,210.256,0.398,0.26,,,-9.99,,,,
20065001,1994.15985,31.742,64.182,,233,,231.2513,19.1543,4.9071,36.5948,209.101,0.398,0.258,,,-9.99,,,,
20065001,1994.15985,31.742,64.182,,235,,233.2351,19.1447,4.9063,36.5955,208.181,0.398,0.26,,,-9.99,,,,
20065001,1994.15985,31.742,64.182,,237,,235.219,19.1087,4.9032,36.601,206.904,0.397,0.26,,,-9.99,,,,
20065001,1994.15985,31.742,64.182,,239,,237.2028,19.0725,4.8995,36.6009,206.199,0.397,0.259,,,-9.99,,,,
20065001,1994.15985,31.742,64.182,,241,,239.1866,19.0391,4.896,36.6006,205.716,0.397,0.258,,,-9.99,,,,
20065001,1994.15985,31.742,64.182,,243,,241.1704,18.9928,4.8913,36.6009,204.982,0.396,0.263,,,-9.99,,,,
20065001,1994.15985,31.742,64.182,,245,,243.1542,18.9916,4.8912,36.6002,204.495,0.396,0.262,,,-9.99,,,,
20065001,1994.15985,31.742,64.182,,247,,245.1379,18.9995,4.8922,36.6009,204.587,0.396,0.259,,,-9.99,,,,
20065001,1994.15985,31.742,64.182,,249,,247.1216,18.9194,4.8837,36.5996,204.507,0.396,0.261,,,-9.99,,,,
20065001,1994.15985,31.742,64.182,,251,,249.1053,18.875,4.8789,36.5974,204.47,0.395,0.26,,,-9.99,,,,
20065001,1994.15985,31.742,64.182,,253,,251.089,18.8436,4.8755,36.5958,204.509,0.395,0.261,,,-9.99,,,,
20065001,1994.15985,31.742,64.182,,255,,253.0727,18.8249,4.8735,36.5949,204.292,0.395,0.262,,,-9.99,,,,
20065001,1994.15985,31.742,64.182,,257,,255.0564,18.8063,4.8715,36.5938,204.306,0.394,0.261,,,-9.99,,,,
20065001,1994.15985,31.742,64.182,,259,,257.04,18.7758,4.8682,36.592,204.572,0.394,0.261,,,-9.99,,,,
20065001,1994.15985,31.742,64.182,,261,,259.0236,18.7556,4.8661,36.5912,204.704,0.394,0.264,,,-9.99,,,,
20065001,1994.15985,31.742,64.182,,263,,261.0072,18.7371,4.8642,36.5906,204.858,0.394,0.266,,,-9.99,,,,
20065001,1994.15985,31.742,64.182,,265,,262.9908,18.7283,4.8633,36.5904,205.006,0.394,0.262,,,-9.99,,,,
20065001,1994.15985,31.742,64.182,,267,,264.9743,18.7203,4.8625,36.5901,205.06,0.394,0.26,,,-9.99,,,,
20065001,1994.15985,31.742,64.182,,269,,266.9579,18.7083,4.8613,36.5895,205.171,0.394,0.261,,,-9.99,,,,
20065001,1994.15985,31.742,64.182,,271,,268.9414,18.6822,4.8585,36.5883,205.443,0.394,0.267,,,-9.99,,,,
20065001,1994.15985,31.742,64.182,,273,,270.9249,18.6608,4.8562,36.5872,205.516,0.393,0.263,,,-9.99,,,,
20065001,1994.15985,31.742,64.182,,275,,272.9084,18.6558,4.8558,36.5869,205.549,0.393,0.263,,,-9.99,,,,
20065001,1994.15985,31.742,64.182,,277,,274.8918,18.6489,4.8551,36.5866,205.631,0.393,0.261,,,-9.99,,,,
20065001,1994.15985,31.742,64.182,,279,,276.8753,18.6494,4.8552,36.5866,205.749,0.393,0.263,,,-9.99,,,,
20065001,1994.15985,31.742,64.182,,281,,278.8587,18.648,4.8552,36.5864,205.516,0.393,0.263,,,-9.99,,,,
20065001,1994.15985,31.742,64.182,,283,,280.8421,18.6385,4.8542,36.5856,205.559,0.393,0.261,,,-9.99,,,,
20065001,1994.15985,31.742,64.182,,285,,282.8255,18.6247,4.8527,36.5848,205.848,0.393,0.264,,,-9.99,,,,
20065001,1994.15985,31.742,64.182,,287,,284.8088,18.6147,4.8517,36.5845,206.019,0.393,0.265,,,-9.99,,,,
20065001,1994.15985,31.742,64.182,,289,,286.7922,18.604,4.8506,36.5841,205.889,0.392,0.263,,,-9.99,,,,
20065001,1994.15985,31.742,64.182,,291,,288.7755,18.5922,4.8494,36.5837,206.093,0.393,0.262,,,-9.99,,,,
20065001,1994.15985,31.742,64.182,,293,,290.7588,18.5854,4.8488,36.5836,206.353,0.393,0.262,,,-9.99,,,,
20065001,1994.15985,31.742,64.182,,295,,292.7421,18.5798,4.8483,36.5837,206.445,0.393,0.263,,,-9.99,,,,
20065001,1994.15985,31.742,64.182,,297,,294.7254,18.5725,4.8476,36.5836,206.617,0.393,0.263,,,-9.99,,,,
20065001,1994.15985,31.742,64.182,,299,,296.7086,18.5655,4.8469,36.5828,206.776,0.393,0.263,,,-9.99,,,,
20065001,1994.15985,31.742,64.182,,301,,298.6918,18.5507,4.8453,36.5816,206.874,0.393,0.263,,,-9.99,,,,
20065001,1994.15985,31.742,64.182,,303,,300.675,18.5452,4.8448,36.5815,206.79,0.393,0.262,,,-9.99,,,,
20065001,1994.15985,31.742,64.182,,305,,302.6582,18.5419,4.8446,36.5817,206.816,0.392,0.262,,,-9.99,,,,
20065001,1994.15985,31.742,64.182,,307,,304.6414,18.5369,4.8441,36.5815,206.843,0.393,0.263,,,-9.99,,,,
20065001,1994.15985,31.742,64.182,,309,,306.6246,18.5353,4.8441,36.5816,206.56,0.392,0.264,,,-9.99,,,,
20065001,1994.15985,31.742,64.182,,311,,308.6077,18.5233,4.843,36.5822,206.71,0.392,0.266,,,-9.99,,,,
20065001,1994.15985,31.742,64.182,,313,,310.5908,18.5121,4.8417,36.5811,206.743,0.393,0.27,,,-9.99,,,,
20065001,1994.15985,31.742,64.182,,315,,312.5739,18.5058,4.8411,36.5803,206.518,0.392,0.266,,,-9.99,,,,
20065001,1994.15985,31.742,64.182,,317,,314.557,18.4985,4.8403,36.5796,206.447,0.392,0.265,,,-9.99,,,,
20065001,1994.15985,31.742,64.182,,319,,316.54,18.485,4.8388,36.5778,206.395,0.392,0.266,,,-9.99,,,,
20065001,1994.15985,31.742,64.182,,321,,318.5231,18.4691,4.837,36.5756,206.274,0.392,0.263,,,-9.99,,,,
20065001,1994.15985,31.742,64.182,,323,,320.5061,18.4587,4.8358,36.5745,206.048,0.392,0.263,,,-9.99,,,,
20065001,1994.15985,31.742,64.182,,325,,322.4891,18.4519,4.8351,36.5738,205.933,0.392,0.263,,,-9.99,,,,
20065001,1994.15985,31.742,64.182,,327,,324.4721,18.4507,4.8351,36.5736,205.981,0.392,0.264,,,-9.99,,,,
20065001,1994.15985,31.742,64.182,,329,,326.4551,18.4412,4.834,36.5726,206.05,0.392,0.265,,,-9.99,,,,
20065001,1994.15985,31.742,64.182,,331,,328.438,18.4218,4.8318,36.5703,206.14,0.392,0.268,,,-9.99,,,,
20065001,1994.15985,31.742,64.182,,333,,330.4209,18.416,4.8312,36.5695,206.042,0.392,0.268,,,-9.99,,,,
20065001,1994.15985,31.742,64.182,,335,,332.4038,18.3956,4.8289,36.5672,205.938,0.392,0.265,,,-9.99,,,,
20065001,1994.15985,31.742,64.182,,337,,334.3867,18.3846,4.8277,36.5657,205.868,0.392,0.264,,,-9.99,,,,
20065001,1994.15985,31.742,64.182,,339,,336.3696,18.3733,4.8264,36.5643,205.624,0.392,0.263,,,-9.99,,,,
20065001,1994.15985,31.742,64.182,,341,,338.3524,18.357,4.8246,36.5623,205.313,0.392,0.263,,,-9.99,,,,
20065001,1994.15985,31.742,64.182,,343,,340.3353,18.353,4.8242,36.5618,205.409,0.392,0.266,,,-9.99,,,,
20065001,1994.15985,31.742,64.182,,345,,342.3181,18.3444,4.8233,36.561,205.698,0.392,0.27,,,-9.99,,,,
20065001,1994.15985,31.742,64.182,,347,,344.3009,18.3335,4.8221,36.5597,205.438,0.392,0.269,,,-9.99,,,,
20065001,1994.15985,31.742,64.182,,349,,346.2836,18.3228,4.8209,36.5585,205.356,0.392,0.267,,,-9.99,,,,
20065001,1994.15985,31.742,64.182,,351,,348.2664,18.3232,4.8211,36.5587,205.749,0.392,0.268,,,-9.99,,,,
20065001,1994.15985,31.742,64.182,,353,,350.2491,18.3161,4.8203,36.5579,206.006,0.392,0.269,,,-9.99,,,,
20065001,1994.15985,31.742,64.182,,355,,352.2318,18.3217,4.821,36.5582,205.985,0.392,0.267,,,-9.99,,,,
20065001,1994.15985,31.742,64.182,,357,,354.2145,18.2979,4.8184,36.5563,206.029,0.392,0.262,,,-9.99,,,,
20065001,1994.15985,31.742,64.182,,359,,356.1972,18.3064,4.8195,36.5568,205.51,0.392,0.273,,,-9.99,,,,
20065001,1994.15985,31.742,64.182,,361,,358.1799,18.2895,4.8176,36.5549,205.612,0.392,0.273,,,-9.99,,,,
20065001,1994.15985,31.742,64.182,,363,,360.1625,18.2796,4.8165,36.5536,205.968,0.392,0.27,,,-9.99,,,,
20065001,1994.15985,31.742,64.182,,365,,362.1451,18.2672,4.8151,36.5523,205.999,0.392,0.269,,,-9.99,,,,
20065001,1994.15985,31.742,64.182,,367,,364.1277,18.2573,4.8141,36.5515,206.165,0.392,0.269,,,-9.99,,,,
20065001,1994.15985,31.742,64.182,,369,,366.1103,18.2514,4.8134,36.5505,206.241,0.392,0.27,,,-9.99,,,,
20065001,1994.15985,31.742,64.182,,371,,368.0929,18.2637,4.8149,36.5518,205.884,0.392,0.274,,,-9.99,,,,
20065001,1994.15985,31.742,64.182,,373,,370.0754,18.2319,4.8113,36.5483,206.014,0.392,0.273,,,-9.99,,,,
20065001,1994.15985,31.742,64.182,,375,,372.0579,18.2342,4.8117,36.5485,206.256,0.392,0.274,,,-9.99,,,,
20065001,1994.15985,31.742,64.182,,377,,374.0404,18.2403,4.8125,36.5492,206.723,0.392,0.27,,,-9.99,,,,
20065001,1994.15985,31.742,64.182,,379,,376.0229,18.2219,4.8104,36.5469,206.885,0.392,0.27,,,-9.99,,,,
20065001,1994.15985,31.742,64.182,,381,,378.0054,18.21,4.809,36.5449,206.873,0.392,0.272,,,-9.99,,,,
20065001,1994.15985,31.742,64.182,,383,,379.9878,18.1911,4.8068,36.5426,206.904,0.392,0.277,,,-9.99,,,,
20065001,1994.15985,31.742,64.182,,385,,381.9703,18.1862,4.8063,36.5418,206.749,0.392,0.275,,,-9.99,,,,
20065001,1994.15985,31.742,64.182,,387,,383.9527,18.1817,4.8059,36.5412,206.912,0.392,0.273,,,-9.99,,,,
20065001,1994.15985,31.742,64.182,,389,,385.9351,18.177,4.8054,36.5406,207.209,0.392,0.274,,,-9.99,,,,
20065001,1994.15985,31.742,64.182,,391,,387.9174,18.1725,4.8049,36.54,207.346,0.392,0.274,,,-9.99,,,,
20065001,1994.15985,31.742,64.182,,393,,389.8998,18.1539,4.8028,36.5378,207.323,0.392,0.271,,,-9.99,,,,
20065001,1994.15985,31.742,64.182,,395,,391.8821,18.1397,4.8012,36.536,207.365,0.392,0.27,,,-9.99,,,,
20065001,1994.15985,31.742,64.182,,397,,393.8644,18.1376,4.8011,36.5357,207.353,0.392,0.272,,,-9.99,,,,
20065001,1994.15985,31.742,64.182,,399,,395.8467,18.1351,4.8009,36.5354,207.346,0.392,0.273,,,-9.99,,,,
20065001,1994.15985,31.742,64.182,,401,,397.829,18.1311,4.8005,36.5349,207.34,0.392,0.274,,,-9.99,,,,
20065001,1994.15985,31.742,64.182,,403,,399.8113,18.1272,4.8001,36.5344,207.335,0.392,0.275,,,-9.99,,,,
20065001,1994.15985,31.742,64.182,,405,,401.7935,18.1227,4.7997,36.5339,207.375,0.392,0.275,,,-9.99,,,,
20065001,1994.15985,31.742,64.182,,407,,403.7757,18.1149,4.7988,36.533,207.572,0.392,0.275,,,-9.99,,,,
20065001,1994.15985,31.742,64.182,,409,,405.7579,18.1141,4.7988,36.5328,207.586,0.392,0.276,,,-9.99,,,,
20065001,1994.15985,31.742,64.182,,411,,407.7401,18.1143,4.7989,36.5325,207.068,0.392,0.274,,,-9.99,,,,
20065001,1994.15985,31.742,64.182,,413,,409.7223,18.1047,4.7979,36.5315,207.62,0.392,0.274,,,-9.99,,,,
20065001,1994.15985,31.742,64.182,,415,,411.7044,18.102,4.7976,36.5312,207.825,0.392,0.275,,,-9.99,,,,
20065001,1994.15985,31.742,64.182,,417,,413.6865,18.1001,4.7975,36.5311,207.75,0.392,0.277,,,-9.99,,,,
20065001,1994.15985,31.742,64.182,,419,,415.6686,18.097,4.7972,36.5306,207.436,0.392,0.278,,,-9.99,,,,
20065001,1994.15985,31.742,64.182,,421,,417.6507,18.0881,4.7962,36.5293,207.339,0.392,0.281,,,-9.99,,,,
20065001,1994.15985,31.742,64.182,,423,,419.6328,18.0844,4.7959,36.5288,207.345,0.393,0.279,,,-9.99,,,,
20065001,1994.15985,31.742,64.182,,425,,421.6148,18.0777,4.7951,36.5278,207.248,0.393,0.277,,,-9.99,,,,
20065001,1994.15985,31.742,64.182,,427,,423.5969,18.0574,4.7928,36.5252,207.356,0.392,0.276,,,-9.99,,,,
20065001,1994.15985,31.742,64.182,,429,,425.5789,18.0498,4.792,36.5241,207.08,0.392,0.277,,,-9.99,,,,
20065001,1994.15985,31.742,64.182,,431,,427.5609,18.0417,4.7911,36.5228,206.807,0.393,0.279,,,-9.99,,,,
20065001,1994.15985,31.742,64.182,,433,,429.5428,18.0263,4.7893,36.5205,206.574,0.392,0.281,,,-9.99,,,,
20065001,1994.15985,31.742,64.182,,435,,431.5248,18.0173,4.7883,36.5189,206.374,0.392,0.276,,,-9.99,,,,
20065001,1994.15985,31.742,64.182,,437,,433.5067,18.0065,4.787,36.5173,205.797,0.392,0.276,,,-9.99,,,,
20065001,1994.15985,31.742,64.182,,439,,435.4886,18.0014,4.7865,36.5165,205.621,0.392,0.279,,,-9.99,,,,
20065001,1994.15985,31.742,64.182,,441,,437.4705,17.9974,4.7861,36.5159,205.592,0.392,0.281,,,-9.99,,,,
20065001,1994.15985,31.742,64.182,,443,,439.4524,17.9923,4.7856,36.5151,205.327,0.392,0.278,,,-9.99,,,,
20065001,1994.15985,31.742,64.182,,445,,441.4343,17.9775,4.7839,36.5128,204.976,0.393,0.273,,,-9.99,,,,
20065001,1994.15985,31.742,64.182,,447,,443.4161,17.9705,4.7831,36.5116,205.176,0.393,0.28,,,-9.99,,,,
20065001,1994.15985,31.742,64.182,,449,,445.3979,17.9671,4.7828,36.5111,205.13,0.393,0.28,,,-9.99,,,,
20065001,1994.15985,31.742,64.182,,451,,447.3797,17.9601,4.782,36.5102,205.016,0.393,0.281,,,-9.99,,,,
20065001,1994.15985,31.742,64.182,,453,,449.3615,17.9474,4.7806,36.5083,204.933,0.393,0.284,,,-9.99,,,,
20065001,1994.15985,31.742,64.182,,455,,451.3433,17.9419,4.78,36.5076,204.783,0.393,0.283,,,-9.99,,,,
20065001,1994.15985,31.742,64.182,,457,,453.325,17.9303,4.7787,36.5062,204.578,0.393,0.281,,,-9.99,,,,
20065001,1994.15985,31.742,64.182,,459,,455.3067,17.9295,4.7787,36.5057,204.453,0.393,0.285,,,-9.99,,,,
20065001,1994.15985,31.742,64.182,,461,,457.2884,17.9045,4.7758,36.5023,204.478,0.393,0.286,,,-9.99,,,,
20065001,1994.15985,31.742,64.182,,463,,459.2701,17.9029,4.7756,36.5016,204.279,0.392,0.283,,,-9.99,,,,
20065001,1994.15985,31.742,64.182,,465,,461.2518,17.8971,4.775,36.5007,204.161,0.393,0.283,,,-9.99,,,,
20065001,1994.15985,31.742,64.182,,467,,463.2334,17.8796,4.7729,36.4979,204.029,0.393,0.282,,,-9.99,,,,
20065001,1994.15985,31.742,64.182,,469,,465.2151,17.8726,4.7721,36.4966,203.819,0.393,0.284,,,-9.99,,,,
20065001,1994.15985,31.742,64.182,,471,,467.1967,17.8665,4.7715,36.4956,203.703,0.393,0.286,,,-9.99,,,,
20065001,1994.15985,31.742,64.182,,473,,469.1783,17.8578,4.7705,36.494,203.461,0.393,0.288,,,-9.99,,,,
20065001,1994.15985,31.742,64.182,,475,,471.1598,17.8404,4.7684,36.4908,203.051,0.393,0.29,,,-9.99,,,,
20065001,1994.15985,31.742,64.182,,477,,473.1414,17.8239,4.7664,36.4878,202.613,0.392,0.288,,,-9.99,,,,
20065001,1994.15985,31.742,64.182,,479,,475.1229,17.8076,4.7645,36.485,202.048,0.392,0.286,,,-9.99,,,,
20065001,1994.15985,31.742,64.182,,481,,477.1044,17.7945,4.7629,36.4822,201.773,0.392,0.287,,,-9.99,,,,
20065001,1994.15985,31.742,64.182,,483,,479.0859,17.7954,4.7631,36.4827,201.413,0.393,0.286,,,-9.99,,,,
20065001,1994.15985,31.742,64.182,,485,,481.0674,17.7853,4.7619,36.4802,200.915,0.392,0.289,,,-9.99,,,,
20065001,1994.15985,31.742,64.182,,487,,483.0489,17.7764,4.7609,36.4789,200.784,0.393,0.291,,,-9.99,,,,
20065001,1994.15985,31.742,64.182,,489,,485.0303,17.7593,4.7589,36.4763,200.554,0.393,0.29,,,-9.99,,,,
20065001,1994.15985,31.742,64.182,,491,,487.0117,17.7398,4.7566,36.4729,200.543,0.392,0.288,,,-9.99,,,,
20065001,1994.15985,31.742,64.182,,493,,488.9931,17.7354,4.7561,36.4722,200.553,0.393,0.289,,,-9.99,,,,
20065001,1994.15985,31.742,64.182,,495,,490.9745,17.7067,4.7527,36.468,200.92,0.392,0.288,,,-9.99,,,,
20065001,1994.15985,31.742,64.182,,497,,492.9559,17.7052,4.7526,36.4678,201.052,0.392,0.288,,,-9.99,,,,
20065001,1994.15985,31.742,64.182,,499,,494.9372,17.6991,4.752,36.4666,201.197,0.393,0.286,,,-9.99,,,,
20065001,1994.15985,31.742,64.182,,501,,496.9185,17.6705,4.7485,36.4615,201.52,0.393,0.287,,,-9.99,,,,
20065001,1994.15985,31.742,64.182,,503,,498.8998,17.6499,4.746,36.4573,200.856,0.393,0.289,,,-9.99,,,,
20065001,1994.15985,31.742,64.182,,505,,500.8811,17.6439,4.7453,36.4564,200.548,0.393,0.291,,,-9.99,,,,
20065001,1994.15985,31.742,64.182,,507,,502.8624,17.6344,4.7442,36.4544,200.602,0.392,0.291,,,-9.99,,,,
20065002,1994.160236,31.726,64.22,,,,6,,,,5.9583,19.6085,4.9376,36.5361,228.017,0.45,0.309,,,-9.99
20065002,1994.160236,31.726,64.22,,,,8,,,,7.9443,19.608,4.9376,36.5356,227.729,0.45,0.306,,,-9.99
20065002,1994.160236,31.726,64.22,,,10,,,,9.9303,19.6081,4.9377,36.5355,227.907,0.452,0.31,,,-9.99,
20065002,1994.160236,31.726,64.22,,,12,,,11.9163,19.6093,4.9379,36.5357,228.011,0.452,0.312,,,-9.99,,
20065002,1994.160236,31.726,64.22,,,14,,,13.9023,19.6106,4.9382,36.5359,227.784,0.453,0.336,,,-9.99,,
20065002,1994.160236,31.726,64.22,,,16,,,15.8883,19.6107,4.9382,36.5357,227.771,0.453,0.328,,,-9.99,,
20065002,1994.160236,31.726,64.22,,,18,,,17.8742,19.6109,4.9384,36.536,227.691,0.452,0.306,,,-9.99,,
20065002,1994.160236,31.726,64.22,,,20,,,19.8602,19.6111,4.9385,36.5358,227.406,0.453,0.307,,,-9.99,,
20065002,1994.160236,31.726,64.22,,,22,,,21.8461,19.6113,4.9386,36.5358,227.352,0.454,0.306,,,-9.99,,
20065002,1994.160236,31.726,64.22,,,24,,,23.832,19.6103,4.9386,36.5358,227.346,0.454,0.309,,,-9.99,,
20065002,1994.160236,31.726,64.22,,,26,,,25.8178,19.6097,4.9386,36.5359,227.286,0.452,0.308,,,-9.99,,
20065002,1994.160236,31.726,64.22,,,28,,,27.8037,19.6108,4.9388,36.5359,227.217,0.453,0.309,,,-9.99,,
20065002,1994.160236,31.726,64.22,,,30,,,29.7895,19.6111,4.9389,36.536,227.294,0.451,0.308,,,-9.99,,
20065002,1994.160236,31.726,64.22,,,32,,,31.7753,19.611,4.939,36.5359,227.258,0.453,0.309,,,-9.99,,
20065002,1994.160236,31.726,64.22,,,34,,,33.7611,19.6106,4.9391,36.536,226.832,0.458,0.312,,,-9.99,,
20065002,1994.160236,31.726,64.22,,,36,,,35.7469,19.6105,4.9392,36.536,226.473,0.452,0.319,,,-9.99,,
20065002,1994.160236,31.726,64.22,,,38,,,37.7327,19.6115,4.9394,36.5361,226.371,0.453,0.321,,,-9.99,,
20065002,1994.160236,31.726,64.22,,,40,,,39.7184,19.6122,4.9395,36.5362,226.616,0.452,0.322,,,-9.99,,
20065002,1994.160236,31.726,64.22,,,42,,,41.7041,19.6133,4.9397,36.5361,226.863,0.45,0.325,,,-9.99,,
20065002,1994.160236,31.726,64.22,,,44,,,43.6898,19.6139,4.9399,36.5361,226.567,0.451,0.329,,,-9.99,,
20065002,1994.160236,31.726,64.22,,,46,,,45.6755,19.6131,4.9399,36.5363,226.321,0.451,0.334,,,-9.99,,
20065002,1994.160236,31.726,64.22,,,48,,,47.6612,19.6122,4.9399,36.5366,226.267,0.451,0.335,,,-9.99,,
20065002,1994.160236,31.726,64.22,,,50,,,49.6468,19.6113,4.94,36.5371,226.17,0.448,0.338,,,-9.99,,
20065002,1994.160236,31.726,64.22,,,52,,,51.6324,19.6117,4.9401,36.5371,225.994,0.449,0.339,,,-9.99,,
20065002,1994.160236,31.726,64.22,,,54,,,53.618,19.6122,4.9403,36.5372,225.804,0.449,0.344,,,-9.99,,
20065002,1994.160236,31.726,64.22,,,56,,,55.6036,19.6113,4.9403,36.5374,226.046,0.449,0.342,,,-9.99,,
20065002,1994.160236,31.726,64.22,,,58,,,57.5892,19.6096,4.9403,36.5379,226.248,0.448,0.341,,,-9.99,,
20065002,1994.160236,31.726,64.22,,,60,,,59.5747,19.6084,4.9403,36.5386,226.153,0.448,0.342,,,-9.99,,
20065002,1994.160236,31.726,64.22,,,62,,,61.5602,19.6079,4.9404,36.5388,226.176,0.471,0.343,,,-9.99,,
20065002,1994.160236,31.726,64.22,,,64,,,63.5457,19.6082,4.9405,36.5387,226.115,0.474,0.344,,,-9.99,,
20065002,1994.160236,31.726,64.22,,,66,,,65.5312,19.6085,4.9406,36.5388,226.029,0.453,0.347,,,-9.99,,
20065002,1994.160236,31.726,64.22,,,68,,,67.5167,19.6084,4.9408,36.5396,225.851,0.449,0.346,,,-9.99,,
20065002,1994.160236,31.726,64.22,,,70,,,69.5022,19.608,4.941,36.5406,225.641,0.447,0.345,,,-9.99,,
20065002,1994.160236,31.726,64.22,,,72,,,71.4876,19.6064,4.9411,36.5419,225.516,0.445,0.343,,,-9.99,,
20065002,1994.160236,31.726,64.22,,,74,,,73.473,19.5982,4.9404,36.543,225.305,0.442,0.341,,,-9.99,,
20065002,1994.160236,31.726,64.22,,,76,,,75.4584,19.5896,4.9397,36.5437,224.807,0.443,0.342,,,-9.99,,
20065002,1994.160236,31.726,64.22,,,78,,,77.4438,19.5533,4.9366,36.5491,224.547,0.441,0.344,,,-9.99,,
20065002,1994.160236,31.726,64.22,,,80,,,79.4291,19.526,4.9343,36.5535,224.268,0.438,0.35,,,-9.99,,
20065002,1994.160236,31.726,64.22,,,82,,,81.4144,19.5139,4.9334,36.5553,224.004,0.437,0.356,,,-9.99,,
20065002,1994.160236,31.726,64.22,,,84,,,83.3998,19.5058,4.9328,36.5565,223.72,0.435,0.361,,,-9.99,,
20065002,1994.160236,31.726,64.22,,,86,,,85.385,19.5033,4.9326,36.5566,223.734,0.433,0.354,,,-9.99,,
20065002,1994.160236,31.726,64.22,,,88,,,87.3703,19.4945,4.9319,36.5573,223.312,0.432,0.356,,,-9.99,,
20065002,1994.160236,31.726,64.22,,,90,,,89.3556,19.4749,4.93,36.5579,223.136,0.431,0.349,,,-9.99,,
20065002,1994.160236,31.726,64.22,,,92,,,91.3408,19.4589,4.9284,36.5581,222.96,0.428,0.346,,,-9.99,,
20065002,1994.160236,31.726,64.22,,,94,,,93.326,19.4603,4.9286,36.558,222.596,0.427,0.339,,,-9.99,,
20065002,1994.160236,31.726,64.22,,,96,,,95.3112,19.4533,4.928,36.5583,222.339,0.427,0.335,,,-9.99,,
20065002,1994.160236,31.726,64.22,,,98,,,97.2964,19.4481,4.9276,36.5584,222.417,0.425,0.331,,,-9.99,,
20065002,1994.160236,31.726,64.22,,100,,,99.2816,19.4332,4.926,36.558,222.285,0.422,0.325,,,-9.99,,,
20065002,1994.160236,31.726,64.22,,102,,101.2667,19.4239,4.9253,36.5589,221.834,0.416,0.315,,,-9.99,,,,
20065002,1994.160236,31.726,64.22,,104,,103.2518,19.4191,4.9252,36.5616,221.55,0.413,0.307,,,-9.99,,,,
20065002,1994.160236,31.726,64.22,,106,,105.2369,19.4144,4.9249,36.5625,221.512,0.413,0.302,,,-9.99,,,,
20065002,1994.160236,31.726,64.22,,108,,107.222,19.41,4.9244,36.5621,221.412,0.412,0.299,,,-9.99,,,,
20065002,1994.160236,31.726,64.22,,110,,109.2071,19.4076,4.9242,36.5618,221.453,0.41,0.296,,,-9.99,,,,
20065002,1994.160236,31.726,64.22,,112,,111.1921,19.4081,4.9244,36.5619,221.692,0.408,0.293,,,-9.99,,,,
20065002,1994.160236,31.726,64.22,,114,,113.1771,19.4077,4.9244,36.5619,221.271,0.409,0.295,,,-9.99,,,,
20065002,1994.160236,31.726,64.22,,116,,115.1622,19.4064,4.9244,36.5616,221.097,0.408,0.295,,,-9.99,,,,
20065002,1994.160236,31.726,64.22,,118,,117.1471,19.4033,4.9241,36.5611,221.098,0.409,0.294,,,-9.99,,,,
20065002,1994.160236,31.726,64.22,,120,,119.1321,19.4026,4.9241,36.5609,221.123,0.409,0.292,,,-9.99,,,,
20065002,1994.160236,31.726,64.22,,122,,121.1171,19.3917,4.9229,36.5598,221.024,0.407,0.294,,,-9.99,,,,
20065002,1994.160236,31.726,64.22,,124,,123.102,19.3862,4.9223,36.5593,220.907,0.406,0.289,,,-9.99,,,,
20065002,1994.160236,31.726,64.22,,126,,125.0869,19.3855,4.9223,36.5593,220.691,0.407,0.285,,,-9.99,,,,
20065002,1994.160236,31.726,64.22,,128,,127.0718,19.3824,4.9221,36.5591,220.498,0.406,0.28,,,-9.99,,,,
20065002,1994.160236,31.726,64.22,,130,,129.0567,19.3769,4.9216,36.559,220.607,0.404,0.278,,,-9.99,,,,
20065002,1994.160236,31.726,64.22,,132,,131.0415,19.3726,4.9212,36.5588,220.389,0.405,0.282,,,-9.99,,,,
20065002,1994.160236,31.726,64.22,,134,,133.0263,19.367,4.9207,36.5586,220.343,0.405,0.281,,,-9.99,,,,
20065002,1994.160236,31.726,64.22,,136,,135.0112,19.3636,4.9204,36.5585,220.389,0.404,0.28,,,-9.99,,,,
20065002,1994.160236,31.726,64.22,,138,,136.9959,19.3598,4.9201,36.5585,220.471,0.404,0.279,,,-9.99,,,,
20065002,1994.160236,31.726,64.22,,140,,138.9807,19.3588,4.92,36.5583,220.437,0.404,0.281,,,-9.99,,,,
20065002,1994.160236,31.726,64.22,,142,,140.9655,19.3514,4.9194,36.5585,220.447,0.404,0.283,,,-9.99,,,,
20065002,1994.160236,31.726,64.22,,144,,142.9502,19.344,4.9187,36.5587,220.689,0.403,0.283,,,-9.99,,,,
20065002,1994.160236,31.726,64.22,,146,,144.9349,19.3436,4.9187,36.5585,220.766,0.403,0.279,,,-9.99,,,,
20065002,1994.160236,31.726,64.22,,148,,146.9196,19.3386,4.9183,36.5587,220.803,0.404,0.277,,,-9.99,,,,
20065002,1994.160236,31.726,64.22,,150,,148.9043,19.3367,4.9182,36.5587,220.962,0.404,0.28,,,-9.99,,,,
20065002,1994.160236,31.726,64.22,,152,,150.889,19.335,4.9182,36.5593,220.694,0.402,0.28,,,-9.99,,,,
20065002,1994.160236,31.726,64.22,,154,,152.8736,19.3313,4.918,36.56,220.469,0.404,0.275,,,-9.99,,,,
20065002,1994.160236,31.726,64.22,,156,,154.8582,19.3285,4.9178,36.5605,220.179,0.402,0.274,,,-9.99,,,,
20065002,1994.160236,31.726,64.22,,158,,156.8428,19.3092,4.9158,36.5596,219.794,0.401,0.274,,,-9.99,,,,
20065002,1994.160236,31.726,64.22,,160,,158.8274,19.2921,4.9139,36.5584,219.536,0.399,0.273,,,-9.99,,,,
20065002,1994.160236,31.726,64.22,,162,,160.812,19.2911,4.914,36.559,219.192,0.4,0.272,,,-9.99,,,,
20065002,1994.160236,31.726,64.22,,164,,162.7965,19.2906,4.914,36.5589,219.068,0.4,0.267,,,-9.99,,,,
20065002,1994.160236,31.726,64.22,,166,,164.7811,19.2843,4.9135,36.5589,219.27,0.399,0.269,,,-9.99,,,,
20065002,1994.160236,31.726,64.22,,168,,166.7656,19.2745,4.9124,36.5578,219.446,0.399,0.269,,,-9.99,,,,
20065002,1994.160236,31.726,64.22,,170,,168.75,19.2657,4.9113,36.556,219.599,0.399,0.269,,,-9.99,,,,
20065002,1994.160236,31.726,64.22,,172,,170.7345,19.2568,4.9104,36.5549,219.931,0.399,0.27,,,-9.99,,,,
20065002,1994.160236,31.726,64.22,,174,,172.719,19.2561,4.9104,36.5548,220.241,0.4,0.272,,,-9.99,,,,
20065002,1994.160236,31.726,64.22,,176,,174.7034,19.2492,4.9097,36.5546,220.331,0.4,0.274,,,-9.99,,,,
20065002,1994.160236,31.726,64.22,,178,,176.6878,19.2409,4.9089,36.5542,220.49,0.4,0.275,,,-9.99,,,,
20065002,1994.160236,31.726,64.22,,180,,178.6722,19.2379,4.9086,36.5539,220.656,0.4,0.275,,,-9.99,,,,
20065002,1994.160236,31.726,64.22,,182,,180.6566,19.239,4.9088,36.5539,220.421,0.4,0.271,,,-9.99,,,,
20065002,1994.160236,31.726,64.22,,184,,182.6409,19.2376,4.9088,36.5538,220.284,0.4,0.272,,,-9.99,,,,
20065002,1994.160236,31.726,64.22,,186,,184.6253,19.236,4.9087,36.5537,220.178,0.4,0.276,,,-9.99,,,,
20065002,1994.160236,31.726,64.22,,188,,186.6096,19.2327,4.9084,36.5538,220.144,0.4,0.278,,,-9.99,,,,
20065002,1994.160236,31.726,64.22,,190,,188.5939,19.2301,4.9083,36.5541,220.222,0.4,0.275,,,-9.99,,,,
20065002,1994.160236,31.726,64.22,,192,,190.5781,19.2271,4.9081,36.5544,220.226,0.4,0.273,,,-9.99,,,,
20065002,1994.160236,31.726,64.22,,194,,192.5624,19.2261,4.9081,36.5545,220.261,0.4,0.273,,,-9.99,,,,
20065002,1994.160236,31.726,64.22,,196,,194.5466,19.2219,4.9077,36.5544,220.124,0.399,0.271,,,-9.99,,,,
20065002,1994.160236,31.726,64.22,,198,,196.5309,19.2095,4.9065,36.5544,219.909,0.399,0.27,,,-9.99,,,,
20065002,1994.160236,31.726,64.22,,200,,198.5151,19.2126,4.9072,36.5568,219.29,0.399,0.269,,,-9.99,,,,
20065002,1994.160236,31.726,64.22,,202,,200.4992,19.2224,4.909,36.5627,218.379,0.398,0.269,,,-9.99,,,,
20065002,1994.160236,31.726,64.22,,204,,202.4834,19.2384,4.9121,36.5734,216.454,0.397,0.268,,,-9.99,,,,
20065002,1994.160236,31.726,64.22,,206,,204.4675,19.2273,4.9111,36.5746,215.449,0.397,0.269,,,-9.99,,,,
20065002,1994.160236,31.726,64.22,,208,,206.4517,19.2106,4.9098,36.577,213.827,0.398,0.269,,,-9.99,,,,
20065002,1994.160236,31.726,64.22,,210,,208.4358,19.2148,4.9102,36.5765,213.445,0.399,0.265,,,-9.99,,,,
20065002,1994.160236,31.726,64.22,,212,,210.4199,19.2094,4.9099,36.5775,213.463,0.396,0.27,,,-9.99,,,,
20065002,1994.160236,31.726,64.22,,214,,212.4039,19.1986,4.9091,36.5797,213.301,0.396,0.269,,,-9.99,,,,
20065002,1994.160236,31.726,64.22,,216,,214.388,19.1928,4.9083,36.5771,212.926,0.396,0.271,,,-9.99,,,,
20065002,1994.160236,31.726,64.22,,218,,216.372,19.1797,4.9072,36.5787,212.006,0.396,0.266,,,-9.99,,,,
20065002,1994.160236,31.726,64.22,,220,,218.356,19.1647,4.907,36.5896,209.519,0.396,0.264,,,-9.99,,,,
20065002,1994.160236,31.726,64.22,,222,,220.34,19.1511,4.9062,36.5939,208.059,0.395,0.269,,,-9.99,,,,
20065002,1994.160236,31.726,64.22,,224,,222.324,19.1295,4.9042,36.5961,206.906,0.395,0.27,,,-9.99,,,,
20065002,1994.160236,31.726,64.22,,226,,224.3079,19.1238,4.9037,36.5961,206.921,0.395,0.267,,,-9.99,,,,
20065002,1994.160236,31.726,64.22,,228,,226.2918,19.1238,4.9038,36.5956,206.804,0.395,0.266,,,-9.99,,,,
20065002,1994.160236,31.726,64.22,,230,,228.2757,19.1165,4.9031,36.5959,206.353,0.395,0.266,,,-9.99,,,,
20065002,1994.160236,31.726,64.22,,232,,230.2596,19.0602,4.8973,36.596,205.428,0.395,0.264,,,-9.99,,,,
20065002,1994.160236,31.726,64.22,,234,,232.2435,19.0209,4.8934,36.5973,204.494,0.395,0.266,,,-9.99,,,,
20065002,1994.160236,31.726,64.22,,236,,234.2274,18.9845,4.8898,36.5984,204.048,0.396,0.266,,,-9.99,,,,
20065002,1994.160236,31.726,64.22,,238,,236.2112,18.9722,4.8886,36.5983,203.242,0.396,0.269,,,-9.99,,,,
20065002,1994.160236,31.726,64.22,,240,,238.195,18.9418,4.8856,36.5988,202.877,0.395,0.269,,,-9.99,,,,
20065002,1994.160236,31.726,64.22,,242,,240.1788,18.8745,4.8786,36.5985,203.162,0.394,0.269,,,-9.99,,,,
20065002,1994.160236,31.726,64.22,,244,,242.1626,18.8638,4.8775,36.5982,203.265,0.394,0.272,,,-9.99,,,,
20065002,1994.160236,31.726,64.22,,246,,244.1464,18.8543,4.8766,36.5978,203.351,0.394,0.273,,,-9.99,,,,
20065002,1994.160236,31.726,64.22,,248,,246.1301,18.8274,4.8738,36.5976,203.498,0.393,0.27,,,-9.99,,,,
20065002,1994.160236,31.726,64.22,,250,,248.1138,18.8216,4.8734,36.5983,203.545,0.393,0.271,,,-9.99,,,,
20065002,1994.160236,31.726,64.22,,252,,250.0975,18.8113,4.8723,36.5978,203.608,0.393,0.272,,,-9.99,,,,
20065002,1994.160236,31.726,64.22,,254,,252.0812,18.7859,4.8696,36.597,203.553,0.394,0.27,,,-9.99,,,,
20065002,1994.160236,31.726,64.22,,256,,254.0649,18.7785,4.8689,36.5965,203.452,0.393,0.269,,,-9.99,,,,
20065002,1994.160236,31.726,64.22,,258,,256.0485,18.7684,4.8679,36.5962,203.445,0.393,0.266,,,-9.99,,,,
20065002,1994.160236,31.726,64.22,,260,,258.0321,18.7672,4.8678,36.5958,203.681,0.393,0.268,,,-9.99,,,,
20065002,1994.160236,31.726,64.22,,262,,260.0157,18.7619,4.8673,36.5952,203.553,0.394,0.271,,,-9.99,,,,
20065002,1994.160236,31.726,64.22,,264,,261.9993,18.7629,4.8674,36.5948,203.887,0.394,0.263,,,-9.99,,,,
20065002,1994.160236,31.726,64.22,,266,,263.9829,18.7553,4.8667,36.5947,203.767,0.394,0.264,,,-9.99,,,,
20065002,1994.160236,31.726,64.22,,268,,265.9664,18.7369,4.8648,36.5942,203.993,0.393,0.266,,,-9.99,,,,
20065002,1994.160236,31.726,64.22,,270,,267.95,18.7176,4.8628,36.5939,204.225,0.393,0.268,,,-9.99,,,,
20065002,1994.160236,31.726,64.22,,272,,269.9335,18.7019,4.8612,36.5935,204.398,0.393,0.269,,,-9.99,,,,
20065002,1994.160236,31.726,64.22,,274,,271.917,18.6958,4.8606,36.5926,204.443,0.393,0.268,,,-9.99,,,,
20065002,1994.160236,31.726,64.22,,276,,273.9004,18.6756,4.8585,36.5918,204.665,0.393,0.267,,,-9.99,,,,
20065002,1994.160236,31.726,64.22,,278,,275.8839,18.6626,4.8572,36.592,204.756,0.393,0.268,,,-9.99,,,,
20065002,1994.160236,31.726,64.22,,280,,277.8673,18.6556,4.8566,36.5921,204.785,0.392,0.27,,,-9.99,,,,
20065002,1994.160236,31.726,64.22,,282,,279.8507,18.6533,4.8564,36.5915,205.815,0.393,0.265,,,-9.99,,,,
20065002,1994.160236,31.726,64.22,,284,,281.8341,18.627,4.8534,36.5892,206.055,0.392,0.265,,,-9.99,,,,
20065002,1994.160236,31.726,64.22,,286,,283.8175,18.6209,4.8528,36.5886,206.115,0.392,0.268,,,-9.99,,,,
20065002,1994.160236,31.726,64.22,,288,,285.8009,18.6176,4.8525,36.5886,205.96,0.392,0.269,,,-9.99,,,,
20065002,1994.160236,31.726,64.22,,290,,287.7842,18.6253,4.8535,36.5892,205.132,0.392,0.268,,,-9.99,,,,
20065002,1994.160236,31.726,64.22,,292,,289.7675,18.6187,4.8529,36.589,205.638,0.392,0.27,,,-9.99,,,,
20065002,1994.160236,31.726,64.22,,294,,291.7508,18.6091,4.852,36.5889,205.896,0.392,0.275,,,-9.99,,,,
20065002,1994.160236,31.726,64.22,,296,,293.7341,18.6054,4.8516,36.5885,206.218,0.392,0.269,,,-9.99,,,,
20065002,1994.160236,31.726,64.22,,298,,295.7174,18.5977,4.8508,36.5879,206.042,0.392,0.269,,,-9.99,,,,
20065002,1994.160236,31.726,64.22,,300,,297.7006,18.5951,4.8506,36.5879,206.083,0.392,0.272,,,-9.99,,,,
20065002,1994.160236,31.726,64.22,,302,,299.6838,18.584,4.8494,36.5866,206.24,0.392,0.273,,,-9.99,,,,
20065002,1994.160236,31.726,64.22,,304,,301.667,18.5797,4.849,36.5861,206.074,0.392,0.272,,,-9.99,,,,
20065002,1994.160236,31.726,64.22,,306,,303.6502,18.5847,4.8497,36.5867,205.754,0.392,0.27,,,-9.99,,,,
20065002,1994.160236,31.726,64.22,,308,,305.6334,18.5789,4.8492,36.5867,205.5,0.392,0.274,,,-9.99,,,,
20065002,1994.160236,31.726,64.22,,310,,307.6165,18.5623,4.8473,36.5852,205.233,0.392,0.276,,,-9.99,,,,
20065002,1994.160236,31.726,64.22,,312,,309.5997,18.5513,4.8462,36.5846,205.304,0.392,0.272,,,-9.99,,,,
20065002,1994.160236,31.726,64.22,,314,,311.5828,18.55,4.8461,36.584,205.399,0.392,0.272,,,-9.99,,,,
20065002,1994.160236,31.726,64.22,,316,,313.5659,18.5395,4.845,36.5832,205.111,0.392,0.275,,,-9.99,,,,
20065002,1994.160236,31.726,64.22,,318,,315.5489,18.5252,4.8435,36.5821,204.679,0.391,0.276,,,-9.99,,,,
20065002,1994.160236,31.726,64.22,,320,,317.532,18.5167,4.8426,36.5817,204.868,0.392,0.273,,,-9.99,,,,
20065002,1994.160236,31.726,64.22,,322,,319.515,18.5114,4.8421,36.5814,205.355,0.392,0.269,,,-9.99,,,,
20065002,1994.160236,31.726,64.22,,324,,321.498,18.5082,4.8419,36.582,205.458,0.392,0.268,,,-9.99,,,,
20065002,1994.160236,31.726,64.22,,326,,323.481,18.492,4.8404,36.5823,205.737,0.391,0.27,,,-9.99,,,,
20065002,1994.160236,31.726,64.22,,328,,325.464,18.5017,4.8414,36.582,205.67,0.391,0.273,,,-9.99,,,,
20065002,1994.160236,31.726,64.22,,330,,327.447,18.4787,4.8391,36.5816,205.907,0.391,0.274,,,-9.99,,,,
20065002,1994.160236,31.726,64.22,,332,,329.4299,18.4681,4.8379,36.5806,206.129,0.391,0.276,,,-9.99,,,,
20065002,1994.160236,31.726,64.22,,334,,331.4128,18.4572,4.8367,36.5794,206.274,0.391,0.275,,,-9.99,,,,
20065002,1994.160236,31.726,64.22,,336,,333.3957,18.448,4.8358,36.5785,206.29,0.391,0.275,,,-9.99,,,,
20065002,1994.160236,31.726,64.22,,338,,335.3786,18.4409,4.835,36.5776,206.147,0.391,0.276,,,-9.99,,,,
20065002,1994.160236,31.726,64.22,,340,,337.3615,18.4237,4.833,36.5752,206.026,0.391,0.276,,,-9.99,,,,
20065002,1994.160236,31.726,64.22,,342,,339.3443,18.4103,4.8316,36.5739,206.033,0.391,0.273,,,-9.99,,,,
20065002,1994.160236,31.726,64.22,,344,,341.3271,18.4151,4.8322,36.5743,205.636,0.391,0.274,,,-9.99,,,,
20065002,1994.160236,31.726,64.22,,346,,343.3099,18.3995,4.8305,36.5727,205.685,0.391,0.273,,,-9.99,,,,
20065002,1994.160236,31.726,64.22,,348,,345.2927,18.3891,4.8293,36.5714,205.73,0.392,0.272,,,-9.99,,,,
20065002,1994.160236,31.726,64.22,,350,,347.2755,18.3959,4.8302,36.5723,205.567,0.392,0.275,,,-9.99,,,,
20065002,1994.160236,31.726,64.22,,352,,349.2582,18.3885,4.8294,36.5713,205.214,0.392,0.275,,,-9.99,,,,
20065002,1994.160236,31.726,64.22,,354,,351.2409,18.3807,4.8285,36.5701,205.268,0.392,0.272,,,-9.99,,,,
20065002,1994.160236,31.726,64.22,,356,,353.2236,18.3776,4.8282,36.5695,205.308,0.392,0.275,,,-9.99,,,,
20065002,1994.160236,31.726,64.22,,358,,355.2063,18.3669,4.8271,36.5684,205.032,0.392,0.275,,,-9.99,,,,
20065002,1994.160236,31.726,64.22,,360,,357.189,18.3504,4.8252,36.5661,205.062,0.392,0.275,,,-9.99,,,,
20065002,1994.160236,31.726,64.22,,362,,359.1717,18.3351,4.8234,36.5635,205.2,0.392,0.276,,,-9.99,,,,
20065002,1994.160236,31.726,64.22,,364,,361.1543,18.3327,4.8232,36.5632,205.034,0.392,0.276,,,-9.99,,,,
20065002,1994.160236,31.726,64.22,,366,,363.1369,18.3214,4.8219,36.5616,204.897,0.392,0.274,,,-9.99,,,,
20065002,1994.160236,31.726,64.22,,368,,365.1195,18.3086,4.8204,36.5599,204.722,0.392,0.275,,,-9.99,,,,
20065002,1994.160236,31.726,64.22,,370,,367.1021,18.2959,4.8191,36.5586,205.026,0.392,0.277,,,-9.99,,,,
20065002,1994.160236,31.726,64.22,,372,,369.0846,18.2871,4.8181,36.5575,205.114,0.392,0.275,,,-9.99,,,,
20065002,1994.160236,31.726,64.22,,374,,371.0672,18.2846,4.8178,36.5568,204.947,0.392,0.28,,,-9.99,,,,
20065002,1994.160236,31.726,64.22,,376,,373.0497,18.2739,4.8166,36.5551,205.053,0.392,0.28,,,-9.99,,,,
20065002,1994.160236,31.726,64.22,,378,,375.0322,18.2613,4.8152,36.5532,205.159,0.392,0.278,,,-9.99,,,,
20065002,1994.160236,31.726,64.22,,380,,377.0147,18.2544,4.8144,36.5522,205.172,0.392,0.278,,,-9.99,,,,
20065002,1994.160236,31.726,64.22,,382,,378.9971,18.2418,4.8129,36.5499,205.143,0.392,0.277,,,-9.99,,,,
20065002,1994.160236,31.726,64.22,,384,,380.9796,18.2356,4.8123,36.5491,205.102,0.392,0.276,,,-9.99,,,,
20065002,1994.160236,31.726,64.22,,386,,382.962,18.2355,4.8124,36.5491,205.164,0.392,0.277,,,-9.99,,,,
20065002,1994.160236,31.726,64.22,,388,,384.9444,18.2231,4.8109,36.5474,205.058,0.392,0.28,,,-9.99,,,,
20065002,1994.160236,31.726,64.22,,390,,386.9268,18.2145,4.81,36.5462,205.027,0.392,0.281,,,-9.99,,,,
20065002,1994.160236,31.726,64.22,,392,,388.9091,18.2038,4.8088,36.5446,205.065,0.392,0.28,,,-9.99,,,,
20065002,1994.160236,31.726,64.22,,394,,390.8915,18.1941,4.8077,36.5433,205.167,0.392,0.28,,,-9.99,,,,
20065002,1994.160236,31.726,64.22,,396,,392.8738,18.1878,4.807,36.5422,205.238,0.392,0.281,,,-9.99,,,,
20065002,1994.160236,31.726,64.22,,398,,394.8561,18.1774,4.8059,36.5408,205.332,0.392,0.281,,,-9.99,,,,
20065002,1994.160236,31.726,64.22,,400,,396.8384,18.1727,4.8054,36.5402,205.317,0.392,0.281,,,-9.99,,,,
20065002,1994.160236,31.726,64.22,,402,,398.8207,18.168,4.8049,36.5395,205.334,0.392,0.281,,,-9.99,,,,
20065002,1994.160236,31.726,64.22,,404,,400.8029,18.1598,4.804,36.5384,205.425,0.392,0.281,,,-9.99,,,,
20065002,1994.160236,31.726,64.22,,406,,402.7851,18.1556,4.8036,36.5379,205.476,0.392,0.28,,,-9.99,,,,
20065002,1994.160236,31.726,64.22,,408,,404.7674,18.1493,4.8029,36.5371,205.469,0.393,0.277,,,-9.99,,,,
20065002,1994.160236,31.726,64.22,,410,,406.7495,18.1454,4.8026,36.5367,205.328,0.392,0.28,,,-9.99,,,,
20065002,1994.160236,31.726,64.22,,412,,408.7317,18.1383,4.8017,36.5346,205.247,0.392,0.282,,,-9.99,,,,
20065002,1994.160236,31.726,64.22,,414,,410.7139,18.1122,4.7987,36.5318,205.092,0.392,0.281,,,-9.99,,,,
20065002,1994.160236,31.726,64.22,,416,,412.696,18.098,4.7971,36.5296,204.876,0.392,0.282,,,-9.99,,,,
20065002,1994.160236,31.726,64.22,,418,,414.6781,18.0646,4.7931,36.525,204.884,0.392,0.282,,,-9.99,,,,
20065002,1994.160236,31.726,64.22,,420,,416.6602,18.0746,4.7944,36.5262,204.654,0.392,0.284,,,-9.99,,,,
20065002,1994.160236,31.726,64.22,,422,,418.6423,18.0604,4.7928,36.5246,204.747,0.392,0.283,,,-9.99,,,,
20065002,1994.160236,31.726,64.22,,424,,420.6244,18.0605,4.7929,36.5245,204.705,0.392,0.284,,,-9.99,,,,
20065002,1994.160236,31.726,64.22,,426,,422.6064,18.0495,4.7917,36.5231,204.877,0.392,0.285,,,-9.99,,,,
20065002,1994.160236,31.726,64.22,,428,,424.5884,18.0498,4.7919,36.5233,204.926,0.393,0.284,,,-9.99,,,,
20065002,1994.160236,31.726,64.22,,430,,426.5704,18.0309,4.7897,36.5208,204.842,0.392,0.283,,,-9.99,,,,
20065002,1994.160236,31.726,64.22,,432,,428.5524,18.0194,4.7884,36.5195,205.121,0.391,0.287,,,-9.99,,,,
20065002,1994.160236,31.726,64.22,,434,,430.5344,18.0088,4.7874,36.5191,205.364,0.395,0.289,,,-9.99,,,,
20065002,1994.160236,31.726,64.22,,436,,432.5163,17.9873,4.7848,36.5156,205.367,0.396,0.29,,,-9.99,,,,
20065002,1994.160236,31.726,64.22,,438,,434.4983,17.9842,4.7845,36.5146,205.224,0.393,0.287,,,-9.99,,,,
20065002,1994.160236,31.726,64.22,,440,,436.4802,17.9713,4.783,36.5132,205.061,0.392,0.288,,,-9.99,,,,
20065002,1994.160236,31.726,64.22,,442,,438.462,17.9679,4.7827,36.5126,204.684,0.392,0.288,,,-9.99,,,,
20065002,1994.160236,31.726,64.22,,444,,440.4439,17.9662,4.7826,36.5122,204.708,0.392,0.287,,,-9.99,,,,
20065002,1994.160236,31.726,64.22,,446,,442.4258,17.965,4.7825,36.5119,204.813,0.392,0.288,,,-9.99,,,,
20065002,1994.160236,31.726,64.22,,448,,444.4076,17.9613,4.7821,36.5114,204.744,0.392,0.287,,,-9.99,,,,
20065002,1994.160236,31.726,64.22,,450,,446.3894,17.9548,4.7814,36.5102,204.425,0.392,0.288,,,-9.99,,,,
20065002,1994.160236,31.726,64.22,,452,,448.3712,17.9388,4.7795,36.5077,204.13,0.392,0.288,,,-9.99,,,,
20065002,1994.160236,31.726,64.22,,454,,450.353,17.92,4.7774,36.5055,204.121,0.392,0.288,,,-9.99,,,,
20065002,1994.160236,31.726,64.22,,456,,452.3347,17.915,4.7769,36.5046,204.046,0.392,0.288,,,-9.99,,,,
20065002,1994.160236,31.726,64.22,,458,,454.3165,17.9022,4.7754,36.5028,203.9,0.392,0.288,,,-9.99,,,,
20065002,1994.160236,31.726,64.22,,460,,456.2982,17.8859,4.7736,36.5008,203.859,0.392,0.288,,,-9.99,,,,
20065002,1994.160236,31.726,64.22,,462,,458.2799,17.883,4.7733,36.5004,203.802,0.392,0.291,,,-9.99,,,,
20065002,1994.160236,31.726,64.22,,464,,460.2616,17.8813,4.7732,36.5002,203.665,0.392,0.292,,,-9.99,,,,
20065002,1994.160236,31.726,64.22,,466,,462.2432,17.8784,4.773,36.4999,203.714,0.392,0.291,,,-9.99,,,,
20065002,1994.160236,31.726,64.22,,468,,464.2249,17.8735,4.7725,36.499,203.912,0.392,0.289,,,-9.99,,,,
20065002,1994.160236,31.726,64.22,,470,,466.2065,17.8599,4.7709,36.4971,203.665,0.392,0.293,,,-9.99,,,,
20065002,1994.160236,31.726,64.22,,472,,468.1881,17.8498,4.7698,36.4956,203.504,0.392,0.293,,,-9.99,,,,
20065002,1994.160236,31.726,64.22,,474,,470.1697,17.8386,4.7685,36.4939,203.612,0.392,0.291,,,-9.99,,,,
20065002,1994.160236,31.726,64.22,,476,,472.1512,17.8365,4.7683,36.4937,203.501,0.392,0.292,,,-9.99,,,,
20065002,1994.160236,31.726,64.22,,478,,474.1328,17.8335,4.7681,36.4934,203.247,0.392,0.292,,,-9.99,,,,
20065002,1994.160236,31.726,64.22,,480,,476.1143,17.8317,4.7679,36.4929,203.561,0.392,0.293,,,-9.99,,,,
20065002,1994.160236,31.726,64.22,,482,,478.0958,17.822,4.7669,36.4919,203.695,0.392,0.294,,,-9.99,,,,
20065002,1994.160236,31.726,64.22,,484,,480.0773,17.802,4.7646,36.4891,203.773,0.392,0.29,,,-9.99,,,,
20065002,1994.160236,31.726,64.22,,486,,482.0588,17.778,4.7618,36.4858,203.784,0.392,0.291,,,-9.99,,,,
20065002,1994.160236,31.726,64.22,,488,,484.0402,17.77,4.7609,36.4845,203.871,0.392,0.29,,,-9.99,,,,
20065002,1994.160236,31.726,64.22,,490,,486.0217,17.7556,4.7592,36.4816,203.843,0.392,0.292,,,-9.99,,,,
20065002,1994.160236,31.726,64.22,,492,,488.0031,17.7257,4.7556,36.4766,203.928,0.392,0.293,,,-9.99,,,,
20065002,1994.160236,31.726,64.22,,494,,489.9845,17.7145,4.7542,36.4745,203.863,0.392,0.291,,,-9.99,,,,
20065002,1994.160236,31.726,64.22,,496,,491.9658,17.7203,4.755,36.475,203.491,0.392,0.29,,,-9.99,,,,
20065002,1994.160236,31.726,64.22,,498,,493.9472,17.7189,4.7549,36.4748,203.305,0.392,0.293,,,-9.99,,,,
20065002,1994.160236,31.726,64.22,,500,,495.9285,17.7057,4.7534,36.4727,203.179,0.392,0.295,,,-9.99,,,,
20065002,1994.160236,31.726,64.22,,502,,497.9099,17.7063,4.7535,36.4725,203.351,0.392,0.297,,,-9.99,,,,
20065002,1994.160236,31.726,64.22,,504,,499.8912,17.6885,4.7513,36.4689,203.01,0.392,0.299,,,-9.99,,,,
20065003,1994.1623,32.169,64.169,,,,4,,,,3.972,19.5765,4.9347,36.5408,227.21,0.437,0.363,,,-9.99
20065003,1994.1623,32.169,64.169,,,,6,,,,5.958,19.5868,4.9359,36.5408,226.728,0.433,0.352,,,-9.99
20065003,1994.1623,32.169,64.169,,,,8,,,,7.944,19.588,4.9361,36.5408,226.555,0.432,0.347,,,-9.99
20065003,1994.1623,32.169,64.169,,,10,,,,9.93,19.5874,4.9361,36.5407,226.475,0.431,0.344,,,-9.99,
20065003,1994.1623,32.169,64.169,,,12,,,11.9159,19.5869,4.9361,36.5405,226.2,0.431,0.336,,,-9.99,,
20065003,1994.1623,32.169,64.169,,,14,,,13.9018,19.5863,4.9362,36.5405,226.16,0.431,0.335,,,-9.99,,
20065003,1994.1623,32.169,64.169,,,16,,,15.8877,19.5864,4.9363,36.5405,226.113,0.43,0.333,,,-9.99,,
20065003,1994.1623,32.169,64.169,,,18,,,17.8736,19.587,4.9364,36.5406,226.133,0.429,0.336,,,-9.99,,
20065003,1994.1623,32.169,64.169,,,20,,,19.8594,19.5881,4.9366,36.5407,226.161,0.431,0.337,,,-9.99,,
20065003,1994.1623,32.169,64.169,,,22,,,21.8453,19.5902,4.9369,36.5407,226.098,0.43,0.334,,,-9.99,,
20065003,1994.1623,32.169,64.169,,,24,,,23.8311,19.5914,4.9372,36.5409,226.142,0.43,0.331,,,-9.99,,
20065003,1994.1623,32.169,64.169,,,26,,,25.8169,19.5924,4.9374,36.5411,226.05,0.429,0.332,,,-9.99,,
20065003,1994.1623,32.169,64.169,,,28,,,27.8027,19.593,4.9376,36.541,225.756,0.428,0.332,,,-9.99,,
20065003,1994.1623,32.169,64.169,,,30,,,29.7884,19.5935,4.9377,36.5411,225.693,0.429,0.327,,,-9.99,,
20065003,1994.1623,32.169,64.169,,,32,,,31.7742,19.5937,4.9378,36.5413,225.63,0.429,0.33,,,-9.99,,
20065003,1994.1623,32.169,64.169,,,34,,,33.7599,19.5932,4.9379,36.5412,225.73,0.429,0.332,,,-9.99,,
20065003,1994.1623,32.169,64.169,,,36,,,35.7456,19.5929,4.938,36.5415,225.763,0.429,0.335,,,-9.99,,
20065003,1994.1623,32.169,64.169,,,38,,,37.7313,19.593,4.9381,36.5418,225.666,0.43,0.337,,,-9.99,,
20065003,1994.1623,32.169,64.169,,,40,,,39.7169,19.5932,4.9382,36.5419,225.696,0.429,0.35,,,-9.99,,
20065003,1994.1623,32.169,64.169,,,42,,,41.7026,19.5948,4.9385,36.5417,225.541,0.429,0.347,,,-9.99,,
20065003,1994.1623,32.169,64.169,,,44,,,43.6882,19.5954,4.9386,36.5415,225.362,0.43,0.337,,,-9.99,,
20065003,1994.1623,32.169,64.169,,,46,,,45.6738,19.593,4.9384,36.5416,225.349,0.429,0.337,,,-9.99,,
20065003,1994.1623,32.169,64.169,,,48,,,47.6594,19.5911,4.9383,36.5414,225.415,0.43,0.339,,,-9.99,,
20065003,1994.1623,32.169,64.169,,,50,,,49.645,19.592,4.9385,36.5414,225.198,0.429,0.335,,,-9.99,,
20065003,1994.1623,32.169,64.169,,,52,,,51.6305,19.5936,4.9387,36.5414,225.136,0.429,0.336,,,-9.99,,
20065003,1994.1623,32.169,64.169,,,54,,,53.6161,19.5956,4.9391,36.5415,225.092,0.429,0.336,,,-9.99,,
20065003,1994.1623,32.169,64.169,,,56,,,55.6016,19.6006,4.9398,36.5425,224.991,0.429,0.334,,,-9.99,,
20065003,1994.1623,32.169,64.169,,,58,,,57.5871,19.6014,4.94,36.5425,224.761,0.429,0.334,,,-9.99,,
20065003,1994.1623,32.169,64.169,,,60,,,59.5725,19.6042,4.9404,36.543,224.543,0.429,0.333,,,-9.99,,
20065003,1994.1623,32.169,64.169,,,62,,,61.558,19.6045,4.9405,36.5429,224.148,0.428,0.331,,,-9.99,,
20065003,1994.1623,32.169,64.169,,,64,,,63.5434,19.6042,4.9406,36.5429,224.1,0.428,0.334,,,-9.99,,
20065003,1994.1623,32.169,64.169,,,66,,,65.5288,19.6034,4.9406,36.5429,224.346,0.429,0.34,,,-9.99,,
20065003,1994.1623,32.169,64.169,,,68,,,67.5142,19.6028,4.9406,36.5428,224.472,0.429,0.339,,,-9.99,,
20065003,1994.1623,32.169,64.169,,,70,,,69.4996,19.6018,4.9406,36.5426,224.496,0.429,0.338,,,-9.99,,
20065003,1994.1623,32.169,64.169,,,72,,,71.485,19.6004,4.9405,36.5424,224.494,0.429,0.337,,,-9.99,,
20065003,1994.1623,32.169,64.169,,,74,,,73.4703,19.6005,4.9406,36.5424,224.538,0.429,0.338,,,-9.99,,
20065003,1994.1623,32.169,64.169,,,76,,,75.4556,19.6005,4.9407,36.5425,224.615,0.429,0.34,,,-9.99,,
20065003,1994.1623,32.169,64.169,,,78,,,77.4409,19.6019,4.9409,36.5426,224.382,0.428,0.339,,,-9.99,,
20065003,1994.1623,32.169,64.169,,,80,,,79.4262,19.6022,4.9411,36.5426,224.248,0.429,0.341,,,-9.99,,
20065003,1994.1623,32.169,64.169,,,82,,,81.4114,19.6016,4.9411,36.5426,224.359,0.429,0.341,,,-9.99,,
20065003,1994.1623,32.169,64.169,,,84,,,83.3967,19.603,4.9413,36.5428,224.297,0.429,0.337,,,-9.99,,
20065003,1994.1623,32.169,64.169,,,86,,,85.3819,19.605,4.9417,36.543,224.169,0.429,0.34,,,-9.99,,
20065003,1994.1623,32.169,64.169,,,88,,,87.3671,19.6062,4.9419,36.5432,224.181,0.429,0.345,,,-9.99,,
20065003,1994.1623,32.169,64.169,,,90,,,89.3523,19.6066,4.942,36.543,224.267,0.428,0.344,,,-9.99,,
20065003,1994.1623,32.169,64.169,,,92,,,91.3375,19.6071,4.9421,36.5429,224.176,0.428,0.342,,,-9.99,,
20065003,1994.1623,32.169,64.169,,,94,,,93.3226,19.6079,4.9424,36.5432,223.978,0.429,0.344,,,-9.99,,
20065003,1994.1623,32.169,64.169,,,96,,,95.3077,19.6082,4.9425,36.5431,224.082,0.429,0.344,,,-9.99,,
20065003,1994.1623,32.169,64.169,,,98,,,97.2928,19.6096,4.9427,36.5433,223.917,0.429,0.338,,,-9.99,,
20065003,1994.1623,32.169,64.169,,100,,,99.2779,19.6127,4.9433,36.545,223.718,0.427,0.336,,,-9.99,,,
20065003,1994.1623,32.169,64.169,,102,,101.263,19.6145,4.9437,36.5457,223.458,0.425,0.333,,,-9.99,,,,
20065003,1994.1623,32.169,64.169,,104,,103.248,19.6161,4.9441,36.5469,223.463,0.422,0.331,,,-9.99,,,,
20065003,1994.1623,32.169,64.169,,106,,105.2331,19.6156,4.9445,36.5497,223.163,0.418,0.328,,,-9.99,,,,
20065003,1994.1623,32.169,64.169,,108,,107.2181,19.6126,4.9446,36.5524,222.618,0.415,0.322,,,-9.99,,,,
20065003,1994.1623,32.169,64.169,,110,,109.2031,19.5995,4.9439,36.5571,221.79,0.407,0.314,,,-9.99,,,,
20065003,1994.1623,32.169,64.169,,112,,111.188,19.5912,4.9431,36.5569,221.664,0.404,0.308,,,-9.99,,,,
20065003,1994.1623,32.169,64.169,,114,,113.173,19.5806,4.9422,36.5586,221.409,0.401,0.296,,,-9.99,,,,
20065003,1994.1623,32.169,64.169,,116,,115.1579,19.5696,4.9412,36.5587,221.05,0.394,0.288,,,-9.99,,,,
20065003,1994.1623,32.169,64.169,,118,,117.1428,19.5666,4.941,36.5587,221.181,0.393,0.285,,,-9.99,,,,
20065003,1994.1623,32.169,64.169,,120,,119.1277,19.5648,4.9409,36.5588,221.151,0.393,0.282,,,-9.99,,,,
20065003,1994.1623,32.169,64.169,,122,,121.1126,19.5635,4.9408,36.5588,221.201,0.393,0.281,,,-9.99,,,,
20065003,1994.1623,32.169,64.169,,124,,123.0975,19.5632,4.9409,36.5587,221.365,0.393,0.281,,,-9.99,,,,
20065003,1994.1623,32.169,64.169,,126,,125.0823,19.5639,4.941,36.5587,221.489,0.392,0.282,,,-9.99,,,,
20065003,1994.1623,32.169,64.169,,128,,127.0671,19.5622,4.941,36.5588,221.345,0.392,0.277,,,-9.99,,,,
20065003,1994.1623,32.169,64.169,,130,,129.0519,19.5613,4.9409,36.5587,221.185,0.392,0.277,,,-9.99,,,,
20065003,1994.1623,32.169,64.169,,132,,131.0367,19.5603,4.9409,36.5587,221.266,0.392,0.278,,,-9.99,,,,
20065003,1994.1623,32.169,64.169,,134,,133.0215,19.5596,4.9409,36.5587,221.178,0.392,0.279,,,-9.99,,,,
20065003,1994.1623,32.169,64.169,,136,,135.0062,19.5586,4.9409,36.5586,221.098,0.393,0.279,,,-9.99,,,,
20065003,1994.1623,32.169,64.169,,138,,136.9909,19.5583,4.941,36.5587,221.024,0.392,0.278,,,-9.99,,,,
20065003,1994.1623,32.169,64.169,,140,,138.9756,19.5571,4.9409,36.5587,221.055,0.393,0.281,,,-9.99,,,,
20065003,1994.1623,32.169,64.169,,142,,140.9603,19.5559,4.9409,36.5587,221.044,0.393,0.286,,,-9.99,,,,
20065003,1994.1623,32.169,64.169,,144,,142.945,19.554,4.9408,36.5587,220.983,0.392,0.287,,,-9.99,,,,
20065003,1994.1623,32.169,64.169,,146,,144.9296,19.5527,4.9408,36.5588,221.035,0.392,0.282,,,-9.99,,,,
20065003,1994.1623,32.169,64.169,,148,,146.9142,19.5526,4.9408,36.5585,221.141,0.392,0.284,,,-9.99,,,,
20065003,1994.1623,32.169,64.169,,150,,148.8988,19.543,4.9398,36.5581,221.209,0.392,0.285,,,-9.99,,,,
20065003,1994.1623,32.169,64.169,,152,,150.8834,19.5314,4.9386,36.5576,221.466,0.391,0.281,,,-9.99,,,,
20065003,1994.1623,32.169,64.169,,154,,152.868,19.526,4.9382,36.5575,221.209,0.391,0.281,,,-9.99,,,,
20065003,1994.1623,32.169,64.169,,156,,154.8526,19.5236,4.938,36.5579,221.077,0.391,0.281,,,-9.99,,,,
20065003,1994.1623,32.169,64.169,,158,,156.8371,19.5225,4.9381,36.5582,221.101,0.393,0.282,,,-9.99,,,,
20065003,1994.1623,32.169,64.169,,160,,158.8216,19.5216,4.9381,36.5585,221.146,0.394,0.282,,,-9.99,,,,
20065003,1994.1623,32.169,64.169,,162,,160.8061,19.5211,4.9382,36.5589,221.143,0.394,0.281,,,-9.99,,,,
20065003,1994.1623,32.169,64.169,,164,,162.7906,19.5209,4.9383,36.5593,221.122,0.391,0.279,,,-9.99,,,,
20065003,1994.1623,32.169,64.169,,166,,164.775,19.5218,4.9385,36.5596,221.199,0.392,0.278,,,-9.99,,,,
20065003,1994.1623,32.169,64.169,,168,,166.7594,19.5222,4.9386,36.5595,221.258,0.391,0.282,,,-9.99,,,,
20065003,1994.1623,32.169,64.169,,170,,168.7439,19.5208,4.9386,36.5598,220.935,0.391,0.28,,,-9.99,,,,
20065003,1994.1623,32.169,64.169,,172,,170.7283,19.5176,4.9383,36.5594,220.885,0.391,0.281,,,-9.99,,,,
20065003,1994.1623,32.169,64.169,,174,,172.7126,19.5127,4.9378,36.5587,221.045,0.391,0.281,,,-9.99,,,,
20065003,1994.1623,32.169,64.169,,176,,174.697,19.5107,4.9376,36.5584,221.133,0.391,0.281,,,-9.99,,,,
20065003,1994.1623,32.169,64.169,,178,,176.6813,19.5119,4.9379,36.5584,220.965,0.391,0.28,,,-9.99,,,,
20065003,1994.1623,32.169,64.169,,180,,178.6656,19.5106,4.9378,36.5581,220.882,0.391,0.28,,,-9.99,,,,
20065003,1994.1623,32.169,64.169,,182,,180.6499,19.5095,4.9377,36.5578,220.823,0.391,0.28,,,-9.99,,,,
20065003,1994.1623,32.169,64.169,,184,,182.6342,19.5086,4.9377,36.5575,220.746,0.391,0.28,,,-9.99,,,,
20065003,1994.1623,32.169,64.169,,186,,184.6185,19.5077,4.9376,36.5572,220.765,0.391,0.28,,,-9.99,,,,
20065003,1994.1623,32.169,64.169,,188,,186.6027,19.5061,4.9375,36.5567,220.85,0.391,0.281,,,-9.99,,,,
20065003,1994.1623,32.169,64.169,,190,,188.5869,19.5052,4.9374,36.5563,220.841,0.391,0.281,,,-9.99,,,,
20065003,1994.1623,32.169,64.169,,192,,190.5712,19.4982,4.9367,36.5555,220.472,0.39,0.279,,,-9.99,,,,
20065003,1994.1623,32.169,64.169,,194,,192.5553,19.4911,4.936,36.555,220.18,0.391,0.277,,,-9.99,,,,
20065003,1994.1623,32.169,64.169,,196,,194.5395,19.487,4.9356,36.5548,219.96,0.391,0.276,,,-9.99,,,,
20065003,1994.1623,32.169,64.169,,198,,196.5236,19.4821,4.9351,36.5545,219.8,0.391,0.275,,,-9.99,,,,
20065003,1994.1623,32.169,64.169,,200,,198.5078,19.4772,4.9347,36.5543,219.92,0.391,0.274,,,-9.99,,,,
20065003,1994.1623,32.169,64.169,,202,,200.4919,19.4653,4.9334,36.553,219.782,0.39,0.275,,,-9.99,,,,
20065003,1994.1623,32.169,64.169,,204,,202.476,19.4528,4.932,36.5516,219.636,0.39,0.275,,,-9.99,,,,
20065003,1994.1623,32.169,64.169,,206,,204.46,19.4308,4.9295,36.5493,219.447,0.39,0.275,,,-9.99,,,,
20065003,1994.1623,32.169,64.169,,208,,206.4441,19.4187,4.9281,36.5476,219.473,0.39,0.275,,,-9.99,,,,
20065003,1994.1623,32.169,64.169,,210,,208.4281,19.3914,4.9249,36.5441,219.289,0.39,0.277,,,-9.99,,,,
20065003,1994.1623,32.169,64.169,,212,,210.4121,19.3758,4.9231,36.5422,219.008,0.389,0.275,,,-9.99,,,,
20065003,1994.1623,32.169,64.169,,214,,212.3961,19.3652,4.922,36.5416,218.778,0.389,0.273,,,-9.99,,,,
20065003,1994.1623,32.169,64.169,,216,,214.3801,19.3522,4.9206,36.5403,218.477,0.389,0.273,,,-9.99,,,,
20065003,1994.1623,32.169,64.169,,218,,216.3641,19.3373,4.9189,36.5382,218.409,0.389,0.27,,,-9.99,,,,
20065003,1994.1623,32.169,64.169,,220,,218.348,19.3266,4.9176,36.5364,218.566,0.389,0.272,,,-9.99,,,,
20065003,1994.1623,32.169,64.169,,222,,220.3319,19.3178,4.9167,36.5353,218.545,0.389,0.27,,,-9.99,,,,
20065003,1994.1623,32.169,64.169,,224,,222.3158,19.2953,4.9144,36.5352,218.431,0.389,0.27,,,-9.99,,,,
20065003,1994.1623,32.169,64.169,,226,,224.2997,19.2756,4.9127,36.5381,218.325,0.388,0.27,,,-9.99,,,,
20065003,1994.1623,32.169,64.169,,228,,226.2835,19.2662,4.912,36.5391,217.867,0.388,0.268,,,-9.99,,,,
20065003,1994.1623,32.169,64.169,,230,,228.2674,19.2614,4.912,36.5427,217.361,0.389,0.268,,,-9.99,,,,
20065003,1994.1623,32.169,64.169,,232,,230.2512,19.2651,4.9131,36.5484,216.745,0.389,0.269,,,-9.99,,,,
20065003,1994.1623,32.169,64.169,,234,,232.235,19.2707,4.9141,36.5509,216.485,0.389,0.268,,,-9.99,,,,
20065003,1994.1623,32.169,64.169,,236,,234.2188,19.2742,4.9147,36.5523,216.35,0.388,0.27,,,-9.99,,,,
20065003,1994.1623,32.169,64.169,,238,,236.2025,19.2775,4.9158,36.5573,215.592,0.388,0.272,,,-9.99,,,,
20065003,1994.1623,32.169,64.169,,240,,238.1863,19.2831,4.9177,36.5675,215.012,0.388,0.271,,,-9.99,,,,
20065003,1994.1623,32.169,64.169,,242,,240.17,19.2796,4.9181,36.5736,213.972,0.388,0.273,,,-9.99,,,,
20065003,1994.1623,32.169,64.169,,244,,242.1537,19.2718,4.9177,36.5758,213.257,0.387,0.275,,,-9.99,,,,
20065003,1994.1623,32.169,64.169,,246,,244.1374,19.2579,4.9161,36.5746,213.251,0.387,0.275,,,-9.99,,,,
20065003,1994.1623,32.169,64.169,,248,,246.1211,19.2429,4.9144,36.5727,213.599,0.388,0.274,,,-9.99,,,,
20065003,1994.1623,32.169,64.169,,250,,248.1047,19.2296,4.9133,36.5739,213.239,0.388,0.275,,,-9.99,,,,
20065003,1994.1623,32.169,64.169,,252,,250.0883,19.2231,4.9129,36.5761,212.713,0.388,0.275,,,-9.99,,,,
20065003,1994.1623,32.169,64.169,,254,,252.072,19.2175,4.9127,36.5783,212.107,0.388,0.275,,,-9.99,,,,
20065003,1994.1623,32.169,64.169,,256,,254.0555,19.2075,4.912,36.5809,211.437,0.387,0.276,,,-9.99,,,,
20065003,1994.1623,32.169,64.169,,258,,256.0391,19.1953,4.9111,36.5832,210.767,0.387,0.279,,,-9.99,,,,
20065003,1994.1623,32.169,64.169,,260,,258.0227,19.1886,4.9106,36.5842,210.294,0.387,0.277,,,-9.99,,,,
20065003,1994.1623,32.169,64.169,,262,,260.0062,19.184,4.9103,36.5847,209.838,0.387,0.274,,,-9.99,,,,
20065003,1994.1623,32.169,64.169,,264,,261.9897,19.1798,4.9099,36.5846,209.566,0.387,0.272,,,-9.99,,,,
20065003,1994.1623,32.169,64.169,,266,,263.9732,19.1584,4.9081,36.5871,209.029,0.387,0.273,,,-9.99,,,,
20065003,1994.1623,32.169,64.169,,268,,265.9567,19.1326,4.9059,36.5906,208.168,0.387,0.274,,,-9.99,,,,
20065003,1994.1623,32.169,64.169,,270,,267.9401,19.0915,4.9022,36.5951,206.461,0.387,0.273,,,-9.99,,,,
20065003,1994.1623,32.169,64.169,,272,,269.9236,19.0673,4.8998,36.5958,205.618,0.387,0.273,,,-9.99,,,,
20065003,1994.1623,32.169,64.169,,274,,271.907,19.0196,4.8951,36.5974,204.698,0.387,0.271,,,-9.99,,,,
20065003,1994.1623,32.169,64.169,,276,,273.8904,19.0078,4.894,36.5976,204.308,0.387,0.272,,,-9.99,,,,
20065003,1994.1623,32.169,64.169,,278,,275.8738,18.9818,4.8913,36.5972,203.727,0.387,0.275,,,-9.99,,,,
20065003,1994.1623,32.169,64.169,,280,,277.8571,18.8833,4.8807,36.5945,203.369,0.386,0.276,,,-9.99,,,,
20065003,1994.1623,32.169,64.169,,282,,279.8405,18.8463,4.8769,36.5941,203.402,0.386,0.275,,,-9.99,,,,
20065003,1994.1623,32.169,64.169,,284,,281.8238,18.8393,4.8762,36.5942,203.178,0.387,0.276,,,-9.99,,,,
20065003,1994.1623,32.169,64.169,,286,,283.8071,18.8293,4.8753,36.5944,203.135,0.386,0.277,,,-9.99,,,,
20065003,1994.1623,32.169,64.169,,288,,285.7904,18.8299,4.8755,36.5947,203.148,0.386,0.273,,,-9.99,,,,
20065003,1994.1623,32.169,64.169,,290,,287.7737,18.8243,4.875,36.5946,202.859,0.386,0.277,,,-9.99,,,,
20065003,1994.1623,32.169,64.169,,292,,289.7569,18.8229,4.8749,36.5947,203.219,0.386,0.272,,,-9.99,,,,
20065003,1994.1623,32.169,64.169,,294,,291.7401,18.8182,4.8745,36.5943,203.194,0.386,0.274,,,-9.99,,,,
20065003,1994.1623,32.169,64.169,,296,,293.7233,18.814,4.8741,36.5941,203.212,0.386,0.275,,,-9.99,,,,
20065003,1994.1623,32.169,64.169,,298,,295.7065,18.7992,4.8725,36.593,203.129,0.386,0.276,,,-9.99,,,,
20065003,1994.1623,32.169,64.169,,300,,297.6897,18.7629,4.8685,36.5905,203.264,0.386,0.275,,,-9.99,,,,
20065003,1994.1623,32.169,64.169,,302,,299.6728,18.7358,4.8656,36.589,203.488,0.386,0.28,,,-9.99,,,,
20065003,1994.1623,32.169,64.169,,304,,301.656,18.7213,4.864,36.588,203.696,0.384,0.28,,,-9.99,,,,
20065003,1994.1623,32.169,64.169,,306,,303.6391,18.6963,4.8613,36.586,203.508,0.385,0.28,,,-9.99,,,,
20065003,1994.1623,32.169,64.169,,308,,305.6222,18.6703,4.8585,36.5845,203.746,0.384,0.279,,,-9.99,,,,
20065003,1994.1623,32.169,64.169,,310,,307.6053,18.6419,4.8554,36.583,204.029,0.383,0.279,,,-9.99,,,,
20065003,1994.1623,32.169,64.169,,312,,309.5883,18.5974,4.8506,36.5807,204.558,0.383,0.275,,,-9.99,,,,
20065003,1994.1623,32.169,64.169,,314,,311.5713,18.6067,4.8517,36.5812,204.366,0.383,0.277,,,-9.99,,,,
20065003,1994.1623,32.169,64.169,,316,,313.5544,18.5912,4.85,36.5802,204.59,0.383,0.277,,,-9.99,,,,
20065003,1994.1623,32.169,64.169,,318,,315.5374,18.5809,4.849,36.5793,204.806,0.383,0.278,,,-9.99,,,,
20065003,1994.1623,32.169,64.169,,320,,317.5203,18.5736,4.8482,36.5789,204.88,0.383,0.279,,,-9.99,,,,
20065003,1994.1623,32.169,64.169,,322,,319.5033,18.567,4.8476,36.5784,204.792,0.388,0.276,,,-9.99,,,,
20065003,1994.1623,32.169,64.169,,324,,321.4862,18.5478,4.8455,36.5768,204.606,0.386,0.278,,,-9.99,,,,
20065003,1994.1623,32.169,64.169,,326,,323.4692,18.5256,4.8431,36.576,204.665,0.382,0.279,,,-9.99,,,,
20065003,1994.1623,32.169,64.169,,328,,325.4521,18.5116,4.8417,36.5757,204.784,0.382,0.28,,,-9.99,,,,
20065003,1994.1623,32.169,64.169,,330,,327.4349,18.5003,4.8407,36.576,204.952,0.382,0.28,,,-9.99,,,,
20065003,1994.1623,32.169,64.169,,332,,329.4178,18.4936,4.8401,36.5763,205.033,0.382,0.279,,,-9.99,,,,
20065003,1994.1623,32.169,64.169,,334,,331.4007,18.4917,4.84,36.5764,205.117,0.382,0.277,,,-9.99,,,,
20065003,1994.1623,32.169,64.169,,336,,333.3835,18.4884,4.8397,36.5762,205.246,0.382,0.278,,,-9.99,,,,
20065003,1994.1623,32.169,64.169,,338,,335.3663,18.4846,4.8394,36.576,205.189,0.382,0.28,,,-9.99,,,,
20065003,1994.1623,32.169,64.169,,340,,337.3491,18.4814,4.8391,36.5756,205.008,0.382,0.28,,,-9.99,,,,
20065003,1994.1623,32.169,64.169,,342,,339.3318,18.4781,4.8388,36.5751,205.129,0.382,0.281,,,-9.99,,,,
20065003,1994.1623,32.169,64.169,,344,,341.3146,18.4731,4.8383,36.5745,205.105,0.382,0.28,,,-9.99,,,,
20065003,1994.1623,32.169,64.169,,346,,343.2973,18.4653,4.8374,36.5736,205.138,0.382,0.278,,,-9.99,,,,
20065003,1994.1623,32.169,64.169,,348,,345.28,18.4626,4.8372,36.5734,205.074,0.381,0.276,,,-9.99,,,,
20065003,1994.1623,32.169,64.169,,350,,347.2627,18.4597,4.837,36.573,204.946,0.381,0.275,,,-9.99,,,,
20065003,1994.1623,32.169,64.169,,352,,349.2454,18.4545,4.8364,36.5721,204.823,0.382,0.277,,,-9.99,,,,
20065003,1994.1623,32.169,64.169,,354,,351.2281,18.4487,4.8358,36.5712,204.718,0.382,0.278,,,-9.99,,,,
20065003,1994.1623,32.169,64.169,,356,,353.2107,18.4403,4.8349,36.5707,204.673,0.382,0.279,,,-9.99,,,,
20065003,1994.1623,32.169,64.169,,358,,355.1933,18.4379,4.8348,36.5707,204.882,0.382,0.278,,,-9.99,,,,
20065003,1994.1623,32.169,64.169,,360,,357.1759,18.428,4.8337,36.5694,204.894,0.382,0.28,,,-9.99,,,,
20065003,1994.1623,32.169,64.169,,362,,359.1585,18.4133,4.832,36.5674,205.067,0.382,0.282,,,-9.99,,,,
20065003,1994.1623,32.169,64.169,,364,,361.141,18.4019,4.8307,36.5659,204.836,0.382,0.28,,,-9.99,,,,
20065003,1994.1623,32.169,64.169,,366,,363.1236,18.3904,4.8294,36.5646,204.737,0.382,0.281,,,-9.99,,,,
20065003,1994.1623,32.169,64.169,,368,,365.1061,18.3842,4.8288,36.5636,204.929,0.382,0.28,,,-9.99,,,,
20065003,1994.1623,32.169,64.169,,370,,367.0886,18.3792,4.8283,36.5634,204.712,0.382,0.28,,,-9.99,,,,
20065003,1994.1623,32.169,64.169,,372,,369.0711,18.3661,4.8269,36.5623,204.622,0.382,0.281,,,-9.99,,,,
20065003,1994.1623,32.169,64.169,,374,,371.0535,18.3602,4.8263,36.5617,204.739,0.382,0.283,,,-9.99,,,,
20065003,1994.1623,32.169,64.169,,376,,373.036,18.3504,4.8252,36.5605,204.682,0.382,0.282,,,-9.99,,,,
20065003,1994.1623,32.169,64.169,,378,,375.0184,18.3347,4.8235,36.559,204.669,0.382,0.283,,,-9.99,,,,
20065003,1994.1623,32.169,64.169,,380,,377.0008,18.324,4.8224,36.5583,204.852,0.382,0.283,,,-9.99,,,,
20065003,1994.1623,32.169,64.169,,382,,378.9832,18.3139,4.8213,36.5573,204.964,0.382,0.282,,,-9.99,,,,
20065003,1994.1623,32.169,64.169,,384,,380.9656,18.2968,4.8194,36.5554,204.833,0.382,0.283,,,-9.99,,,,
20065003,1994.1623,32.169,64.169,,386,,382.9479,18.2855,4.8182,36.5541,204.687,0.382,0.282,,,-9.99,,,,
20065003,1994.1623,32.169,64.169,,388,,384.9303,18.2651,4.8159,36.552,204.609,0.382,0.281,,,-9.99,,,,
20065003,1994.1623,32.169,64.169,,390,,386.9126,18.2523,4.8144,36.5502,204.55,0.382,0.282,,,-9.99,,,,
20065003,1994.1623,32.169,64.169,,392,,388.8949,18.2375,4.8127,36.548,204.505,0.382,0.283,,,-9.99,,,,
20065003,1994.1623,32.169,64.169,,394,,390.8771,18.2252,4.8113,36.5465,204.644,0.382,0.281,,,-9.99,,,,
20065003,1994.1623,32.169,64.169,,396,,392.8594,18.227,4.8116,36.5468,204.531,0.382,0.281,,,-9.99,,,,
20065003,1994.1623,32.169,64.169,,398,,394.8416,18.2259,4.8116,36.5466,204.224,0.383,0.282,,,-9.99,,,,
20065003,1994.1623,32.169,64.169,,400,,396.8238,18.2017,4.8087,36.5429,204.04,0.382,0.283,,,-9.99,,,,
20065003,1994.1623,32.169,64.169,,402,,398.806,18.1941,4.8079,36.5422,204.207,0.382,0.283,,,-9.99,,,,
20065003,1994.1623,32.169,64.169,,404,,400.7882,18.1856,4.8069,36.5405,204.421,0.382,0.284,,,-9.99,,,,
20065004,1994.162359,32.167,64.495,,,,9,,,,8.937,19.5997,4.9378,36.5446,222.69,0.427,0.326,,,-9.99
20065004,1994.162359,32.167,64.495,,,11,,,10.9229,19.5989,4.9378,36.5446,222.575,0.427,0.321,,,-9.99,,
20065004,1994.162359,32.167,64.495,,,13,,,12.9089,19.5986,4.9379,36.5446,222.423,0.428,0.319,,,-9.99,,
20065004,1994.162359,32.167,64.495,,,15,,,14.8948,19.5984,4.938,36.5446,222.377,0.428,0.32,,,-9.99,,
20065004,1994.162359,32.167,64.495,,,17,,,16.8806,19.5986,4.9381,36.5446,222.436,0.428,0.32,,,-9.99,,
20065004,1994.162359,32.167,64.495,,,19,,,18.8665,19.5984,4.9381,36.5446,222.649,0.428,0.318,,,-9.99,,
20065004,1994.162359,32.167,64.495,,,21,,,20.8524,19.5987,4.9383,36.5446,222.57,0.428,0.317,,,-9.99,,
20065004,1994.162359,32.167,64.495,,,23,,,22.8382,19.5993,4.9384,36.5446,222.155,0.428,0.317,,,-9.99,,
20065004,1994.162359,32.167,64.495,,,25,,,24.824,19.6004,4.9386,36.5446,222.361,0.428,0.321,,,-9.99,,
20065004,1994.162359,32.167,64.495,,,27,,,26.8098,19.5999,4.9387,36.5448,222.478,0.429,0.316,,,-9.99,,
20065004,1994.162359,32.167,64.495,,,29,,,28.7956,19.604,4.9392,36.5448,222.39,0.428,0.314,,,-9.99,,
20065004,1994.162359,32.167,64.495,,,31,,,30.7813,19.6063,4.9396,36.5453,222.426,0.428,0.313,,,-9.99,,
20065004,1994.162359,32.167,64.495,,,33,,,32.767,19.6086,4.94,36.5456,222.42,0.426,0.315,,,-9.99,,
20065004,1994.162359,32.167,64.495,,,35,,,34.7528,19.6084,4.94,36.5455,222.403,0.43,0.314,,,-9.99,,
20065004,1994.162359,32.167,64.495,,,37,,,36.7385,19.61,4.9403,36.546,222.14,0.426,0.315,,,-9.99,,
20065004,1994.162359,32.167,64.495,,,39,,,38.7241,19.6096,4.9404,36.5459,222.187,0.426,0.318,,,-9.99,,
20065004,1994.162359,32.167,64.495,,,41,,,40.7098,19.6088,4.9403,36.5455,222.175,0.426,0.316,,,-9.99,,
20065004,1994.162359,32.167,64.495,,,43,,,42.6954,19.6096,4.9405,36.5457,222.253,0.426,0.317,,,-9.99,,
20065004,1994.162359,32.167,64.495,,,45,,,44.681,19.61,4.9407,36.5458,222.239,0.426,0.316,,,-9.99,,
20065004,1994.162359,32.167,64.495,,,47,,,46.6666,19.6094,4.9407,36.5453,222.21,0.427,0.319,,,-9.99,,
20065004,1994.162359,32.167,64.495,,,49,,,48.6522,19.6091,4.9407,36.5451,222.217,0.427,0.32,,,-9.99,,
20065004,1994.162359,32.167,64.495,,,51,,,50.6378,19.6091,4.9408,36.545,222.198,0.427,0.325,,,-9.99,,
20065004,1994.162359,32.167,64.495,,,53,,,52.6233,19.6091,4.9409,36.5451,222.203,0.427,0.329,,,-9.99,,
20065004,1994.162359,32.167,64.495,,,55,,,54.6088,19.6091,4.941,36.5452,222.203,0.427,0.33,,,-9.99,,
20065004,1994.162359,32.167,64.495,,,57,,,56.5943,19.6091,4.9411,36.5454,222.234,0.427,0.327,,,-9.99,,
20065004,1994.162359,32.167,64.495,,,59,,,58.5798,19.6094,4.9412,36.5456,222.249,0.427,0.322,,,-9.99,,
20065004,1994.162359,32.167,64.495,,,61,,,60.5653,19.61,4.9414,36.5458,222.243,0.426,0.321,,,-9.99,,
20065004,1994.162359,32.167,64.495,,,63,,,62.5507,19.6107,4.9416,36.546,222.184,0.425,0.314,,,-9.99,,
20065004,1994.162359,32.167,64.495,,,65,,,64.5361,19.6104,4.9416,36.5458,222.143,0.425,0.313,,,-9.99,,
20065004,1994.162359,32.167,64.495,,,67,,,66.5215,19.6097,4.9416,36.5453,222.195,0.427,0.317,,,-9.99,,
20065004,1994.162359,32.167,64.495,,,69,,,68.5069,19.6097,4.9416,36.5451,222.216,0.427,0.32,,,-9.99,,
20065004,1994.162359,32.167,64.495,,,71,,,70.4923,19.6099,4.9417,36.5448,222.246,0.427,0.324,,,-9.99,,
20065004,1994.162359,32.167,64.495,,,73,,,72.4776,19.6103,4.9419,36.5449,222.247,0.428,0.323,,,-9.99,,
20065004,1994.162359,32.167,64.495,,,75,,,74.463,19.6106,4.942,36.5449,222.253,0.428,0.322,,,-9.99,,
20065004,1994.162359,32.167,64.495,,,77,,,76.4483,19.611,4.9421,36.545,222.269,0.427,0.327,,,-9.99,,
20065004,1994.162359,32.167,64.495,,,79,,,78.4336,19.6115,4.9423,36.5452,222.209,0.428,0.332,,,-9.99,,
20065004,1994.162359,32.167,64.495,,,81,,,80.4188,19.6116,4.9424,36.5455,222.217,0.427,0.328,,,-9.99,,
20065004,1994.162359,32.167,64.495,,,83,,,82.4041,19.6123,4.9426,36.5454,222.205,0.427,0.325,,,-9.99,,
20065004,1994.162359,32.167,64.495,,,85,,,84.3893,19.6127,4.9428,36.5457,222.222,0.426,0.324,,,-9.99,,
20065004,1994.162359,32.167,64.495,,,87,,,86.3745,19.6135,4.9429,36.5457,222.189,0.426,0.324,,,-9.99,,
20065004,1994.162359,32.167,64.495,,,89,,,88.3597,19.614,4.9431,36.5461,222.214,0.425,0.325,,,-9.99,,
20065004,1994.162359,32.167,64.495,,,91,,,90.3449,19.6144,4.9433,36.5462,222.315,0.425,0.328,,,-9.99,,
20065004,1994.162359,32.167,64.495,,,93,,,92.3301,19.6154,4.9436,36.5472,222.329,0.424,0.328,,,-9.99,,
20065004,1994.162359,32.167,64.495,,,95,,,94.3152,19.6167,4.9438,36.5474,222.022,0.422,0.325,,,-9.99,,
20065004,1994.162359,32.167,64.495,,,97,,,96.3003,19.6171,4.944,36.5479,221.657,0.422,0.316,,,-9.99,,
20065004,1994.162359,32.167,64.495,,,99,,,98.2854,19.6176,4.9443,36.5492,221.557,0.419,0.313,,,-9.99,,
20065004,1994.162359,32.167,64.495,,101,,100.2705,19.6174,4.9444,36.5496,221.6,0.419,0.314,,,-9.99,,,,
20065004,1994.162359,32.167,64.495,,103,,102.2555,19.6177,4.9448,36.5513,221.308,0.415,0.312,,,-9.99,,,,
20065004,1994.162359,32.167,64.495,,105,,104.2406,19.6129,4.9446,36.5534,220.962,0.411,0.308,,,-9.99,,,,
20065004,1994.162359,32.167,64.495,,107,,106.2256,19.6061,4.9442,36.555,220.617,0.407,0.299,,,-9.99,,,,
20065004,1994.162359,32.167,64.495,,109,,108.2106,19.601,4.9439,36.5565,220.412,0.404,0.293,,,-9.99,,,,
20065004,1994.162359,32.167,64.495,,111,,110.1956,19.5921,4.9433,36.5587,220.099,0.399,0.282,,,-9.99,,,,
20065004,1994.162359,32.167,64.495,,113,,112.1805,19.585,4.9427,36.559,219.898,0.396,0.275,,,-9.99,,,,
20065004,1994.162359,32.167,64.495,,115,,114.1655,19.574,4.9417,36.5595,219.75,0.394,0.273,,,-9.99,,,,
20065004,1994.162359,32.167,64.495,,117,,116.1504,19.5673,4.9411,36.5595,219.811,0.394,0.271,,,-9.99,,,,
20065004,1994.162359,32.167,64.495,,119,,118.1353,19.5648,4.9409,36.5595,219.746,0.393,0.272,,,-9.99,,,,
20065004,1994.162359,32.167,64.495,,121,,120.1202,19.5616,4.9407,36.5595,219.584,0.392,0.274,,,-9.99,,,,
20065004,1994.162359,32.167,64.495,,123,,122.1051,19.5599,4.9406,36.5595,219.533,0.392,0.272,,,-9.99,,,,
20065004,1994.162359,32.167,64.495,,125,,124.0899,19.5587,4.9405,36.5595,219.526,0.392,0.268,,,-9.99,,,,
20065004,1994.162359,32.167,64.495,,127,,126.0747,19.5573,4.9405,36.5595,219.629,0.392,0.264,,,-9.99,,,,
20065004,1994.162359,32.167,64.495,,129,,128.0595,19.5573,4.9406,36.5594,219.766,0.392,0.268,,,-9.99,,,,
20065004,1994.162359,32.167,64.495,,131,,130.0443,19.5569,4.9406,36.5593,219.737,0.392,0.269,,,-9.99,,,,
20065004,1994.162359,32.167,64.495,,133,,132.0291,19.5556,4.9405,36.5593,219.619,0.392,0.266,,,-9.99,,,,
20065004,1994.162359,32.167,64.495,,135,,134.0139,19.5531,4.9404,36.5594,219.602,0.392,0.266,,,-9.99,,,,
20065004,1994.162359,32.167,64.495,,137,,135.9986,19.5512,4.9403,36.5594,219.542,0.392,0.304,,,-9.99,,,,
20065004,1994.162359,32.167,64.495,,139,,137.9833,19.5468,4.9398,36.5589,219.643,0.392,0.342,,,-9.99,,,,
20065004,1994.162359,32.167,64.495,,141,,139.968,19.5406,4.9392,36.5586,219.753,0.392,0.309,,,-9.99,,,,
20065004,1994.162359,32.167,64.495,,143,,141.9527,19.5357,4.9388,36.5585,219.896,0.391,0.286,,,-9.99,,,,
20065004,1994.162359,32.167,64.495,,145,,143.9373,19.5312,4.9384,36.5584,220.035,0.393,0.272,,,-9.99,,,,
20065004,1994.162359,32.167,64.495,,147,,145.922,19.5274,4.9381,36.5582,220.055,0.392,0.272,,,-9.99,,,,
20065004,1994.162359,32.167,64.495,,149,,147.9066,19.5236,4.9378,36.5581,220.134,0.391,0.271,,,-9.99,,,,
20065004,1994.162359,32.167,64.495,,151,,149.8912,19.5238,4.9378,36.5579,220.18,0.391,0.272,,,-9.99,,,,
20065004,1994.162359,32.167,64.495,,153,,151.8757,19.5206,4.9376,36.5578,219.93,0.391,0.269,,,-9.99,,,,
20065004,1994.162359,32.167,64.495,,155,,153.8603,19.5173,4.9373,36.5577,219.867,0.391,0.269,,,-9.99,,,,
20065004,1994.162359,32.167,64.495,,157,,155.8448,19.5166,4.9373,36.5576,219.849,0.392,0.268,,,-9.99,,,,
20065004,1994.162359,32.167,64.495,,159,,157.8294,19.5164,4.9374,36.5576,219.678,0.392,0.267,,,-9.99,,,,
20065004,1994.162359,32.167,64.495,,161,,159.8139,19.5159,4.9374,36.5575,219.597,0.391,0.267,,,-9.99,,,,
20065004,1994.162359,32.167,64.495,,163,,161.7983,19.5145,4.9373,36.5574,219.612,0.391,0.266,,,-9.99,,,,
20065004,1994.162359,32.167,64.495,,165,,163.7828,19.5122,4.9372,36.5573,219.707,0.391,0.267,,,-9.99,,,,
20065004,1994.162359,32.167,64.495,,167,,165.7673,19.5119,4.9372,36.5572,219.613,0.391,0.264,,,-9.99,,,,
20065004,1994.162359,32.167,64.495,,169,,167.7517,19.5113,4.9372,36.5571,219.575,0.39,0.26,,,-9.99,,,,
20065004,1994.162359,32.167,64.495,,171,,169.7361,19.5108,4.9373,36.5571,219.524,0.39,0.261,,,-9.99,,,,
20065004,1994.162359,32.167,64.495,,173,,171.7205,19.5107,4.9374,36.5573,219.431,0.39,0.267,,,-9.99,,,,
20065004,1994.162359,32.167,64.495,,175,,173.7048,19.5109,4.9375,36.5574,219.447,0.391,0.269,,,-9.99,,,,
20065004,1994.162359,32.167,64.495,,177,,175.6892,19.5105,4.9375,36.5574,219.552,0.39,0.266,,,-9.99,,,,
20065004,1994.162359,32.167,64.495,,179,,177.6735,19.5058,4.9371,36.5571,219.241,0.39,0.268,,,-9.99,,,,
20065004,1994.162359,32.167,64.495,,181,,179.6578,19.5009,4.9367,36.5569,219.055,0.39,0.265,,,-9.99,,,,
20065004,1994.162359,32.167,64.495,,183,,181.6421,19.4983,4.9364,36.5567,219.132,0.39,0.265,,,-9.99,,,,
20065004,1994.162359,32.167,64.495,,185,,183.6264,19.4964,4.9363,36.5566,219.198,0.39,0.266,,,-9.99,,,,
20065004,1994.162359,32.167,64.495,,187,,185.6106,19.4946,4.9362,36.5563,219.206,0.391,0.265,,,-9.99,,,,
20065004,1994.162359,32.167,64.495,,189,,187.5949,19.4922,4.936,36.5562,219.021,0.391,0.265,,,-9.99,,,,
20065004,1994.162359,32.167,64.495,,191,,189.5791,19.4887,4.9357,36.5562,218.76,0.391,0.267,,,-9.99,,,,
20065004,1994.162359,32.167,64.495,,193,,191.5633,19.4839,4.9353,36.5558,218.727,0.392,0.266,,,-9.99,,,,
20065004,1994.162359,32.167,64.495,,195,,193.5475,19.4719,4.9339,36.5545,218.676,0.392,0.265,,,-9.99,,,,
20065004,1994.162359,32.167,64.495,,197,,195.5316,19.4524,4.9317,36.5525,218.477,0.39,0.263,,,-9.99,,,,
20065004,1994.162359,32.167,64.495,,199,,197.5157,19.44,4.9304,36.5512,218.172,0.39,0.262,,,-9.99,,,,
20065004,1994.162359,32.167,64.495,,201,,199.4999,19.4237,4.9285,36.5492,217.903,0.39,0.263,,,-9.99,,,,
20065004,1994.162359,32.167,64.495,,203,,201.484,19.4136,4.9274,36.5479,217.799,0.39,0.262,,,-9.99,,,,
20065004,1994.162359,32.167,64.495,,205,,203.468,19.388,4.9243,36.5436,217.749,0.39,0.26,,,-9.99,,,,
20065004,1994.162359,32.167,64.495,,207,,205.4521,19.3591,4.9208,36.5392,217.7,0.39,0.261,,,-9.99,,,,
20065004,1994.162359,32.167,64.495,,209,,207.4361,19.3488,4.9197,36.5382,217.616,0.389,0.262,,,-9.99,,,,
20065004,1994.162359,32.167,64.495,,211,,209.4202,19.3442,4.9193,36.5383,217.518,0.389,0.263,,,-9.99,,,,
20065004,1994.162359,32.167,64.495,,213,,211.4042,19.3417,4.9192,36.5392,217.297,0.389,0.263,,,-9.99,,,,
20065004,1994.162359,32.167,64.495,,215,,213.3881,19.3341,4.9185,36.5387,217.07,0.389,0.263,,,-9.99,,,,
20065004,1994.162359,32.167,64.495,,217,,215.3721,19.3127,4.916,36.5361,216.993,0.389,0.262,,,-9.99,,,,
20065004,1994.162359,32.167,64.495,,219,,217.3561,19.2835,4.9132,36.5375,217.049,0.388,0.26,,,-9.99,,,,
20065004,1994.162359,32.167,64.495,,221,,219.34,19.2793,4.913,36.5389,216.741,0.388,0.26,,,-9.99,,,,
20065004,1994.162359,32.167,64.495,,223,,221.3239,19.2757,4.9129,36.5406,216.531,0.388,0.26,,,-9.99,,,,
20065004,1994.162359,32.167,64.495,,225,,223.3078,19.2765,4.9131,36.5409,216.223,0.388,0.258,,,-9.99,,,,
20065004,1994.162359,32.167,64.495,,227,,225.2916,19.277,4.9133,36.5411,216.01,0.388,0.26,,,-9.99,,,,
20065004,1994.162359,32.167,64.495,,229,,227.2755,19.2818,4.9145,36.5461,215.909,0.388,0.26,,,-9.99,,,,
20065004,1994.162359,32.167,64.495,,231,,229.2593,19.2861,4.9155,36.5501,215.746,0.388,0.261,,,-9.99,,,,
20065004,1994.162359,32.167,64.495,,233,,231.2431,19.2916,4.9171,36.558,215.392,0.388,0.261,,,-9.99,,,,
20065004,1994.162359,32.167,64.495,,235,,233.2269,19.2919,4.9179,36.5638,215.328,0.388,0.263,,,-9.99,,,,
20065004,1994.162359,32.167,64.495,,237,,235.2107,19.2876,4.9176,36.5644,215.583,0.388,0.264,,,-9.99,,,,
20065004,1994.162359,32.167,64.495,,239,,237.1945,19.2838,4.9176,36.5666,215.311,0.388,0.264,,,-9.99,,,,
20065004,1994.162359,32.167,64.495,,241,,239.1782,19.2807,4.9178,36.5699,214.433,0.39,0.263,,,-9.99,,,,
20065004,1994.162359,32.167,64.495,,243,,241.1619,19.2746,4.9177,36.5745,212.904,0.389,0.266,,,-9.99,,,,
20065004,1994.162359,32.167,64.495,,245,,243.1456,19.2723,4.9178,36.5759,212.33,0.389,0.267,,,-9.99,,,,
20065004,1994.162359,32.167,64.495,,247,,245.1293,19.264,4.9171,36.5771,211.416,0.388,0.268,,,-9.99,,,,
20065004,1994.162359,32.167,64.495,,249,,247.1129,19.2523,4.916,36.5775,211.354,0.388,0.267,,,-9.99,,,,
20065004,1994.162359,32.167,64.495,,251,,249.0966,19.2395,4.9148,36.5779,211.022,0.388,0.266,,,-9.99,,,,
20065004,1994.162359,32.167,64.495,,253,,251.0802,19.2205,4.9131,36.5794,210.559,0.388,0.266,,,-9.99,,,,
20065004,1994.162359,32.167,64.495,,255,,253.0638,19.2087,4.9122,36.5815,210.01,0.388,0.268,,,-9.99,,,,
