20102001,1997.212321,31.684,64.193,,,,9,,,,8.9373,20.8243,5.106,36.8602,217.852,0.438,0.07,,,-9.99
20102001,1997.212321,31.684,64.193,,,11,,,10.9234,20.8232,5.106,36.8602,217.82,0.438,0.067,,,-9.99,,
20102001,1997.212321,31.684,64.193,,,13,,,12.9094,20.8225,5.106,36.8602,217.819,0.438,0.062,,,-9.99,,
20102001,1997.212321,31.684,64.193,,,15,,,14.8954,20.8218,5.106,36.8602,217.824,0.438,0.058,,,-9.99,,
20102001,1997.212321,31.684,64.193,,,17,,,16.8813,20.8213,5.1061,36.8602,217.89,0.438,0.062,,,-9.99,,
20102001,1997.212321,31.684,64.193,,,19,,,18.8673,20.8199,5.106,36.8602,217.88,0.438,0.068,,,-9.99,,
20102001,1997.212321,31.684,64.193,,,21,,,20.8532,20.8179,5.1059,36.8602,217.941,0.438,0.078,,,-9.99,,
20102001,1997.212321,31.684,64.193,,,23,,,22.8391,20.8153,5.1057,36.8603,217.976,0.438,0.084,,,-9.99,,
20102001,1997.212321,31.684,64.193,,,25,,,24.825,20.8142,5.1057,36.8603,218.056,0.439,0.077,,,-9.99,,
20102001,1997.212321,31.684,64.193,,,27,,,26.8109,20.8137,5.1057,36.8603,218.092,0.439,0.096,,,-9.99,,
20102001,1997.212321,31.684,64.193,,,29,,,28.7967,20.8141,5.1058,36.8603,218.108,0.438,0.097,,,-9.99,,
20102001,1997.212321,31.684,64.193,,,31,,,30.7825,20.8142,5.1059,36.8603,218.116,0.438,0.097,,,-9.99,,
20102001,1997.212321,31.684,64.193,,,33,,,32.7684,20.8142,5.106,36.8603,218.131,0.439,0.091,,,-9.99,,
20102001,1997.212321,31.684,64.193,,,35,,,34.7541,20.8142,5.1061,36.8602,218.228,0.439,0.092,,,-9.99,,
20102001,1997.212321,31.684,64.193,,,37,,,36.7399,20.8135,5.1061,36.8603,218.244,0.439,0.097,,,-9.99,,
20102001,1997.212321,31.684,64.193,,,39,,,38.7257,20.8136,5.1062,36.8603,218.256,0.438,0.104,,,-9.99,,
20102001,1997.212321,31.684,64.193,,,41,,,40.7114,20.8134,5.1063,36.8602,218.348,0.438,0.112,,,-9.99,,
20102001,1997.212321,31.684,64.193,,,43,,,42.6971,20.8134,5.1064,36.8602,218.373,0.438,0.107,,,-9.99,,
20102001,1997.212321,31.684,64.193,,,45,,,44.6828,20.8132,5.1065,36.8601,218.346,0.438,0.111,,,-9.99,,
20102001,1997.212321,31.684,64.193,,,47,,,46.6685,20.8129,5.1065,36.8601,218.328,0.439,0.116,,,-9.99,,
20102001,1997.212321,31.684,64.193,,,49,,,48.6542,20.8123,5.1065,36.86,218.327,0.439,0.115,,,-9.99,,
20102001,1997.212321,31.684,64.193,,,51,,,50.6398,20.8123,5.1066,36.86,218.375,0.438,0.118,,,-9.99,,
20102001,1997.212321,31.684,64.193,,,53,,,52.6254,20.8121,5.1067,36.86,218.469,0.438,0.127,,,-9.99,,
20102001,1997.212321,31.684,64.193,,,55,,,54.611,20.8117,5.1067,36.86,218.52,0.438,0.143,,,-9.99,,
20102001,1997.212321,31.684,64.193,,,57,,,56.5966,20.811,5.1067,36.8597,218.522,0.438,0.126,,,-9.99,,
20102001,1997.212321,31.684,64.193,,,59,,,58.5822,20.8107,5.1068,36.8597,218.564,0.438,0.126,,,-9.99,,
20102001,1997.212321,31.684,64.193,,,61,,,60.5677,20.8101,5.1068,36.8597,218.584,0.438,0.127,,,-9.99,,
20102001,1997.212321,31.684,64.193,,,63,,,62.5532,20.8078,5.1066,36.8592,218.56,0.437,0.132,,,-9.99,,
20102001,1997.212321,31.684,64.193,,,65,,,64.5387,20.8039,5.1062,36.8585,218.579,0.436,0.137,,,-9.99,,
20102001,1997.212321,31.684,64.193,,,67,,,66.5242,20.7997,5.1057,36.8578,218.638,0.436,0.142,,,-9.99,,
20102001,1997.212321,31.684,64.193,,,69,,,68.5097,20.7961,5.1054,36.8572,218.704,0.436,0.147,,,-9.99,,
20102001,1997.212321,31.684,64.193,,,71,,,70.4951,20.7904,5.1047,36.8559,218.698,0.436,0.154,,,-9.99,,
20102001,1997.212321,31.684,64.193,,,73,,,72.4805,20.7758,5.1028,36.8527,218.746,0.435,0.162,,,-9.99,,
20102001,1997.212321,31.684,64.193,,,75,,,74.4659,20.7417,5.0984,36.8454,218.899,0.434,0.177,,,-9.99,,
20102001,1997.212321,31.684,64.193,,,77,,,76.4513,20.7015,5.0931,36.8363,218.781,0.434,0.174,,,-9.99,,
20102001,1997.212321,31.684,64.193,,,79,,,78.4367,20.6485,5.0861,36.8246,218.81,0.434,0.183,,,-9.99,,
20102001,1997.212321,31.684,64.193,,,81,,,80.4221,20.5656,5.0752,36.8074,218.566,0.436,0.213,,,-9.99,,
20102001,1997.212321,31.684,64.193,,,83,,,82.4074,20.4965,5.0661,36.7923,218.435,0.439,0.246,,,-9.99,,
20102001,1997.212321,31.684,64.193,,,85,,,84.3927,20.385,5.0517,36.7711,217.986,0.445,0.305,,,-9.99,,
20102001,1997.212321,31.684,64.193,,,87,,,86.378,20.2691,5.0371,36.7511,217.214,0.452,0.396,,,-9.99,,
20102001,1997.212321,31.684,64.193,,,89,,,88.3633,20.1794,5.0262,36.7393,215.91,0.458,0.494,,,-9.99,,
20102001,1997.212321,31.684,64.193,,,91,,,90.3485,20.1343,5.0214,36.7379,213.275,0.458,0.57,,,-9.99,,
20102001,1997.212321,31.684,64.193,,,93,,,92.3337,20.0077,5.0069,36.7283,209.076,0.458,0.626,,,-9.99,,
20102001,1997.212321,31.684,64.193,,,95,,,94.319,19.9051,4.9956,36.7244,205.228,0.45,0.621,,,-9.99,,
20102001,1997.212321,31.684,64.193,,,97,,,96.3042,19.8892,4.994,36.7243,201.353,0.443,0.57,,,-9.99,,
20102001,1997.212321,31.684,64.193,,,99,,,98.2893,19.8751,4.9925,36.7233,199.323,0.443,0.565,,,-9.99,,
20102001,1997.212321,31.684,64.193,,101,,100.2745,19.8462,4.9893,36.7213,197.307,0.439,0.54,,,-9.99,,,,
20102001,1997.212321,31.684,64.193,,103,,102.2596,19.7803,4.9816,36.7145,196.057,0.436,0.508,,,-9.99,,,,
20102001,1997.212321,31.684,64.193,,105,,104.2447,19.7056,4.9728,36.7065,195.12,0.433,0.438,,,-9.99,,,,
20102001,1997.212321,31.684,64.193,,107,,106.2298,19.6916,4.9711,36.7041,194.816,0.432,0.439,,,-9.99,,,,
20102001,1997.212321,31.684,64.193,,109,,108.2149,19.6677,4.9682,36.7004,195.175,0.432,0.436,,,-9.99,,,,
20102001,1997.212321,31.684,64.193,,111,,110.2,19.6322,4.964,36.6953,196.46,0.431,0.429,,,-9.99,,,,
20102001,1997.212321,31.684,64.193,,113,,112.185,19.6006,4.9602,36.6911,197.965,0.43,0.423,,,-9.99,,,,
20102001,1997.212321,31.684,64.193,,115,,114.17,19.543,4.9533,36.6836,200.802,0.427,0.401,,,-9.99,,,,
20102001,1997.212321,31.684,64.193,,117,,116.155,19.5097,4.9496,36.6811,202.859,0.425,0.37,,,-9.99,,,,
20102001,1997.212321,31.684,64.193,,119,,118.14,19.4802,4.9463,36.6785,204.366,0.422,0.336,,,-9.99,,,,
20102001,1997.212321,31.684,64.193,,121,,120.125,19.4298,4.9406,36.6747,206.684,0.418,0.265,,,-9.99,,,,
20102001,1997.212321,31.684,64.193,,123,,122.1099,19.4084,4.9383,36.6732,207.193,0.417,0.23,,,-9.99,,,,
20102001,1997.212321,31.684,64.193,,125,,124.0949,19.3843,4.9356,36.6716,206.818,0.415,0.215,,,-9.99,,,,
20102001,1997.212321,31.684,64.193,,127,,126.0798,19.3669,4.9337,36.6704,206.05,0.415,0.212,,,-9.99,,,,
20102001,1997.212321,31.684,64.193,,129,,128.0647,19.3419,4.9309,36.6684,205.262,0.413,0.196,,,-9.99,,,,
20102001,1997.212321,31.684,64.193,,131,,130.0495,19.3119,4.9275,36.6655,203.481,0.413,0.201,,,-9.99,,,,
20102001,1997.212321,31.684,64.193,,133,,132.0344,19.2922,4.9253,36.6636,203.019,0.412,0.186,,,-9.99,,,,
20102001,1997.212321,31.684,64.193,,135,,134.0192,19.2695,4.9228,36.6615,202.345,0.412,0.171,,,-9.99,,,,
20102001,1997.212321,31.684,64.193,,137,,136.004,19.2462,4.92,36.6583,202.023,0.411,0.169,,,-9.99,,,,
20102001,1997.212321,31.684,64.193,,139,,137.9888,19.2102,4.9159,36.6547,202.333,0.409,0.156,,,-9.99,,,,
20102001,1997.212321,31.684,64.193,,141,,139.9736,19.181,4.9127,36.6527,203.342,0.408,0.136,,,-9.99,,,,
20102001,1997.212321,31.684,64.193,,143,,141.9583,19.1555,4.9099,36.6515,204.541,0.406,0.107,,,-9.99,,,,
20102001,1997.212321,31.684,64.193,,145,,143.9431,19.1375,4.9079,36.6493,205.153,0.405,0.103,,,-9.99,,,,
20102001,1997.212321,31.684,64.193,,147,,145.9278,19.1109,4.9049,36.6472,205.496,0.405,0.086,,,-9.99,,,,
20102001,1997.212321,31.684,64.193,,149,,147.9125,19.0696,4.9002,36.6433,205.72,0.403,0.083,,,-9.99,,,,
20102001,1997.212321,31.684,64.193,,151,,149.8972,19.0461,4.8977,36.6421,205.759,0.403,0.07,,,-9.99,,,,
20102001,1997.212321,31.684,64.193,,153,,151.8818,19.0183,4.8946,36.6399,205.934,0.402,0.064,,,-9.99,,,,
20102001,1997.212321,31.684,64.193,,155,,153.8665,18.9879,4.8911,36.6371,205.858,0.402,0.063,,,-9.99,,,,
20102001,1997.212321,31.684,64.193,,157,,155.8511,18.9445,4.8861,36.6326,205.391,0.402,0.064,,,-9.99,,,,
20102001,1997.212321,31.684,64.193,,159,,157.8357,18.8921,4.88,36.626,204.597,0.402,0.064,,,-9.99,,,,
20102001,1997.212321,31.684,64.193,,161,,159.8203,18.81,4.8702,36.6159,203.561,0.402,0.063,,,-9.99,,,,
20102001,1997.212321,31.684,64.193,,163,,161.8048,18.7655,4.8651,36.6115,202.656,0.401,0.063,,,-9.99,,,,
20102001,1997.212321,31.684,64.193,,165,,163.7894,18.7439,4.8628,36.6097,201.831,0.401,0.061,,,-9.99,,,,
20102001,1997.212321,31.684,64.193,,167,,165.7739,18.7381,4.8622,36.6096,200.979,0.401,0.049,,,-9.99,,,,
20102001,1997.212321,31.684,64.193,,169,,167.7584,18.7369,4.8622,36.6095,200.29,0.401,0.049,,,-9.99,,,,
20102001,1997.212321,31.684,64.193,,171,,169.7429,18.7192,4.8601,36.6071,199.877,0.401,0.051,,,-9.99,,,,
20102001,1997.212321,31.684,64.193,,173,,171.7273,18.7035,4.8583,36.605,199.551,0.401,0.051,,,-9.99,,,,
20102001,1997.212321,31.684,64.193,,175,,173.7118,18.6778,4.8553,36.6016,199.05,0.401,0.048,,,-9.99,,,,
20102001,1997.212321,31.684,64.193,,177,,175.6962,18.655,4.8527,36.5988,198.611,0.401,0.043,,,-9.99,,,,
20102001,1997.212321,31.684,64.193,,179,,177.6806,18.633,4.8502,36.5963,198.38,0.401,0.043,,,-9.99,,,,
20102001,1997.212321,31.684,64.193,,181,,179.665,18.6234,4.8491,36.5952,198.078,0.401,0.05,,,-9.99,,,,
20102001,1997.212321,31.684,64.193,,183,,181.6494,18.6131,4.848,36.5939,197.833,0.4,0.052,,,-9.99,,,,
20102001,1997.212321,31.684,64.193,,185,,183.6337,18.6042,4.847,36.5929,197.713,0.4,0.051,,,-9.99,,,,
20102001,1997.212321,31.684,64.193,,187,,185.6181,18.5827,4.8445,36.59,197.554,0.4,0.05,,,-9.99,,,,
20102001,1997.212321,31.684,64.193,,189,,187.6024,18.5549,4.8413,36.5868,197.616,0.399,0.046,,,-9.99,,,,
20102001,1997.212321,31.684,64.193,,191,,189.5867,18.5319,4.8388,36.5846,197.657,0.399,0.042,,,-9.99,,,,
20102001,1997.212321,31.684,64.193,,193,,191.5709,18.515,4.8369,36.5829,197.699,0.399,0.041,,,-9.99,,,,
20102001,1997.212321,31.684,64.193,,195,,193.5552,18.4987,4.8351,36.5813,197.771,0.399,0.041,,,-9.99,,,,
20102001,1997.212321,31.684,64.193,,197,,195.5394,18.4783,4.8328,36.5793,197.924,0.398,0.04,,,-9.99,,,,
20102001,1997.212321,31.684,64.193,,199,,197.5236,18.4719,4.8322,36.5788,198.01,0.398,0.038,,,-9.99,,,,
20102001,1997.212321,31.684,64.193,,201,,199.5078,18.464,4.8314,36.5782,198.084,0.398,0.036,,,-9.99,,,,
20102001,1997.212321,31.684,64.193,,203,,201.492,18.4623,4.8312,36.5779,198.074,0.398,0.042,,,-9.99,,,,
20102001,1997.212321,31.684,64.193,,205,,203.4762,18.4469,4.8295,36.576,198.365,0.398,0.044,,,-9.99,,,,
20102001,1997.212321,31.684,64.193,,207,,205.4603,18.4402,4.8288,36.5752,198.38,0.398,0.049,,,-9.99,,,,
20102001,1997.212321,31.684,64.193,,209,,207.4444,18.4264,4.8273,36.5739,198.592,0.397,0.046,,,-9.99,,,,
20102001,1997.212321,31.684,64.193,,211,,209.4285,18.4174,4.8263,36.5726,198.746,0.397,0.041,,,-9.99,,,,
20102001,1997.212321,31.684,64.193,,213,,211.4126,18.4052,4.8249,36.5713,198.91,0.397,0.038,,,-9.99,,,,
20102001,1997.212321,31.684,64.193,,215,,213.3967,18.4007,4.8245,36.5708,199.1,0.397,0.041,,,-9.99,,,,
20102001,1997.212321,31.684,64.193,,217,,215.3807,18.3934,4.8237,36.57,199.263,0.397,0.037,,,-9.99,,,,
20102001,1997.212321,31.684,64.193,,219,,217.3647,18.3861,4.823,36.569,199.47,0.397,0.036,,,-9.99,,,,
20102001,1997.212321,31.684,64.193,,221,,219.3488,18.3729,4.8214,36.5668,199.668,0.397,0.037,,,-9.99,,,,
20102001,1997.212321,31.684,64.193,,223,,221.3327,18.3649,4.8206,36.5659,199.898,0.396,0.035,,,-9.99,,,,
20102001,1997.212321,31.684,64.193,,225,,223.3167,18.3524,4.8192,36.5648,200.07,0.396,0.045,,,-9.99,,,,
20102001,1997.212321,31.684,64.193,,227,,225.3007,18.3446,4.8184,36.5639,200.244,0.398,0.03,,,-9.99,,,,
20102001,1997.212321,31.684,64.193,,229,,227.2846,18.3269,4.8164,36.5617,200.579,0.397,0.035,,,-9.99,,,,
20102001,1997.212321,31.684,64.193,,231,,229.2685,18.3204,4.8157,36.5608,200.73,0.396,0.031,,,-9.99,,,,
20102001,1997.212321,31.684,64.193,,233,,231.2524,18.3168,4.8153,36.5604,200.974,0.396,0.038,,,-9.99,,,,
20102001,1997.212321,31.684,64.193,,235,,233.2363,18.3141,4.8151,36.5597,201.093,0.396,0.029,,,-9.99,,,,
20102001,1997.212321,31.684,64.193,,237,,235.2201,18.3036,4.8139,36.5582,201.237,0.396,0.025,,,-9.99,,,,
20102001,1997.212321,31.684,64.193,,239,,237.2039,18.2915,4.8126,36.557,201.501,0.396,0.029,,,-9.99,,,,
20102001,1997.212321,31.684,64.193,,241,,239.1878,18.289,4.8124,36.557,201.655,0.396,0.031,,,-9.99,,,,
20102001,1997.212321,31.684,64.193,,243,,241.1715,18.2838,4.8119,36.557,201.972,0.396,0.034,,,-9.99,,,,
20102001,1997.212321,31.684,64.193,,245,,243.1553,18.2821,4.8119,36.557,202.166,0.396,0.04,,,-9.99,,,,
20102001,1997.212321,31.684,64.193,,247,,245.1391,18.2766,4.8113,36.5566,202.426,0.396,0.041,,,-9.99,,,,
20102001,1997.212321,31.684,64.193,,249,,247.1228,18.2714,4.8108,36.556,202.601,0.396,0.043,,,-9.99,,,,
20102001,1997.212321,31.684,64.193,,251,,249.1065,18.2673,4.8104,36.5555,202.744,0.396,0.042,,,-9.99,,,,
20102001,1997.212321,31.684,64.193,,253,,251.0902,18.2653,4.8103,36.5554,202.888,0.397,0.038,,,-9.99,,,,
20102001,1997.212321,31.684,64.193,,255,,253.0739,18.2626,4.81,36.555,203.026,0.396,0.045,,,-9.99,,,,
20102001,1997.212321,31.684,64.193,,257,,255.0576,18.2574,4.8095,36.5544,203.2,0.397,0.047,,,-9.99,,,,
20102001,1997.212321,31.684,64.193,,259,,257.0412,18.252,4.8089,36.5535,203.361,0.396,0.045,,,-9.99,,,,
20102001,1997.212321,31.684,64.193,,261,,259.0248,18.2403,4.8076,36.5522,203.531,0.396,0.045,,,-9.99,,,,
20102001,1997.212321,31.684,64.193,,263,,261.0084,18.2341,4.807,36.5515,203.614,0.396,0.038,,,-9.99,,,,
20102001,1997.212321,31.684,64.193,,265,,262.992,18.2279,4.8063,36.5506,203.815,0.395,0.038,,,-9.99,,,,
20102001,1997.212321,31.684,64.193,,267,,264.9756,18.2197,4.8055,36.5495,203.966,0.396,0.039,,,-9.99,,,,
20102001,1997.212321,31.684,64.193,,269,,266.9591,18.2155,4.8051,36.5491,204.015,0.395,0.038,,,-9.99,,,,
20102001,1997.212321,31.684,64.193,,271,,268.9427,18.2132,4.8049,36.5489,204.035,0.395,0.032,,,-9.99,,,,
20102001,1997.212321,31.684,64.193,,273,,270.9262,18.2097,4.8045,36.5482,204.137,0.395,0.028,,,-9.99,,,,
20102001,1997.212321,31.684,64.193,,275,,272.9097,18.2067,4.8042,36.5476,204.279,0.395,0.037,,,-9.99,,,,
20102001,1997.212321,31.684,64.193,,277,,274.8931,18.2063,4.8043,36.5479,204.297,0.396,0.035,,,-9.99,,,,
20102001,1997.212321,31.684,64.193,,279,,276.8766,18.1995,4.8036,36.547,204.322,0.395,0.034,,,-9.99,,,,
20102001,1997.212321,31.684,64.193,,281,,278.86,18.1954,4.8032,36.5468,204.356,0.395,0.043,,,-9.99,,,,
20102001,1997.212321,31.684,64.193,,283,,280.8434,18.1866,4.8022,36.5453,204.418,0.395,0.046,,,-9.99,,,,
20102001,1997.212321,31.684,64.193,,285,,282.8268,18.1799,4.8015,36.5444,204.471,0.395,0.039,,,-9.99,,,,
20102001,1997.212321,31.684,64.193,,287,,284.8102,18.173,4.8008,36.5433,204.37,0.395,0.029,,,-9.99,,,,
20102001,1997.212321,31.684,64.193,,289,,286.7935,18.1668,4.8001,36.5425,204.442,0.395,0.036,,,-9.99,,,,
20102001,1997.212321,31.684,64.193,,291,,288.7769,18.1616,4.7995,36.5415,204.447,0.394,0.048,,,-9.99,,,,
20102001,1997.212321,31.684,64.193,,293,,290.7602,18.1406,4.797,36.5376,204.476,0.394,0.049,,,-9.99,,,,
20102001,1997.212321,31.684,64.193,,295,,292.7435,18.1351,4.7965,36.5376,204.362,0.394,0.041,,,-9.99,,,,
20102001,1997.212321,31.684,64.193,,297,,294.7268,18.133,4.7964,36.5376,204.382,0.395,0.035,,,-9.99,,,,
20102001,1997.212321,31.684,64.193,,299,,296.71,18.1289,4.796,36.5373,204.455,0.394,0.028,,,-9.99,,,,
20102001,1997.212321,31.684,64.193,,301,,298.6933,18.1198,4.795,36.5362,204.625,0.394,0.027,,,-9.99,,,,
20102001,1997.212321,31.684,64.193,,303,,300.6765,18.12,4.7952,36.537,204.686,0.394,0.03,,,-9.99,,,,
20102001,1997.212321,31.684,64.193,,305,,302.6597,18.1172,4.795,36.5374,204.855,0.394,0.036,,,-9.99,,,,
20102001,1997.212321,31.684,64.193,,307,,304.6429,18.1143,4.7949,36.5376,204.941,0.394,0.033,,,-9.99,,,,
20102001,1997.212321,31.684,64.193,,309,,306.626,18.1083,4.7942,36.5367,204.993,0.394,0.035,,,-9.99,,,,
20102001,1997.212321,31.684,64.193,,311,,308.6092,18.0945,4.7925,36.5335,205.202,0.394,0.034,,,-9.99,,,,
20102001,1997.212321,31.684,64.193,,313,,310.5923,18.0823,4.7911,36.5315,205.131,0.393,0.035,,,-9.99,,,,
20102001,1997.212321,31.684,64.193,,315,,312.5754,18.0777,4.7907,36.5318,205.143,0.393,0.032,,,-9.99,,,,
20102001,1997.212321,31.684,64.193,,317,,314.5585,18.0813,4.7914,36.534,205.236,0.394,0.03,,,-9.99,,,,
20102001,1997.212321,31.684,64.193,,319,,316.5416,18.0769,4.7909,36.5326,205.215,0.393,0.036,,,-9.99,,,,
20102001,1997.212321,31.684,64.193,,321,,318.5246,18.0713,4.7903,36.5318,205.341,0.393,0.039,,,-9.99,,,,
20102001,1997.212321,31.684,64.193,,323,,320.5076,18.0656,4.7897,36.5311,205.414,0.394,0.033,,,-9.99,,,,
20102001,1997.212321,31.684,64.193,,325,,322.4907,18.0569,4.7888,36.5297,205.518,0.393,0.021,,,-9.99,,,,
20102001,1997.212321,31.684,64.193,,327,,324.4736,18.0505,4.7881,36.5291,205.623,0.394,0.027,,,-9.99,,,,
20102001,1997.212321,31.684,64.193,,329,,326.4566,18.0447,4.7875,36.5281,205.566,0.393,0.028,,,-9.99,,,,
20102001,1997.212321,31.684,64.193,,331,,328.4396,18.0321,4.786,36.5257,205.375,0.393,0.036,,,-9.99,,,,
20102001,1997.212321,31.684,64.193,,333,,330.4225,18.0207,4.7846,36.523,205.169,0.393,0.043,,,-9.99,,,,
20102001,1997.212321,31.684,64.193,,335,,332.4054,18.0059,4.7827,36.5197,204.997,0.393,0.039,,,-9.99,,,,
20102001,1997.212321,31.684,64.193,,337,,334.3883,17.9886,4.7806,36.5164,204.82,0.393,0.029,,,-9.99,,,,
20102001,1997.212321,31.684,64.193,,339,,336.3712,17.9721,4.7787,36.5138,204.45,0.392,0.024,,,-9.99,,,,
20102001,1997.212321,31.684,64.193,,341,,338.354,17.9627,4.7777,36.5124,203.997,0.392,0.025,,,-9.99,,,,
20102001,1997.212321,31.684,64.193,,343,,340.3369,17.9538,4.7766,36.5109,203.709,0.392,0.03,,,-9.99,,,,
20102001,1997.212321,31.684,64.193,,345,,342.3197,17.9453,4.7757,36.5092,203.445,0.392,0.028,,,-9.99,,,,
20102001,1997.212321,31.684,64.193,,347,,344.3025,17.9309,4.7739,36.5065,203.27,0.392,0.034,,,-9.99,,,,
20102001,1997.212321,31.684,64.193,,349,,346.2853,17.9197,4.7726,36.5046,203.053,0.392,0.039,,,-9.99,,,,
20102001,1997.212321,31.684,64.193,,351,,348.268,17.9122,4.7718,36.5032,202.959,0.392,0.029,,,-9.99,,,,
20102001,1997.212321,31.684,64.193,,353,,350.2508,17.902,4.7706,36.5018,202.725,0.392,0.027,,,-9.99,,,,
20102001,1997.212321,31.684,64.193,,355,,352.2335,17.893,4.7696,36.5001,202.196,0.392,0.027,,,-9.99,,,,
20102001,1997.212321,31.684,64.193,,357,,354.2162,17.8769,4.7677,36.4972,202.162,0.392,0.027,,,-9.99,,,,
20102001,1997.212321,31.684,64.193,,359,,356.1989,17.863,4.766,36.4947,202.082,0.392,0.032,,,-9.99,,,,
20102001,1997.212321,31.684,64.193,,361,,358.1816,17.8518,4.7648,36.4932,201.683,0.392,0.035,,,-9.99,,,,
20102001,1997.212321,31.684,64.193,,363,,360.1642,17.8454,4.7641,36.4922,201.408,0.392,0.03,,,-9.99,,,,
20102001,1997.212321,31.684,64.193,,365,,362.1469,17.8381,4.7632,36.4905,201.179,0.392,0.027,,,-9.99,,,,
20102001,1997.212321,31.684,64.193,,367,,364.1295,17.8285,4.7621,36.489,200.778,0.392,0.024,,,-9.99,,,,
20102001,1997.212321,31.684,64.193,,369,,366.1121,17.8207,4.7613,36.4876,200.472,0.392,0.035,,,-9.99,,,,
20102001,1997.212321,31.684,64.193,,371,,368.0946,17.7998,4.7587,36.4834,200.017,0.392,0.035,,,-9.99,,,,
20102001,1997.212321,31.684,64.193,,373,,370.0772,17.7732,4.7554,36.4783,199.668,0.392,0.04,,,-9.99,,,,
20102001,1997.212321,31.684,64.193,,375,,372.0597,17.7463,4.7522,36.4738,199.463,0.392,0.041,,,-9.99,,,,
20102001,1997.212321,31.684,64.193,,377,,374.0422,17.7334,4.7507,36.4717,199.076,0.392,0.041,,,-9.99,,,,
20102001,1997.212321,31.684,64.193,,379,,376.0247,17.7208,4.7492,36.4695,198.762,0.392,0.04,,,-9.99,,,,
20102001,1997.212321,31.684,64.193,,381,,378.0072,17.7122,4.7482,36.4678,198.41,0.392,0.037,,,-9.99,,,,
20102001,1997.212321,31.684,64.193,,383,,379.9897,17.702,4.747,36.4659,197.806,0.391,0.035,,,-9.99,,,,
20102001,1997.212321,31.684,64.193,,385,,381.9721,17.688,4.7454,36.4634,197.516,0.391,0.029,,,-9.99,,,,
20102001,1997.212321,31.684,64.193,,387,,383.9545,17.6693,4.7431,36.4594,197.111,0.39,0.023,,,-9.99,,,,
20102001,1997.212321,31.684,64.193,,389,,385.9369,17.6429,4.7399,36.4545,196.751,0.39,0.022,,,-9.99,,,,
20102001,1997.212321,31.684,64.193,,391,,387.9193,17.6003,4.7348,36.4478,196.487,0.39,0.025,,,-9.99,,,,
20102001,1997.212321,31.684,64.193,,393,,389.9017,17.5863,4.7332,36.4458,196.096,0.39,0.027,,,-9.99,,,,
20102001,1997.212321,31.684,64.193,,395,,391.884,17.5811,4.7326,36.445,195.516,0.39,0.027,,,-9.99,,,,
20102001,1997.212321,31.684,64.193,,397,,393.8663,17.5764,4.7321,36.4443,195.056,0.39,0.025,,,-9.99,,,,
20102001,1997.212321,31.684,64.193,,399,,395.8486,17.5689,4.7313,36.4429,194.697,0.39,0.018,,,-9.99,,,,
20102001,1997.212321,31.684,64.193,,401,,397.8309,17.5584,4.7301,36.4413,194.4,0.39,0.02,,,-9.99,,,,
20102001,1997.212321,31.684,64.193,,403,,399.8132,17.5539,4.7296,36.4404,194.126,0.39,0.045,,,-9.99,,,,
20102001,1997.212321,31.684,64.193,,405,,401.7954,17.5513,4.7294,36.4399,193.771,0.39,0.041,,,-9.99,,,,
20102001,1997.212321,31.684,64.193,,407,,403.7777,17.545,4.7287,36.439,193.4,0.39,0.036,,,-9.99,,,,
20102001,1997.212321,31.684,64.193,,409,,405.7599,17.5298,4.7269,36.4361,193.112,0.39,0.035,,,-9.99,,,,
20102001,1997.212321,31.684,64.193,,411,,407.7421,17.5066,4.7242,36.4325,192.754,0.39,0.041,,,-9.99,,,,
20102001,1997.212321,31.684,64.193,,413,,409.7242,17.498,4.7232,36.431,192.226,0.39,0.038,,,-9.99,,,,
20102001,1997.212321,31.684,64.193,,415,,411.7064,17.4866,4.7218,36.4282,192.017,0.39,0.038,,,-9.99,,,,
20102001,1997.212321,31.684,64.193,,417,,413.6885,17.4493,4.7171,36.4206,192.069,0.39,0.046,,,-9.99,,,,
20102001,1997.212321,31.684,64.193,,419,,415.6706,17.4347,4.7156,36.4193,191.895,0.39,0.037,,,-9.99,,,,
20102001,1997.212321,31.684,64.193,,421,,417.6527,17.4328,4.7154,36.4191,191.524,0.39,0.031,,,-9.99,,,,
20102001,1997.212321,31.684,64.193,,423,,419.6348,17.4256,4.7146,36.4171,191.02,0.39,0.037,,,-9.99,,,,
20102001,1997.212321,31.684,64.193,,425,,421.6168,17.3934,4.7105,36.4104,190.898,0.39,0.035,,,-9.99,,,,
20102001,1997.212321,31.684,64.193,,427,,423.5989,17.3629,4.7069,36.4052,190.94,0.39,0.03,,,-9.99,,,,
20102001,1997.212321,31.684,64.193,,429,,425.5809,17.3381,4.7039,36.4012,190.645,0.39,0.044,,,-9.99,,,,
20102001,1997.212321,31.684,64.193,,431,,427.5629,17.3233,4.7022,36.3989,190.278,0.39,0.029,,,-9.99,,,,
20102001,1997.212321,31.684,64.193,,433,,429.5449,17.3186,4.7017,36.398,189.96,0.39,0.031,,,-9.99,,,,
20102001,1997.212321,31.684,64.193,,435,,431.5268,17.3093,4.7007,36.3964,189.656,0.391,0.03,,,-9.99,,,,
20102001,1997.212321,31.684,64.193,,437,,433.5088,17.298,4.6994,36.3945,189.394,0.39,0.025,,,-9.99,,,,
20102001,1997.212321,31.684,64.193,,439,,435.4907,17.2857,4.698,36.3924,189.156,0.39,0.018,,,-9.99,,,,
20102001,1997.212321,31.684,64.193,,441,,437.4726,17.2747,4.6967,36.3903,188.958,0.39,0.025,,,-9.99,,,,
20102001,1997.212321,31.684,64.193,,443,,439.4545,17.2559,4.6944,36.3866,188.576,0.39,0.027,,,-9.99,,,,
20102001,1997.212321,31.684,64.193,,445,,441.4364,17.2222,4.6903,36.3804,188.225,0.39,0.036,,,-9.99,,,,
20102001,1997.212321,31.684,64.193,,447,,443.4182,17.1907,4.6865,36.3749,188.101,0.39,0.038,,,-9.99,,,,
20102001,1997.212321,31.684,64.193,,449,,445.4,17.1685,4.6839,36.3713,187.677,0.39,0.035,,,-9.99,,,,
20102001,1997.212321,31.684,64.193,,451,,447.3819,17.1595,4.6828,36.3695,187.225,0.39,0.031,,,-9.99,,,,
20102001,1997.212321,31.684,64.193,,453,,449.3636,17.1056,4.6761,36.3587,187.155,0.391,0.033,,,-9.99,,,,
20102001,1997.212321,31.684,64.193,,455,,451.3454,17.0476,4.6691,36.3483,187.222,0.392,0.033,,,-9.99,,,,
20102001,1997.212321,31.684,64.193,,457,,453.3272,16.971,4.6598,36.3357,187.235,0.393,0.034,,,-9.99,,,,
20102001,1997.212321,31.684,64.193,,459,,455.3089,16.9581,4.6583,36.3334,186.791,0.392,0.029,,,-9.99,,,,
20102001,1997.212321,31.684,64.193,,461,,457.2906,16.9472,4.657,36.3312,186.32,0.392,0.028,,,-9.99,,,,
20102001,1997.212321,31.684,64.193,,463,,459.2723,16.9263,4.6545,36.3271,185.927,0.392,0.034,,,-9.99,,,,
20102001,1997.212321,31.684,64.193,,465,,461.254,16.8996,4.6514,36.3228,185.757,0.392,0.034,,,-9.99,,,,
20102001,1997.212321,31.684,64.193,,467,,463.2357,16.8705,4.6479,36.3174,185.47,0.392,0.028,,,-9.99,,,,
20102001,1997.212321,31.684,64.193,,469,,465.2173,16.8414,4.6443,36.3118,185.201,0.392,0.026,,,-9.99,,,,
20102001,1997.212321,31.684,64.193,,471,,467.1989,16.7914,4.6382,36.3026,184.817,0.392,0.026,,,-9.99,,,,
20102001,1997.212321,31.684,64.193,,473,,469.1805,16.7491,4.6332,36.296,184.498,0.392,0.023,,,-9.99,,,,
20102001,1997.212321,31.684,64.193,,475,,471.1621,16.7171,4.6294,36.2905,184.094,0.392,0.032,,,-9.99,,,,
20102001,1997.212321,31.684,64.193,,477,,473.1437,16.681,4.625,36.2835,183.703,0.392,0.032,,,-9.99,,,,
20102001,1997.212321,31.684,64.193,,479,,475.1252,16.6271,4.6185,36.2744,183.458,0.393,0.036,,,-9.99,,,,
20102001,1997.212321,31.684,64.193,,481,,477.1067,16.581,4.613,36.2666,183.248,0.393,0.031,,,-9.99,,,,
20102001,1997.212321,31.684,64.193,,483,,479.0882,16.5585,4.6103,36.2623,182.958,0.393,0.02,,,-9.99,,,,
20102001,1997.212321,31.684,64.193,,485,,481.0697,16.522,4.6059,36.2555,182.785,0.393,0.023,,,-9.99,,,,
20102001,1997.212321,31.684,64.193,,487,,483.0512,16.4897,4.6021,36.2507,182.638,0.393,0.03,,,-9.99,,,,
20102001,1997.212321,31.684,64.193,,489,,485.0326,16.465,4.5992,36.2463,182.218,0.393,0.033,,,-9.99,,,,
20102001,1997.212321,31.684,64.193,,491,,487.0141,16.434,4.5955,36.2407,181.96,0.393,0.04,,,-9.99,,,,
20102001,1997.212321,31.684,64.193,,493,,488.9955,16.4004,4.5915,36.2352,181.942,0.393,0.037,,,-9.99,,,,
20102001,1997.212321,31.684,64.193,,495,,490.9769,16.378,4.5888,36.2311,181.821,0.393,0.034,,,-9.99,,,,
20102001,1997.212321,31.684,64.193,,497,,492.9582,16.3471,4.5853,36.227,181.797,0.393,0.042,,,-9.99,,,,
20102001,1997.212321,31.684,64.193,,499,,494.9396,16.3307,4.5834,36.2239,181.573,0.393,0.032,,,-9.99,,,,
20102001,1997.212321,31.684,64.193,,501,,496.9209,16.3101,4.581,36.2205,181.383,0.393,0.035,,,-9.99,,,,
20102001,1997.212321,31.684,64.193,,503,,498.9022,16.2976,4.5795,36.2186,181.061,0.393,0.036,,,-9.99,,,,
20102001,1997.212321,31.684,64.193,,505,,500.8835,16.2932,4.5791,36.2182,180.693,0.393,0.037,,,-9.99,,,,
20102002,1997.213206,31.714,64.192,,,11,,,10.9233,20.8973,5.1146,36.8655,215.794,0.431,0.121,,,-9.99,,
20102002,1997.213206,31.714,64.192,,,13,,,12.9093,20.889,5.1136,36.8645,215.798,0.431,0.127,,,-9.99,,
20102002,1997.213206,31.714,64.192,,,15,,,14.8953,20.8774,5.1123,36.8632,215.808,0.432,0.131,,,-9.99,,
20102002,1997.213206,31.714,64.192,,,17,,,16.8813,20.8768,5.1123,36.8631,215.868,0.433,0.125,,,-9.99,,
20102002,1997.213206,31.714,64.192,,,19,,,18.8672,20.8549,5.1099,36.8612,216.014,0.433,0.121,,,-9.99,,
20102002,1997.213206,31.714,64.192,,,21,,,20.8531,20.8394,5.1081,36.8599,216.149,0.432,0.107,,,-9.99,,
20102002,1997.213206,31.714,64.192,,,23,,,22.839,20.8336,5.1076,36.8598,216.177,0.433,0.111,,,-9.99,,
20102002,1997.213206,31.714,64.192,,,25,,,24.8249,20.831,5.1074,36.8597,216.172,0.433,0.111,,,-9.99,,
20102002,1997.213206,31.714,64.192,,,27,,,26.8108,20.827,5.107,36.8594,216.106,0.433,0.107,,,-9.99,,
20102002,1997.213206,31.714,64.192,,,29,,,28.7966,20.8237,5.1067,36.8592,216.156,0.433,0.119,,,-9.99,,
20102002,1997.213206,31.714,64.192,,,31,,,30.7825,20.8224,5.1067,36.8592,216.13,0.433,0.12,,,-9.99,,
20102002,1997.213206,31.714,64.192,,,33,,,32.7683,20.8203,5.1066,36.8592,216.248,0.433,0.122,,,-9.99,,
20102002,1997.213206,31.714,64.192,,,35,,,34.7541,20.8185,5.1065,36.8592,216.265,0.433,0.13,,,-9.99,,
20102002,1997.213206,31.714,64.192,,,37,,,36.7398,20.8176,5.1065,36.8593,216.343,0.433,0.117,,,-9.99,,
20102002,1997.213206,31.714,64.192,,,39,,,38.7256,20.8163,5.1064,36.8592,216.39,0.433,0.118,,,-9.99,,
20102002,1997.213206,31.714,64.192,,,41,,,40.7113,20.8144,5.1063,36.859,216.481,0.433,0.12,,,-9.99,,
20102002,1997.213206,31.714,64.192,,,43,,,42.697,20.8122,5.1061,36.8587,216.579,0.433,0.124,,,-9.99,,
20102002,1997.213206,31.714,64.192,,,45,,,44.6827,20.8104,5.1059,36.8584,216.623,0.433,0.124,,,-9.99,,
20102002,1997.213206,31.714,64.192,,,47,,,46.6684,20.808,5.1057,36.8581,216.682,0.433,0.121,,,-9.99,,
20102002,1997.213206,31.714,64.192,,,49,,,48.654,20.8062,5.1056,36.8577,216.576,0.433,0.127,,,-9.99,,
20102002,1997.213206,31.714,64.192,,,51,,,50.6397,20.8038,5.1054,36.8574,216.573,0.433,0.134,,,-9.99,,
20102002,1997.213206,31.714,64.192,,,53,,,52.6253,20.8016,5.1052,36.8569,216.66,0.433,0.133,,,-9.99,,
20102002,1997.213206,31.714,64.192,,,55,,,54.6109,20.7997,5.105,36.8567,216.677,0.433,0.14,,,-9.99,,
20102002,1997.213206,31.714,64.192,,,57,,,56.5964,20.7932,5.1043,36.8556,216.751,0.432,0.148,,,-9.99,,
20102002,1997.213206,31.714,64.192,,,59,,,58.582,20.7717,5.1016,36.8515,216.853,0.431,0.153,,,-9.99,,
20102002,1997.213206,31.714,64.192,,,61,,,60.5675,20.7559,5.0997,36.8489,216.897,0.431,0.154,,,-9.99,,
20102002,1997.213206,31.714,64.192,,,63,,,62.5531,20.7434,5.0981,36.8463,216.904,0.43,0.159,,,-9.99,,
20102002,1997.213206,31.714,64.192,,,65,,,64.5386,20.7292,5.0963,36.8429,216.94,0.43,0.169,,,-9.99,,
20102002,1997.213206,31.714,64.192,,,67,,,66.524,20.7089,5.0936,36.838,217.048,0.431,0.188,,,-9.99,,
20102002,1997.213206,31.714,64.192,,,69,,,68.5095,20.6962,5.0921,36.8362,216.947,0.432,0.214,,,-9.99,,
20102002,1997.213206,31.714,64.192,,,71,,,70.4949,20.6826,5.0904,36.8337,216.862,0.433,0.213,,,-9.99,,
20102002,1997.213206,31.714,64.192,,,73,,,72.4804,20.6697,5.0888,36.8309,216.743,0.433,0.219,,,-9.99,,
20102002,1997.213206,31.714,64.192,,,75,,,74.4658,20.6551,5.0869,36.8271,216.584,0.433,0.23,,,-9.99,,
20102002,1997.213206,31.714,64.192,,,77,,,76.4511,20.6087,5.0807,36.8163,216.358,0.434,0.256,,,-9.99,,
20102002,1997.213206,31.714,64.192,,,79,,,78.4365,20.5361,5.0713,36.802,215.912,0.438,0.307,,,-9.99,,
20102002,1997.213206,31.714,64.192,,,81,,,80.4219,20.4525,5.0606,36.7862,215.51,0.441,0.35,,,-9.99,,
20102002,1997.213206,31.714,64.192,,,83,,,82.4072,20.3456,5.047,36.7671,214.823,0.445,0.39,,,-9.99,,
20102002,1997.213206,31.714,64.192,,,85,,,84.3925,20.3092,5.0426,36.762,213.527,0.451,0.476,,,-9.99,,
20102002,1997.213206,31.714,64.192,,,87,,,86.3778,20.2164,5.031,36.7474,212.104,0.457,0.553,,,-9.99,,
20102002,1997.213206,31.714,64.192,,,89,,,88.363,20.0836,5.0149,36.7301,210.82,0.462,0.644,,,-9.99,,
20102002,1997.213206,31.714,64.192,,,91,,,90.3483,20.0251,5.0083,36.7258,209.02,0.461,0.724,,,-9.99,,
20102002,1997.213206,31.714,64.192,,,93,,,92.3335,19.9971,5.0053,36.7243,207.951,0.457,0.756,,,-9.99,,
20102002,1997.213206,31.714,64.192,,,95,,,94.3187,19.9388,4.9988,36.7209,205.969,0.454,0.805,,,-9.99,,
20102002,1997.213206,31.714,64.192,,,97,,,96.3039,19.9026,4.9946,36.7178,204.599,0.45,0.786,,,-9.99,,
20102002,1997.213206,31.714,64.192,,,99,,,98.2891,19.8682,4.9904,36.7122,203.779,0.446,0.765,,,-9.99,,
20102002,1997.213206,31.714,64.192,,101,,100.2742,19.8328,4.9866,36.711,202.864,0.443,0.722,,,-9.99,,,,
20102002,1997.213206,31.714,64.192,,103,,102.2594,19.7868,4.9813,36.7067,202.027,0.44,0.693,,,-9.99,,,,
20102002,1997.213206,31.714,64.192,,105,,104.2445,19.7545,4.978,36.7066,200.588,0.435,0.652,,,-9.99,,,,
20102002,1997.213206,31.714,64.192,,107,,106.2296,19.7276,4.9749,36.7041,199.514,0.433,0.605,,,-9.99,,,,
20102002,1997.213206,31.714,64.192,,109,,108.2147,19.6686,4.9679,36.6963,200.527,0.431,0.568,,,-9.99,,,,
20102002,1997.213206,31.714,64.192,,111,,110.1997,19.6167,4.9615,36.6887,202.103,0.43,0.552,,,-9.99,,,,
20102002,1997.213206,31.714,64.192,,113,,112.1847,19.5809,4.9574,36.6847,203.384,0.427,0.52,,,-9.99,,,,
20102002,1997.213206,31.714,64.192,,115,,114.1698,19.5303,4.9514,36.6789,205.247,0.424,0.47,,,-9.99,,,,
20102002,1997.213206,31.714,64.192,,117,,116.1548,19.4919,4.947,36.6752,206.665,0.42,0.416,,,-9.99,,,,
20102002,1997.213206,31.714,64.192,,119,,118.1397,19.4683,4.9445,36.6743,207.177,0.418,0.388,,,-9.99,,,,
20102002,1997.213206,31.714,64.192,,121,,120.1247,19.4562,4.9434,36.6747,207.408,0.417,0.345,,,-9.99,,,,
20102002,1997.213206,31.714,64.192,,123,,122.1096,19.435,4.941,36.6731,207.712,0.414,0.301,,,-9.99,,,,
20102002,1997.213206,31.714,64.192,,125,,124.0946,19.4102,4.9383,36.6711,208.023,0.412,0.284,,,-9.99,,,,
20102002,1997.213206,31.714,64.192,,127,,126.0795,19.3715,4.934,36.6685,208.601,0.408,0.238,,,-9.99,,,,
20102002,1997.213206,31.714,64.192,,129,,128.0643,19.3561,4.9324,36.668,208.93,0.406,0.211,,,-9.99,,,,
20102002,1997.213206,31.714,64.192,,131,,130.0492,19.3408,4.9308,36.6671,209.181,0.405,0.19,,,-9.99,,,,
20102002,1997.213206,31.714,64.192,,133,,132.0341,19.3206,4.9285,36.6654,209.168,0.406,0.179,,,-9.99,,,,
20102002,1997.213206,31.714,64.192,,135,,134.0189,19.2936,4.9254,36.6626,208.826,0.405,0.17,,,-9.99,,,,
20102002,1997.213206,31.714,64.192,,137,,136.0037,19.265,4.9221,36.6595,208.026,0.404,0.154,,,-9.99,,,,
20102002,1997.213206,31.714,64.192,,139,,137.9885,19.2116,4.916,36.6542,206.888,0.402,0.139,,,-9.99,,,,
20102002,1997.213206,31.714,64.192,,141,,139.9732,19.187,4.9132,36.6517,206.278,0.401,0.132,,,-9.99,,,,
20102002,1997.213206,31.714,64.192,,143,,141.958,19.1482,4.9087,36.6478,205.149,0.399,0.116,,,-9.99,,,,
20102002,1997.213206,31.714,64.192,,145,,143.9427,19.1306,4.9067,36.6459,203.722,0.398,0.103,,,-9.99,,,,
20102002,1997.213206,31.714,64.192,,147,,145.9274,19.1063,4.9041,36.6441,202.643,0.398,0.096,,,-9.99,,,,
20102002,1997.213206,31.714,64.192,,149,,147.9121,19.0876,4.902,36.6426,201.589,0.398,0.102,,,-9.99,,,,
20102002,1997.213206,31.714,64.192,,151,,149.8968,19.0752,4.9005,36.6402,200.507,0.397,0.108,,,-9.99,,,,
20102002,1997.213206,31.714,64.192,,153,,151.8814,19.068,4.8997,36.6393,199.889,0.397,0.105,,,-9.99,,,,
20102002,1997.213206,31.714,64.192,,155,,153.8661,19.0589,4.8987,36.6382,199.253,0.397,0.093,,,-9.99,,,,
20102002,1997.213206,31.714,64.192,,157,,155.8507,19.0454,4.8974,36.6378,198.877,0.397,0.092,,,-9.99,,,,
20102002,1997.213206,31.714,64.192,,159,,157.8353,19.0227,4.8949,36.6365,198.565,0.398,0.096,,,-9.99,,,,
20102002,1997.213206,31.714,64.192,,161,,159.8199,18.9984,4.8923,36.6351,198.522,0.398,0.095,,,-9.99,,,,
20102002,1997.213206,31.714,64.192,,163,,161.8044,18.9805,4.8904,36.6344,198.918,0.398,0.094,,,-9.99,,,,
20102002,1997.213206,31.714,64.192,,165,,163.789,18.9571,4.8879,36.6329,199.469,0.398,0.093,,,-9.99,,,,
20102002,1997.213206,31.714,64.192,,167,,165.7735,18.9419,4.8863,36.6321,200.049,0.398,0.085,,,-9.99,,,,
20102002,1997.213206,31.714,64.192,,169,,167.758,18.9293,4.8848,36.6304,200.32,0.397,0.076,,,-9.99,,,,
20102002,1997.213206,31.714,64.192,,171,,169.7425,18.8892,4.88,36.6245,199.892,0.397,0.072,,,-9.99,,,,
20102002,1997.213206,31.714,64.192,,173,,171.7269,18.8506,4.8756,36.6203,199.537,0.397,0.076,,,-9.99,,,,
20102002,1997.213206,31.714,64.192,,175,,173.7114,18.814,4.8714,36.6168,199.262,0.396,0.076,,,-9.99,,,,
20102002,1997.213206,31.714,64.192,,177,,175.6958,18.7694,4.8663,36.6123,199.029,0.396,0.062,,,-9.99,,,,
20102002,1997.213206,31.714,64.192,,179,,177.6802,18.7575,4.865,36.6113,198.87,0.395,0.056,,,-9.99,,,,
20102002,1997.213206,31.714,64.192,,181,,179.6646,18.7573,4.865,36.6111,198.507,0.396,0.058,,,-9.99,,,,
20102002,1997.213206,31.714,64.192,,183,,181.6489,18.7459,4.8638,36.6098,198.303,0.395,0.061,,,-9.99,,,,
20102002,1997.213206,31.714,64.192,,185,,183.6333,18.7327,4.8622,36.6072,197.603,0.395,0.049,,,-9.99,,,,
20102002,1997.213206,31.714,64.192,,187,,185.6176,18.7055,4.859,36.6039,197.2,0.395,0.049,,,-9.99,,,,
20102002,1997.213206,31.714,64.192,,189,,187.6019,18.6851,4.8568,36.6019,196.829,0.394,0.055,,,-9.99,,,,
20102002,1997.213206,31.714,64.192,,191,,189.5862,18.6699,4.8551,36.6004,196.42,0.394,0.051,,,-9.99,,,,
20102002,1997.213206,31.714,64.192,,193,,191.5705,18.6559,4.8535,36.5989,196.289,0.394,0.05,,,-9.99,,,,
20102002,1997.213206,31.714,64.192,,195,,193.5547,18.6386,4.8516,36.5971,196.11,0.394,0.044,,,-9.99,,,,
20102002,1997.213206,31.714,64.192,,197,,195.5389,18.6237,4.8499,36.5952,195.966,0.394,0.046,,,-9.99,,,,
20102002,1997.213206,31.714,64.192,,199,,197.5232,18.6034,4.8476,36.5929,195.864,0.394,0.046,,,-9.99,,,,
20102002,1997.213206,31.714,64.192,,201,,199.5073,18.5758,4.8444,36.5897,195.798,0.394,0.046,,,-9.99,,,,
20102002,1997.213206,31.714,64.192,,203,,201.4915,18.5662,4.8434,36.5886,195.861,0.393,0.045,,,-9.99,,,,
20102002,1997.213206,31.714,64.192,,205,,203.4757,18.5554,4.8422,36.5874,195.952,0.393,0.047,,,-9.99,,,,
20102002,1997.213206,31.714,64.192,,207,,205.4598,18.5443,4.8409,36.5858,196.012,0.393,0.04,,,-9.99,,,,
20102002,1997.213206,31.714,64.192,,209,,207.4439,18.5232,4.8385,36.5833,196.226,0.393,0.029,,,-9.99,,,,
20102002,1997.213206,31.714,64.192,,211,,209.428,18.527,4.8391,36.5839,196.232,0.394,0.043,,,-9.99,,,,
20102002,1997.213206,31.714,64.192,,213,,211.4121,18.5006,4.8361,36.5812,196.506,0.393,0.048,,,-9.99,,,,
20102002,1997.213206,31.714,64.192,,215,,213.3962,18.4782,4.8335,36.5787,196.848,0.393,0.047,,,-9.99,,,,
20102002,1997.213206,31.714,64.192,,217,,215.3802,18.4697,4.8326,36.5779,197.108,0.393,0.047,,,-9.99,,,,
20102002,1997.213206,31.714,64.192,,219,,217.3642,18.461,4.8317,36.5767,197.324,0.392,0.054,,,-9.99,,,,
20102002,1997.213206,31.714,64.192,,221,,219.3482,18.4444,4.8298,36.5749,197.519,0.393,0.053,,,-9.99,,,,
20102002,1997.213206,31.714,64.192,,223,,221.3322,18.4355,4.8289,36.5738,197.648,0.392,0.036,,,-9.99,,,,
20102002,1997.213206,31.714,64.192,,225,,223.3162,18.4183,4.8269,36.5718,197.804,0.393,0.038,,,-9.99,,,,
20102002,1997.213206,31.714,64.192,,227,,225.3001,18.418,4.827,36.572,197.907,0.393,0.039,,,-9.99,,,,
20102002,1997.213206,31.714,64.192,,229,,227.284,18.4138,4.8266,36.5715,197.977,0.393,0.044,,,-9.99,,,,
20102002,1997.213206,31.714,64.192,,231,,229.2679,18.4023,4.8253,36.57,198.189,0.393,0.044,,,-9.99,,,,
20102002,1997.213206,31.714,64.192,,233,,231.2518,18.3888,4.8238,36.5683,198.467,0.392,0.047,,,-9.99,,,,
20102002,1997.213206,31.714,64.192,,235,,233.2357,18.3796,4.8228,36.5674,198.593,0.392,0.05,,,-9.99,,,,
20102002,1997.213206,31.714,64.192,,237,,235.2195,18.3693,4.8217,36.5662,198.663,0.392,0.045,,,-9.99,,,,
20102002,1997.213206,31.714,64.192,,239,,237.2034,18.3591,4.8206,36.565,198.797,0.392,0.043,,,-9.99,,,,
20102002,1997.213206,31.714,64.192,,241,,239.1872,18.3501,4.8196,36.564,198.969,0.392,0.04,,,-9.99,,,,
20102002,1997.213206,31.714,64.192,,243,,241.1709,18.3385,4.8183,36.5628,199.245,0.392,0.038,,,-9.99,,,,
20102002,1997.213206,31.714,64.192,,245,,243.1547,18.3307,4.8175,36.5619,199.447,0.392,0.038,,,-9.99,,,,
20102002,1997.213206,31.714,64.192,,247,,245.1385,18.3228,4.8167,36.5611,199.673,0.392,0.04,,,-9.99,,,,
20102002,1997.213206,31.714,64.192,,249,,247.1222,18.316,4.816,36.5604,199.877,0.393,0.038,,,-9.99,,,,
20102002,1997.213206,31.714,64.192,,251,,249.1059,18.3077,4.8151,36.5597,200.245,0.393,0.037,,,-9.99,,,,
20102002,1997.213206,31.714,64.192,,253,,251.0896,18.3042,4.8148,36.5594,200.363,0.393,0.037,,,-9.99,,,,
20102002,1997.213206,31.714,64.192,,255,,253.0733,18.2972,4.8141,36.5585,200.559,0.393,0.039,,,-9.99,,,,
20102002,1997.213206,31.714,64.192,,257,,255.0569,18.2905,4.8133,36.5577,200.714,0.392,0.035,,,-9.99,,,,
20102002,1997.213206,31.714,64.192,,259,,257.0406,18.2798,4.8122,36.5565,200.985,0.392,0.034,,,-9.99,,,,
20102002,1997.213206,31.714,64.192,,261,,259.0242,18.2764,4.8119,36.5562,201.101,0.392,0.04,,,-9.99,,,,
20102002,1997.213206,31.714,64.192,,263,,261.0078,18.2681,4.811,36.5554,201.316,0.392,0.046,,,-9.99,,,,
20102002,1997.213206,31.714,64.192,,265,,262.9914,18.2599,4.8102,36.5546,201.534,0.392,0.046,,,-9.99,,,,
20102002,1997.213206,31.714,64.192,,267,,264.9749,18.2507,4.8092,36.5537,201.845,0.393,0.051,,,-9.99,,,,
20102002,1997.213206,31.714,64.192,,269,,266.9585,18.2487,4.809,36.5534,202.104,0.392,0.052,,,-9.99,,,,
20102002,1997.213206,31.714,64.192,,271,,268.942,18.2406,4.8081,36.5523,202.283,0.392,0.042,,,-9.99,,,,
20102002,1997.213206,31.714,64.192,,273,,270.9255,18.2291,4.8069,36.5511,202.479,0.393,0.039,,,-9.99,,,,
20102002,1997.213206,31.714,64.192,,275,,272.909,18.2244,4.8064,36.5506,202.615,0.392,0.04,,,-9.99,,,,
20102002,1997.213206,31.714,64.192,,277,,274.8924,18.2226,4.8063,36.5503,202.74,0.391,0.038,,,-9.99,,,,
20102002,1997.213206,31.714,64.192,,279,,276.8759,18.2217,4.8063,36.5502,202.729,0.391,0.047,,,-9.99,,,,
20102002,1997.213206,31.714,64.192,,281,,278.8593,18.2196,4.8061,36.5499,202.822,0.391,0.031,,,-9.99,,,,
20102002,1997.213206,31.714,64.192,,283,,280.8427,18.2117,4.8053,36.5489,202.995,0.391,0.027,,,-9.99,,,,
20102002,1997.213206,31.714,64.192,,285,,282.8261,18.2025,4.8043,36.5477,203.141,0.391,0.035,,,-9.99,,,,
20102002,1997.213206,31.714,64.192,,287,,284.8095,18.1948,4.8034,36.5467,203.229,0.391,0.037,,,-9.99,,,,
20102002,1997.213206,31.714,64.192,,289,,286.7928,18.1865,4.8025,36.5451,203.25,0.391,0.037,,,-9.99,,,,
20102002,1997.213206,31.714,64.192,,291,,288.7762,18.172,4.8008,36.5431,203.232,0.391,0.033,,,-9.99,,,,
20102002,1997.213206,31.714,64.192,,293,,290.7595,18.1623,4.7997,36.5416,203.2,0.391,0.049,,,-9.99,,,,
20102002,1997.213206,31.714,64.192,,295,,292.7428,18.1574,4.7992,36.541,203.211,0.391,0.048,,,-9.99,,,,
20102002,1997.213206,31.714,64.192,,297,,294.726,18.1523,4.7987,36.5402,203.181,0.39,0.048,,,-9.99,,,,
20102002,1997.213206,31.714,64.192,,299,,296.7093,18.1437,4.7977,36.5389,203.118,0.39,0.044,,,-9.99,,,,
20102002,1997.213206,31.714,64.192,,301,,298.6925,18.1356,4.7968,36.5377,203.01,0.39,0.038,,,-9.99,,,,
20102002,1997.213206,31.714,64.192,,303,,300.6757,18.1191,4.7948,36.5347,203.052,0.39,0.032,,,-9.99,,,,
20102002,1997.213206,31.714,64.192,,305,,302.6589,18.11,4.7938,36.5334,202.777,0.39,0.034,,,-9.99,,,,
20102002,1997.213206,31.714,64.192,,307,,304.6421,18.0985,4.7925,36.5315,202.755,0.39,0.035,,,-9.99,,,,
20102002,1997.213206,31.714,64.192,,309,,306.6253,18.0847,4.7909,36.5296,202.707,0.39,0.038,,,-9.99,,,,
20102002,1997.213206,31.714,64.192,,311,,308.6084,18.0828,4.7908,36.5297,202.648,0.39,0.039,,,-9.99,,,,
20102002,1997.213206,31.714,64.192,,313,,310.5915,18.081,4.7907,36.5294,202.63,0.39,0.035,,,-9.99,,,,
20102002,1997.213206,31.714,64.192,,315,,312.5746,18.079,4.7905,36.529,202.612,0.39,0.035,,,-9.99,,,,
20102002,1997.213206,31.714,64.192,,317,,314.5577,18.0766,4.7904,36.5288,202.385,0.39,0.044,,,-9.99,,,,
20102002,1997.213206,31.714,64.192,,319,,316.5408,18.0754,4.7904,36.5293,202.409,0.39,0.039,,,-9.99,,,,
20102002,1997.213206,31.714,64.192,,321,,318.5238,18.073,4.7902,36.5294,202.486,0.39,0.032,,,-9.99,,,,
20102002,1997.213206,31.714,64.192,,323,,320.5068,18.07,4.79,36.529,202.585,0.39,0.033,,,-9.99,,,,
20102002,1997.213206,31.714,64.192,,325,,322.4899,18.0674,4.7897,36.5286,202.6,0.39,0.035,,,-9.99,,,,
20102002,1997.213206,31.714,64.192,,327,,324.4728,18.0652,4.7896,36.529,202.686,0.39,0.034,,,-9.99,,,,
20102002,1997.213206,31.714,64.192,,329,,326.4558,18.0593,4.789,36.5284,202.841,0.39,0.04,,,-9.99,,,,
20102002,1997.213206,31.714,64.192,,331,,328.4388,18.0531,4.7884,36.5276,202.941,0.389,0.039,,,-9.99,,,,
20102002,1997.213206,31.714,64.192,,333,,330.4217,18.0498,4.7881,36.5272,202.93,0.39,0.029,,,-9.99,,,,
20102002,1997.213206,31.714,64.192,,335,,332.4046,18.0381,4.7866,36.5245,202.822,0.391,0.03,,,-9.99,,,,
20102002,1997.213206,31.714,64.192,,337,,334.3875,18.0252,4.7851,36.522,202.684,0.391,0.029,,,-9.99,,,,
20102002,1997.213206,31.714,64.192,,339,,336.3704,18.0151,4.7839,36.5199,202.636,0.389,0.027,,,-9.99,,,,
20102002,1997.213206,31.714,64.192,,341,,338.3532,18.0056,4.7828,36.5186,202.497,0.389,0.031,,,-9.99,,,,
20102002,1997.213206,31.714,64.192,,343,,340.336,17.9994,4.7822,36.5177,202.462,0.389,0.031,,,-9.99,,,,
20102002,1997.213206,31.714,64.192,,345,,342.3189,17.9948,4.7817,36.517,202.48,0.389,0.038,,,-9.99,,,,
20102002,1997.213206,31.714,64.192,,347,,344.3017,17.9929,4.7816,36.5168,202.536,0.389,0.044,,,-9.99,,,,
20102002,1997.213206,31.714,64.192,,349,,346.2844,17.9891,4.7812,36.5165,202.663,0.389,0.044,,,-9.99,,,,
20102002,1997.213206,31.714,64.192,,351,,348.2672,17.9921,4.782,36.5193,202.73,0.389,0.054,,,-9.99,,,,
20102002,1997.213206,31.714,64.192,,353,,350.2499,17.9816,4.7807,36.5172,202.809,0.389,0.05,,,-9.99,,,,
20102002,1997.213206,31.714,64.192,,355,,352.2326,17.9671,4.7789,36.5136,202.783,0.389,0.047,,,-9.99,,,,
20102002,1997.213206,31.714,64.192,,357,,354.2153,17.9646,4.7787,36.5138,202.852,0.389,0.04,,,-9.99,,,,
20102002,1997.213206,31.714,64.192,,359,,356.198,17.9594,4.7783,36.5139,202.94,0.389,0.044,,,-9.99,,,,
20102002,1997.213206,31.714,64.192,,361,,358.1807,17.9553,4.7779,36.5138,203.033,0.389,0.03,,,-9.99,,,,
20102002,1997.213206,31.714,64.192,,363,,360.1633,17.9518,4.7777,36.5143,202.977,0.389,0.022,,,-9.99,,,,
20102002,1997.213206,31.714,64.192,,365,,362.146,17.9429,4.7766,36.5117,203.162,0.389,0.018,,,-9.99,,,,
20102002,1997.213206,31.714,64.192,,367,,364.1286,17.9359,4.776,36.5124,203.143,0.389,0.025,,,-9.99,,,,
20102002,1997.213206,31.714,64.192,,369,,366.1111,17.9268,4.775,36.511,203.313,0.389,0.027,,,-9.99,,,,
20102002,1997.213206,31.714,64.192,,371,,368.0937,17.9057,4.7724,36.5071,203.438,0.389,0.039,,,-9.99,,,,
20102002,1997.213206,31.714,64.192,,373,,370.0763,17.8965,4.7715,36.506,203.52,0.389,0.037,,,-9.99,,,,
20102002,1997.213206,31.714,64.192,,375,,372.0588,17.8943,4.7713,36.5059,203.382,0.389,0.031,,,-9.99,,,,
20102002,1997.213206,31.714,64.192,,377,,374.0413,17.8944,4.7714,36.5059,203.17,0.389,0.027,,,-9.99,,,,
20102002,1997.213206,31.714,64.192,,379,,376.0238,17.8883,4.7707,36.5046,203.107,0.389,0.033,,,-9.99,,,,
20102002,1997.213206,31.714,64.192,,381,,378.0063,17.8754,4.7692,36.5021,202.935,0.389,0.037,,,-9.99,,,,
20102002,1997.213206,31.714,64.192,,383,,379.9887,17.8613,4.7674,36.4991,202.794,0.389,0.039,,,-9.99,,,,
20102002,1997.213206,31.714,64.192,,385,,381.9711,17.8414,4.765,36.4954,202.507,0.389,0.034,,,-9.99,,,,
20102002,1997.213206,31.714,64.192,,387,,383.9536,17.8198,4.7623,36.4908,201.881,0.389,0.031,,,-9.99,,,,
20102002,1997.213206,31.714,64.192,,389,,385.936,17.8042,4.7604,36.4877,201.299,0.389,0.03,,,-9.99,,,,
20102002,1997.213206,31.714,64.192,,391,,387.9183,17.7805,4.7575,36.4827,200.238,0.388,0.028,,,-9.99,,,,
20102002,1997.213206,31.714,64.192,,393,,389.9007,17.7671,4.7559,36.4803,199.319,0.389,0.031,,,-9.99,,,,
20102002,1997.213206,31.714,64.192,,395,,391.883,17.747,4.7535,36.4769,198.962,0.389,0.035,,,-9.99,,,,
20102002,1997.213206,31.714,64.192,,397,,393.8653,17.7297,4.7515,36.4741,198.769,0.389,0.036,,,-9.99,,,,
20102002,1997.213206,31.714,64.192,,399,,395.8476,17.6976,4.7476,36.4682,198.276,0.389,0.031,,,-9.99,,,,
20102002,1997.213206,31.714,64.192,,401,,397.8299,17.6724,4.7445,36.4635,197.662,0.389,0.035,,,-9.99,,,,
20102002,1997.213206,31.714,64.192,,403,,399.8122,17.6581,4.7428,36.4608,196.996,0.389,0.043,,,-9.99,,,,
20102003,1997.213255,31.714,64.192,,,12,,,11.9163,20.8851,5.1132,36.8649,214.111,0.432,0.129,,,-9.99,,
20102003,1997.213255,31.714,64.192,,,14,,,13.9023,20.8818,5.1129,36.864,214.303,0.432,0.132,,,-9.99,,
20102003,1997.213255,31.714,64.192,,,16,,,15.8883,20.8679,5.1113,36.8627,214.439,0.433,0.121,,,-9.99,,
20102003,1997.213255,31.714,64.192,,,18,,,17.8743,20.8622,5.1108,36.8626,214.473,0.433,0.114,,,-9.99,,
20102003,1997.213255,31.714,64.192,,,20,,,19.8602,20.8634,5.111,36.863,214.315,0.433,0.12,,,-9.99,,
20102003,1997.213255,31.714,64.192,,,22,,,21.8461,20.8592,5.1106,36.8623,214.422,0.434,0.122,,,-9.99,,
20102003,1997.213255,31.714,64.192,,,24,,,23.832,20.8554,5.1102,36.8619,214.411,0.434,0.118,,,-9.99,,
20102003,1997.213255,31.714,64.192,,,26,,,25.8179,20.8465,5.1093,36.8612,214.49,0.435,0.125,,,-9.99,,
20102003,1997.213255,31.714,64.192,,,28,,,27.8037,20.8352,5.1081,36.8603,214.599,0.435,0.125,,,-9.99,,
20102003,1997.213255,31.714,64.192,,,30,,,29.7896,20.8295,5.1075,36.8599,214.701,0.434,0.121,,,-9.99,,
20102003,1997.213255,31.714,64.192,,,32,,,31.7754,20.8239,5.1069,36.8595,214.835,0.433,0.117,,,-9.99,,
20102003,1997.213255,31.714,64.192,,,34,,,33.7612,20.8227,5.1069,36.8594,214.905,0.434,0.125,,,-9.99,,
20102003,1997.213255,31.714,64.192,,,36,,,35.7469,20.8206,5.1067,36.8594,215.002,0.434,0.119,,,-9.99,,
20102003,1997.213255,31.714,64.192,,,38,,,37.7327,20.8181,5.1065,36.8592,215.072,0.434,0.116,,,-9.99,,
20102003,1997.213255,31.714,64.192,,,40,,,39.7184,20.8151,5.1063,36.8592,215.151,0.435,0.111,,,-9.99,,
20102003,1997.213255,31.714,64.192,,,42,,,41.7042,20.8137,5.1062,36.8591,215.195,0.434,0.118,,,-9.99,,
20102003,1997.213255,31.714,64.192,,,44,,,43.6899,20.8111,5.106,36.8589,215.205,0.434,0.119,,,-9.99,,
20102003,1997.213255,31.714,64.192,,,46,,,45.6755,20.8098,5.106,36.8587,215.192,0.434,0.126,,,-9.99,,
20102003,1997.213255,31.714,64.192,,,48,,,47.6612,20.8064,5.1056,36.8581,215.201,0.434,0.134,,,-9.99,,
20102003,1997.213255,31.714,64.192,,,50,,,49.6469,20.8033,5.1053,36.8576,215.247,0.434,0.135,,,-9.99,,
20102003,1997.213255,31.714,64.192,,,52,,,51.6325,20.8005,5.1051,36.8572,215.285,0.434,0.137,,,-9.99,,
20102003,1997.213255,31.714,64.192,,,54,,,53.6181,20.7903,5.1038,36.8553,215.412,0.433,0.147,,,-9.99,,
20102003,1997.213255,31.714,64.192,,,56,,,55.6037,20.7787,5.1024,36.8534,215.532,0.433,0.155,,,-9.99,,
20102003,1997.213255,31.714,64.192,,,58,,,57.5892,20.7591,5.0999,36.8493,215.634,0.433,0.157,,,-9.99,,
20102003,1997.213255,31.714,64.192,,,60,,,59.5748,20.7377,5.0972,36.8445,215.65,0.433,0.168,,,-9.99,,
20102003,1997.213255,31.714,64.192,,,62,,,61.5603,20.7267,5.0958,36.842,215.62,0.433,0.177,,,-9.99,,
20102003,1997.213255,31.714,64.192,,,64,,,63.5458,20.7037,5.0928,36.8374,215.655,0.433,0.197,,,-9.99,,
20102003,1997.213255,31.714,64.192,,,66,,,65.5313,20.6808,5.0899,36.8326,215.535,0.434,0.204,,,-9.99,,
20102003,1997.213255,31.714,64.192,,,68,,,67.5168,20.6477,5.0856,36.8259,215.499,0.435,0.218,,,-9.99,,
20102003,1997.213255,31.714,64.192,,,70,,,69.5022,20.568,5.0752,36.8092,215.126,0.438,0.25,,,-9.99,,
20102003,1997.213255,31.714,64.192,,,72,,,71.4877,20.5196,5.0689,36.7996,214.854,0.44,0.281,,,-9.99,,
20102003,1997.213255,31.714,64.192,,,74,,,73.4731,20.4422,5.059,36.7852,214.29,0.444,0.333,,,-9.99,,
20102003,1997.213255,31.714,64.192,,,76,,,75.4585,20.3809,5.0513,36.7746,213.544,0.448,0.397,,,-9.99,,
20102003,1997.213255,31.714,64.192,,,78,,,77.4438,20.3226,5.044,36.7646,212.425,0.453,0.457,,,-9.99,,
20102003,1997.213255,31.714,64.192,,,80,,,79.4292,20.2378,5.0334,36.7511,211.087,0.457,0.523,,,-9.99,,
20102003,1997.213255,31.714,64.192,,,82,,,81.4145,20.096,5.0162,36.7319,209.887,0.463,0.583,,,-9.99,,
20102003,1997.213255,31.714,64.192,,,84,,,83.3998,20.0214,5.0074,36.7242,208.979,0.461,0.649,,,-9.99,,
20102003,1997.213255,31.714,64.192,,,86,,,85.3851,19.9604,5.0004,36.7188,207.654,0.457,0.719,,,-9.99,,
20102003,1997.213255,31.714,64.192,,,88,,,87.3704,19.9168,4.9955,36.7157,206.538,0.455,0.757,,,-9.99,,
20102003,1997.213255,31.714,64.192,,,90,,,89.3557,19.8786,4.9912,36.7126,205.391,0.453,0.768,,,-9.99,,
20102003,1997.213255,31.714,64.192,,,92,,,91.3409,19.8451,4.9876,36.7116,204.45,0.447,0.753,,,-9.99,,
20102003,1997.213255,31.714,64.192,,,94,,,93.3261,19.8008,4.9824,36.707,202.076,0.444,0.701,,,-9.99,,
20102003,1997.213255,31.714,64.192,,,96,,,95.3113,19.7498,4.9772,36.7074,200.016,0.436,0.638,,,-9.99,,
20102003,1997.213255,31.714,64.192,,,98,,,97.2965,19.7194,4.9739,36.7062,196.71,0.433,0.576,,,-9.99,,
20102003,1997.213255,31.714,64.192,,100,,,99.2817,19.665,4.9671,36.6963,198.519,0.432,0.533,,,-9.99,,,
20102003,1997.213255,31.714,64.192,,102,,101.2668,19.6073,4.9601,36.6881,200.974,0.431,0.59,,,-9.99,,,,
20102003,1997.213255,31.714,64.192,,104,,103.2519,19.5752,4.9564,36.6851,202.642,0.428,0.552,,,-9.99,,,,
20102003,1997.213255,31.714,64.192,,106,,105.237,19.514,4.9491,36.6771,204.427,0.425,0.49,,,-9.99,,,,
20102003,1997.213255,31.714,64.192,,108,,107.2221,19.4938,4.9468,36.6754,205.545,0.423,0.434,,,-9.99,,,,
20102003,1997.213255,31.714,64.192,,110,,109.2072,19.4854,4.946,36.6752,206.1,0.422,0.4,,,-9.99,,,,
20102003,1997.213255,31.714,64.192,,112,,111.1922,19.4709,4.9446,36.675,206.691,0.42,0.358,,,-9.99,,,,
20102003,1997.213255,31.714,64.192,,114,,113.1773,19.4574,4.9432,36.6748,206.797,0.419,0.344,,,-9.99,,,,
20102003,1997.213255,31.714,64.192,,116,,115.1623,19.4356,4.9408,36.6733,207.013,0.417,0.315,,,-9.99,,,,
20102003,1997.213255,31.714,64.192,,118,,117.1473,19.4147,4.9385,36.6718,207.264,0.415,0.29,,,-9.99,,,,
20102003,1997.213255,31.714,64.192,,120,,119.1322,19.3836,4.9351,36.6696,207.738,0.412,0.249,,,-9.99,,,,
20102003,1997.213255,31.714,64.192,,122,,121.1172,19.3632,4.9329,36.6685,208.076,0.41,0.218,,,-9.99,,,,
20102003,1997.213255,31.714,64.192,,124,,123.1021,19.3471,4.9312,36.6677,208.391,0.408,0.187,,,-9.99,,,,
20102003,1997.213255,31.714,64.192,,126,,125.087,19.3271,4.929,36.6663,208.492,0.406,0.174,,,-9.99,,,,
20102003,1997.213255,31.714,64.192,,128,,127.0719,19.3176,4.9279,36.6651,208.312,0.407,0.173,,,-9.99,,,,
20102003,1997.213255,31.714,64.192,,130,,129.0568,19.2771,4.9233,36.6608,207.706,0.406,0.164,,,-9.99,,,,
20102003,1997.213255,31.714,64.192,,132,,131.0416,19.2485,4.92,36.6577,207.134,0.407,0.157,,,-9.99,,,,
20102003,1997.213255,31.714,64.192,,134,,133.0265,19.1897,4.9132,36.652,206.007,0.405,0.15,,,-9.99,,,,
20102003,1997.213255,31.714,64.192,,136,,135.0113,19.1626,4.9102,36.6497,204.803,0.403,0.125,,,-9.99,,,,
20102003,1997.213255,31.714,64.192,,138,,136.9961,19.1463,4.9083,36.6478,203.608,0.402,0.108,,,-9.99,,,,
20102003,1997.213255,31.714,64.192,,140,,138.9809,19.132,4.9067,36.6462,202.627,0.401,0.103,,,-9.99,,,,
20102003,1997.213255,31.714,64.192,,142,,140.9656,19.1142,4.9048,36.645,201.865,0.4,0.103,,,-9.99,,,,
20102003,1997.213255,31.714,64.192,,144,,142.9504,19.0922,4.9023,36.6432,200.688,0.4,0.11,,,-9.99,,,,
20102003,1997.213255,31.714,64.192,,146,,144.9351,19.0751,4.9003,36.6408,199.769,0.4,0.109,,,-9.99,,,,
20102003,1997.213255,31.714,64.192,,148,,146.9198,19.075,4.9004,36.6402,198.998,0.4,0.107,,,-9.99,,,,
20102003,1997.213255,31.714,64.192,,150,,148.9045,19.0557,4.8982,36.638,198.42,0.4,0.097,,,-9.99,,,,
20102003,1997.213255,31.714,64.192,,152,,150.8891,19.0398,4.8965,36.6374,197.799,0.4,0.097,,,-9.99,,,,
20102003,1997.213255,31.714,64.192,,154,,152.8738,19.0228,4.8947,36.6364,197.367,0.4,0.102,,,-9.99,,,,
20102003,1997.213255,31.714,64.192,,156,,154.8584,18.9993,4.8922,36.6354,197.548,0.4,0.102,,,-9.99,,,,
20102003,1997.213255,31.714,64.192,,158,,156.843,18.9649,4.8884,36.633,198.167,0.4,0.096,,,-9.99,,,,
20102003,1997.213255,31.714,64.192,,160,,158.8276,18.9529,4.8871,36.6322,198.351,0.4,0.095,,,-9.99,,,,
20102003,1997.213255,31.714,64.192,,162,,160.8121,18.9419,4.886,36.632,198.762,0.401,0.09,,,-9.99,,,,
20102003,1997.213255,31.714,64.192,,164,,162.7967,18.9279,4.8844,36.63,199.141,0.399,0.084,,,-9.99,,,,
20102003,1997.213255,31.714,64.192,,166,,164.7812,18.9036,4.8815,36.6264,198.959,0.399,0.081,,,-9.99,,,,
20102003,1997.213255,31.714,64.192,,168,,166.7657,18.8759,4.8783,36.6232,198.465,0.399,0.078,,,-9.99,,,,
20102003,1997.213255,31.714,64.192,,170,,168.7502,18.819,4.8717,36.6171,198.344,0.398,0.07,,,-9.99,,,,
20102003,1997.213255,31.714,64.192,,172,,170.7347,18.778,4.867,36.6131,197.993,0.398,0.061,,,-9.99,,,,
20102003,1997.213255,31.714,64.192,,174,,172.7191,18.7634,4.8654,36.6117,197.858,0.397,0.052,,,-9.99,,,,
20102003,1997.213255,31.714,64.192,,176,,174.7036,18.7542,4.8645,36.611,197.426,0.397,0.047,,,-9.99,,,,
20102003,1997.213255,31.714,64.192,,178,,176.688,18.7434,4.8632,36.6091,197.078,0.397,0.059,,,-9.99,,,,
20102003,1997.213255,31.714,64.192,,180,,178.6724,18.7207,4.8605,36.6055,196.527,0.397,0.059,,,-9.99,,,,
20102003,1997.213255,31.714,64.192,,182,,180.6567,18.6969,4.8578,36.6026,195.923,0.396,0.058,,,-9.99,,,,
20102003,1997.213255,31.714,64.192,,184,,182.6411,18.6776,4.8556,36.6007,195.572,0.396,0.058,,,-9.99,,,,
20102003,1997.213255,31.714,64.192,,186,,184.6254,18.6599,4.8536,36.5991,195.312,0.396,0.06,,,-9.99,,,,
20102003,1997.213255,31.714,64.192,,188,,186.6098,18.6406,4.8515,36.5973,195.114,0.396,0.063,,,-9.99,,,,
20102003,1997.213255,31.714,64.192,,190,,188.5941,18.6207,4.8492,36.595,194.979,0.396,0.066,,,-9.99,,,,
20102003,1997.213255,31.714,64.192,,192,,190.5783,18.6064,4.8476,36.5934,194.927,0.395,0.069,,,-9.99,,,,
20102003,1997.213255,31.714,64.192,,194,,192.5626,18.5828,4.8449,36.5907,194.838,0.395,0.066,,,-9.99,,,,
20102003,1997.213255,31.714,64.192,,196,,194.5468,18.5682,4.8433,36.5892,194.852,0.395,0.059,,,-9.99,,,,
20102003,1997.213255,31.714,64.192,,198,,196.5311,18.552,4.8415,36.5873,194.905,0.395,0.046,,,-9.99,,,,
20102003,1997.213255,31.714,64.192,,200,,198.5153,18.5383,4.8399,36.5855,195.087,0.395,0.041,,,-9.99,,,,
20102003,1997.213255,31.714,64.192,,202,,200.4994,18.5264,4.8386,36.5841,195.247,0.395,0.038,,,-9.99,,,,
20102003,1997.213255,31.714,64.192,,204,,202.4836,18.5152,4.8374,36.583,195.44,0.395,0.039,,,-9.99,,,,
20102003,1997.213255,31.714,64.192,,206,,204.4677,18.4936,4.8349,36.5804,195.74,0.395,0.046,,,-9.99,,,,
20102003,1997.213255,31.714,64.192,,208,,206.4519,18.4751,4.8329,36.5783,196.034,0.394,0.045,,,-9.99,,,,
20102003,1997.213255,31.714,64.192,,210,,208.436,18.4664,4.8319,36.5775,196.222,0.394,0.045,,,-9.99,,,,
20102003,1997.213255,31.714,64.192,,212,,210.4201,18.4552,4.8307,36.5761,196.442,0.394,0.041,,,-9.99,,,,
20102003,1997.213255,31.714,64.192,,214,,212.4041,18.4415,4.8292,36.5745,196.686,0.394,0.052,,,-9.99,,,,
20102003,1997.213255,31.714,64.192,,216,,214.3882,18.4266,4.8275,36.5729,196.952,0.394,0.044,,,-9.99,,,,
20102003,1997.213255,31.714,64.192,,218,,216.3722,18.4173,4.8265,36.5719,197.133,0.394,0.044,,,-9.99,,,,
20102003,1997.213255,31.714,64.192,,220,,218.3562,18.4147,4.8263,36.5717,197.128,0.394,0.046,,,-9.99,,,,
20102003,1997.213255,31.714,64.192,,222,,220.3402,18.4123,4.8261,36.5713,197.278,0.394,0.046,,,-9.99,,,,
20102003,1997.213255,31.714,64.192,,224,,222.3242,18.4026,4.825,36.57,197.455,0.394,0.05,,,-9.99,,,,
20102003,1997.213255,31.714,64.192,,226,,224.3081,18.394,4.8241,36.5688,197.562,0.394,0.038,,,-9.99,,,,
20102003,1997.213255,31.714,64.192,,228,,226.2921,18.3836,4.8229,36.5677,197.855,0.394,0.041,,,-9.99,,,,
20102003,1997.213255,31.714,64.192,,230,,228.276,18.3728,4.8218,36.5665,198.004,0.394,0.044,,,-9.99,,,,
20102003,1997.213255,31.714,64.192,,232,,230.2599,18.3603,4.8204,36.565,198.096,0.394,0.045,,,-9.99,,,,
20102003,1997.213255,31.714,64.192,,234,,232.2437,18.3472,4.8189,36.5636,198.28,0.393,0.041,,,-9.99,,,,
20102003,1997.213255,31.714,64.192,,236,,234.2276,18.339,4.8181,36.5627,198.576,0.394,0.044,,,-9.99,,,,
20102003,1997.213255,31.714,64.192,,238,,236.2114,18.3341,4.8176,36.5622,198.677,0.394,0.041,,,-9.99,,,,
20102003,1997.213255,31.714,64.192,,240,,238.1953,18.3254,4.8166,36.5612,198.918,0.394,0.038,,,-9.99,,,,
20102003,1997.213255,31.714,64.192,,242,,240.1791,18.3198,4.8161,36.5606,199.124,0.394,0.041,,,-9.99,,,,
20102003,1997.213255,31.714,64.192,,244,,242.1628,18.3141,4.8155,36.56,199.327,0.394,0.042,,,-9.99,,,,
20102003,1997.213255,31.714,64.192,,246,,244.1466,18.3061,4.8147,36.5594,199.611,0.394,0.045,,,-9.99,,,,
20102003,1997.213255,31.714,64.192,,248,,246.1303,18.2979,4.8138,36.5587,199.974,0.394,0.045,,,-9.99,,,,
20102003,1997.213255,31.714,64.192,,250,,248.1141,18.2959,4.8137,36.5585,200.061,0.394,0.046,,,-9.99,,,,
20102003,1997.213255,31.714,64.192,,252,,250.0978,18.29,4.8131,36.5578,200.228,0.394,0.044,,,-9.99,,,,
20102003,1997.213255,31.714,64.192,,254,,252.0815,18.2839,4.8124,36.557,200.442,0.393,0.045,,,-9.99,,,,
20102003,1997.213255,31.714,64.192,,256,,254.0651,18.2784,4.8119,36.5563,200.605,0.393,0.045,,,-9.99,,,,
20102003,1997.213255,31.714,64.192,,258,,256.0488,18.264,4.8103,36.5548,200.87,0.393,0.041,,,-9.99,,,,
20102003,1997.213255,31.714,64.192,,260,,258.0324,18.2565,4.8095,36.5543,201.115,0.393,0.041,,,-9.99,,,,
20102003,1997.213255,31.714,64.192,,262,,260.016,18.2527,4.8092,36.5539,201.298,0.393,0.041,,,-9.99,,,,
20102003,1997.213255,31.714,64.192,,264,,261.9996,18.2509,4.8091,36.5538,201.423,0.393,0.041,,,-9.99,,,,
20102003,1997.213255,31.714,64.192,,266,,263.9832,18.2431,4.8082,36.5528,201.697,0.393,0.04,,,-9.99,,,,
20102003,1997.213255,31.714,64.192,,268,,265.9667,18.2329,4.8071,36.5516,201.93,0.393,0.04,,,-9.99,,,,
20102003,1997.213255,31.714,64.192,,270,,267.9502,18.2183,4.8055,36.5499,202.16,0.393,0.044,,,-9.99,,,,
20102003,1997.213255,31.714,64.192,,272,,269.9337,18.2191,4.8057,36.55,202.307,0.393,0.044,,,-9.99,,,,
20102003,1997.213255,31.714,64.192,,274,,271.9172,18.2168,4.8055,36.5498,202.414,0.393,0.046,,,-9.99,,,,
20102003,1997.213255,31.714,64.192,,276,,273.9007,18.2123,4.805,36.5492,202.467,0.393,0.053,,,-9.99,,,,
20102003,1997.213255,31.714,64.192,,278,,275.8842,18.2043,4.8041,36.5479,202.574,0.393,0.049,,,-9.99,,,,
20102003,1997.213255,31.714,64.192,,280,,277.8676,18.1942,4.803,36.5465,202.666,0.393,0.045,,,-9.99,,,,
20102003,1997.213255,31.714,64.192,,282,,279.851,18.184,4.8019,36.545,202.712,0.392,0.041,,,-9.99,,,,
20102003,1997.213255,31.714,64.192,,284,,281.8344,18.1743,4.8008,36.5436,202.716,0.393,0.028,,,-9.99,,,,
20102003,1997.213255,31.714,64.192,,286,,283.8178,18.164,4.7996,36.5419,202.727,0.392,0.039,,,-9.99,,,,
20102003,1997.213255,31.714,64.192,,288,,285.8012,18.1581,4.799,36.5413,202.706,0.392,0.042,,,-9.99,,,,
20102003,1997.213255,31.714,64.192,,290,,287.7845,18.1526,4.7984,36.5405,202.687,0.392,0.045,,,-9.99,,,,
20102003,1997.213255,31.714,64.192,,292,,289.7678,18.1452,4.7976,36.5394,202.678,0.392,0.039,,,-9.99,,,,
20102003,1997.213255,31.714,64.192,,294,,291.7511,18.1407,4.7972,36.5392,202.646,0.392,0.035,,,-9.99,,,,
20102003,1997.213255,31.714,64.192,,296,,293.7344,18.1354,4.7966,36.5379,202.785,0.392,0.043,,,-9.99,,,,
20102003,1997.213255,31.714,64.192,,298,,295.7177,18.1326,4.7964,36.5383,202.856,0.392,0.042,,,-9.99,,,,
20102003,1997.213255,31.714,64.192,,300,,297.7009,18.129,4.7961,36.5375,202.787,0.392,0.03,,,-9.99,,,,
20102003,1997.213255,31.714,64.192,,302,,299.6841,18.1166,4.7945,36.5344,202.786,0.392,0.018,,,-9.99,,,,
20102003,1997.213255,31.714,64.192,,304,,301.6673,18.0967,4.7921,36.5312,202.932,0.392,0.034,,,-9.99,,,,
20102003,1997.213255,31.714,64.192,,306,,303.6505,18.0885,4.7913,36.5307,202.58,0.392,0.031,,,-9.99,,,,
20102003,1997.213255,31.714,64.192,,308,,305.6337,18.0876,4.7913,36.5306,202.372,0.392,0.017,,,-9.99,,,,
20102003,1997.213255,31.714,64.192,,310,,307.6168,18.0873,4.7914,36.5308,202.409,0.392,0.025,,,-9.99,,,,
20102003,1997.213255,31.714,64.192,,312,,309.6,18.0856,4.7913,36.5304,202.379,0.392,0.036,,,-9.99,,,,
20102003,1997.213255,31.714,64.192,,314,,311.5831,18.0824,4.791,36.5301,202.327,0.392,0.035,,,-9.99,,,,
20102003,1997.213255,31.714,64.192,,316,,313.5662,18.0779,4.7906,36.5301,202.322,0.391,0.039,,,-9.99,,,,
20102003,1997.213255,31.714,64.192,,318,,315.5492,18.073,4.7902,36.53,202.358,0.391,0.033,,,-9.99,,,,
20102003,1997.213255,31.714,64.192,,320,,317.5323,18.0696,4.7898,36.5294,202.397,0.392,0.029,,,-9.99,,,,
20102003,1997.213255,31.714,64.192,,322,,319.5153,18.0684,4.7898,36.5298,202.485,0.392,0.04,,,-9.99,,,,
20102003,1997.213255,31.714,64.192,,324,,321.4984,18.0673,4.7899,36.5302,202.593,0.392,0.037,,,-9.99,,,,
20102003,1997.213255,31.714,64.192,,326,,323.4813,18.0619,4.7893,36.5295,202.684,0.392,0.034,,,-9.99,,,,
20102003,1997.213255,31.714,64.192,,328,,325.4643,18.0532,4.7883,36.5278,202.688,0.392,0.038,,,-9.99,,,,
20102003,1997.213255,31.714,64.192,,330,,327.4473,18.0454,4.7874,36.5261,202.649,0.391,0.039,,,-9.99,,,,
20102003,1997.213255,31.714,64.192,,332,,329.4302,18.0379,4.7865,36.5248,202.636,0.391,0.025,,,-9.99,,,,
20102003,1997.213255,31.714,64.192,,334,,331.4131,18.0291,4.7856,36.5237,202.591,0.391,0.021,,,-9.99,,,,
20102003,1997.213255,31.714,64.192,,336,,333.396,18.0221,4.7848,36.5223,202.629,0.391,0.022,,,-9.99,,,,
20102003,1997.213255,31.714,64.192,,338,,335.3789,18.0165,4.7843,36.5224,202.825,0.391,0.03,,,-9.99,,,,
20102003,1997.213255,31.714,64.192,,340,,337.3618,18.027,4.786,36.5267,202.98,0.391,0.044,,,-9.99,,,,
20102003,1997.213255,31.714,64.192,,342,,339.3446,18.0322,4.7868,36.5286,203.078,0.392,0.043,,,-9.99,,,,
20102003,1997.213255,31.714,64.192,,344,,341.3275,18.0124,4.7842,36.5234,203.143,0.391,0.035,,,-9.99,,,,
20102003,1997.213255,31.714,64.192,,346,,343.3103,17.992,4.7816,36.518,203.066,0.391,0.042,,,-9.99,,,,
20102003,1997.213255,31.714,64.192,,348,,345.293,17.9766,4.7797,36.5147,202.898,0.391,0.039,,,-9.99,,,,
20102003,1997.213255,31.714,64.192,,350,,347.2758,17.9701,4.7791,36.5144,202.8,0.391,0.034,,,-9.99,,,,
20102003,1997.213255,31.714,64.192,,352,,349.2586,17.9682,4.779,36.5148,202.699,0.391,0.041,,,-9.99,,,,
20102003,1997.213255,31.714,64.192,,354,,351.2413,17.9731,4.78,36.5179,202.723,0.391,0.043,,,-9.99,,,,
20102003,1997.213255,31.714,64.192,,356,,353.224,17.9688,4.7795,36.5173,202.852,0.391,0.037,,,-9.99,,,,
20102003,1997.213255,31.714,64.192,,358,,355.2067,17.9578,4.7783,36.5157,203.014,0.391,0.024,,,-9.99,,,,
20102003,1997.213255,31.714,64.192,,360,,357.1894,17.9499,4.7773,36.5137,202.966,0.396,0.032,,,-9.99,,,,
20102003,1997.213255,31.714,64.192,,362,,359.172,17.9418,4.7763,36.5118,202.864,0.39,0.038,,,-9.99,,,,
20102003,1997.213255,31.714,64.192,,364,,361.1546,17.9371,4.7761,36.5132,203.04,0.391,0.04,,,-9.99,,,,
20102003,1997.213255,31.714,64.192,,366,,363.1373,17.9297,4.7752,36.5113,202.872,0.391,0.034,,,-9.99,,,,
20102003,1997.213255,31.714,64.192,,368,,365.1199,17.9069,4.7725,36.5074,202.962,0.39,0.043,,,-9.99,,,,
20102003,1997.213255,31.714,64.192,,370,,367.1024,17.8985,4.7716,36.5065,203.056,0.391,0.041,,,-9.99,,,,
20102003,1997.213255,31.714,64.192,,372,,369.085,17.8967,4.7715,36.5063,203.082,0.391,0.033,,,-9.99,,,,
20102003,1997.213255,31.714,64.192,,374,,371.0675,17.8975,4.7716,36.5064,202.84,0.39,0.031,,,-9.99,,,,
20102003,1997.213255,31.714,64.192,,376,,373.05,17.892,4.771,36.5051,202.689,0.391,0.048,,,-9.99,,,,
20102003,1997.213255,31.714,64.192,,378,,375.0325,17.8751,4.769,36.5018,202.815,0.391,0.046,,,-9.99,,,,
20102003,1997.213255,31.714,64.192,,380,,377.015,17.869,4.7683,36.5004,202.515,0.391,0.044,,,-9.99,,,,
20102003,1997.213255,31.714,64.192,,382,,378.9975,17.8524,4.7662,36.4964,201.986,0.391,0.036,,,-9.99,,,,
20102003,1997.213255,31.714,64.192,,384,,380.9799,17.8266,4.7631,36.4921,201.992,0.391,0.032,,,-9.99,,,,
20102003,1997.213255,31.714,64.192,,386,,382.9624,17.817,4.7619,36.4897,201.394,0.391,0.031,,,-9.99,,,,
20102003,1997.213255,31.714,64.192,,388,,384.9448,17.7954,4.7592,36.4851,200.482,0.391,0.034,,,-9.99,,,,
20102003,1997.213255,31.714,64.192,,390,,386.9271,17.7735,4.7565,36.4811,200.062,0.391,0.038,,,-9.99,,,,
20102003,1997.213255,31.714,64.192,,392,,388.9095,17.751,4.7538,36.4772,199.7,0.391,0.034,,,-9.99,,,,
20102003,1997.213255,31.714,64.192,,394,,390.8919,17.7301,4.7513,36.4735,199.02,0.391,0.035,,,-9.99,,,,
20102003,1997.213255,31.714,64.192,,396,,392.8742,17.7099,4.7489,36.4698,198.352,0.391,0.042,,,-9.99,,,,
20102003,1997.213255,31.714,64.192,,398,,394.8565,17.6669,4.7436,36.4621,198.228,0.391,0.043,,,-9.99,,,,
20102003,1997.213255,31.714,64.192,,400,,396.8388,17.6512,4.7418,36.4593,197.834,0.391,0.042,,,-9.99,,,,
20102003,1997.213255,31.714,64.192,,402,,398.8211,17.6397,4.7404,36.4568,197.385,0.391,0.04,,,-9.99,,,,
20102003,1997.213255,31.714,64.192,,404,,400.8033,17.6267,4.7389,36.4545,196.738,0.391,0.029,,,-9.99,,,,
20102003,1997.213255,31.714,64.192,,406,,402.7855,17.6144,4.7374,36.4522,195.89,0.391,0.034,,,-9.99,,,,
20102003,1997.213255,31.714,64.192,,408,,404.7678,17.6011,4.7358,36.4491,195.39,0.391,0.04,,,-9.99,,,,
20102003,1997.213255,31.714,64.192,,410,,406.75,17.576,4.7326,36.4435,195.03,0.391,0.024,,,-9.99,,,,
20102003,1997.213255,31.714,64.192,,412,,408.7321,17.5206,4.7258,36.4339,193.781,0.391,0.033,,,-9.99,,,,
20102003,1997.213255,31.714,64.192,,414,,410.7143,17.4927,4.7224,36.4288,193.456,0.391,0.047,,,-9.99,,,,
20102003,1997.213255,31.714,64.192,,416,,412.6964,17.4668,4.7193,36.4238,192.96,0.391,0.041,,,-9.99,,,,
20102003,1997.213255,31.714,64.192,,418,,414.6785,17.4482,4.7171,36.4206,192.336,0.391,0.041,,,-9.99,,,,
20102003,1997.213255,31.714,64.192,,420,,416.6606,17.4278,4.7146,36.4168,191.686,0.391,0.04,,,-9.99,,,,
20102003,1997.213255,31.714,64.192,,422,,418.6427,17.4101,4.7125,36.4139,191.135,0.391,0.035,,,-9.99,,,,
20102003,1997.213255,31.714,64.192,,424,,420.6248,17.3998,4.7114,36.4121,190.838,0.391,0.04,,,-9.99,,,,
20102003,1997.213255,31.714,64.192,,426,,422.6068,17.3911,4.7104,36.4106,190.573,0.391,0.037,,,-9.99,,,,
20102003,1997.213255,31.714,64.192,,428,,424.5888,17.3858,4.7098,36.4096,189.743,0.391,0.036,,,-9.99,,,,
20102003,1997.213255,31.714,64.192,,430,,426.5709,17.3704,4.7079,36.4061,189.49,0.391,0.044,,,-9.99,,,,
20102003,1997.213255,31.714,64.192,,432,,428.5528,17.3405,4.7043,36.4013,189.331,0.391,0.033,,,-9.99,,,,
20102003,1997.213255,31.714,64.192,,434,,430.5348,17.3205,4.702,36.3983,188.889,0.391,0.03,,,-9.99,,,,
20102003,1997.213255,31.714,64.192,,436,,432.5168,17.3126,4.7012,36.3971,188.434,0.391,0.029,,,-9.99,,,,
20102003,1997.213255,31.714,64.192,,438,,434.4987,17.3022,4.6999,36.3952,188.061,0.391,0.022,,,-9.99,,,,
20102003,1997.213255,31.714,64.192,,440,,436.4806,17.286,4.698,36.3923,187.929,0.391,0.032,,,-9.99,,,,
20102003,1997.213255,31.714,64.192,,442,,438.4625,17.2782,4.6972,36.391,187.597,0.391,0.037,,,-9.99,,,,
20102003,1997.213255,31.714,64.192,,444,,440.4444,17.2612,4.6951,36.3877,187.263,0.391,0.034,,,-9.99,,,,
20102003,1997.213255,31.714,64.192,,446,,442.4262,17.2402,4.6926,36.3838,187.02,0.391,0.033,,,-9.99,,,,
20102003,1997.213255,31.714,64.192,,448,,444.408,17.2155,4.6897,36.3796,186.884,0.391,0.04,,,-9.99,,,,
20102003,1997.213255,31.714,64.192,,450,,446.3899,17.1994,4.6878,36.3771,186.631,0.391,0.042,,,-9.99,,,,
20102003,1997.213255,31.714,64.192,,452,,448.3716,17.1917,4.6869,36.3756,186.328,0.391,0.033,,,-9.99,,,,
20102003,1997.213255,31.714,64.192,,454,,450.3534,17.1854,4.6862,36.3743,186.142,0.391,0.027,,,-9.99,,,,
20102003,1997.213255,31.714,64.192,,456,,452.3352,17.1758,4.6851,36.3725,186.061,0.391,0.024,,,-9.99,,,,
20102003,1997.213255,31.714,64.192,,458,,454.3169,17.1642,4.6837,36.37,185.764,0.391,0.031,,,-9.99,,,,
20102003,1997.213255,31.714,64.192,,460,,456.2986,17.1509,4.6821,36.3673,185.316,0.391,0.044,,,-9.99,,,,
20102003,1997.213255,31.714,64.192,,462,,458.2803,17.1225,4.6785,36.3608,185.239,0.392,0.039,,,-9.99,,,,
20102003,1997.213255,31.714,64.192,,464,,460.262,17.0556,4.6704,36.3493,185.522,0.392,0.034,,,-9.99,,,,
20102003,1997.213255,31.714,64.192,,466,,462.2437,17.0144,4.6655,36.3425,185.227,0.392,0.032,,,-9.99,,,,
20102003,1997.213255,31.714,64.192,,468,,464.2253,16.9719,4.6603,36.3351,184.875,0.392,0.036,,,-9.99,,,,
20102003,1997.213255,31.714,64.192,,470,,466.2069,16.9263,4.6548,36.3265,184.67,0.392,0.051,,,-9.99,,,,
20102003,1997.213255,31.714,64.192,,472,,468.1886,16.9041,4.6521,36.3226,184.544,0.392,0.049,,,-9.99,,,,
20102003,1997.213255,31.714,64.192,,474,,470.1701,16.8838,4.6497,36.3187,183.914,0.392,0.044,,,-9.99,,,,
20102003,1997.213255,31.714,64.192,,476,,472.1517,16.8495,4.6456,36.3132,183.518,0.392,0.041,,,-9.99,,,,
20102003,1997.213255,31.714,64.192,,478,,474.1333,16.799,4.6395,36.304,183.511,0.392,0.038,,,-9.99,,,,
20102003,1997.213255,31.714,64.192,,480,,476.1148,16.7744,4.6366,36.3004,183.292,0.392,0.043,,,-9.99,,,,
20102003,1997.213255,31.714,64.192,,482,,478.0963,16.7531,4.6341,36.2969,182.717,0.392,0.045,,,-9.99,,,,
20102003,1997.213255,31.714,64.192,,484,,480.0778,16.7448,4.6332,36.2954,182.49,0.392,0.03,,,-9.99,,,,
20102003,1997.213255,31.714,64.192,,486,,482.0593,16.7286,4.6313,36.2927,182.297,0.392,0.036,,,-9.99,,,,
20102003,1997.213255,31.714,64.192,,488,,484.0407,16.7237,4.6308,36.2921,182.06,0.392,0.042,,,-9.99,,,,
20102003,1997.213255,31.714,64.192,,490,,486.0221,16.7225,4.6308,36.2921,181.874,0.392,0.042,,,-9.99,,,,
20102003,1997.213255,31.714,64.192,,492,,488.0036,16.7208,4.6307,36.2917,181.497,0.392,0.036,,,-9.99,,,,
20102003,1997.213255,31.714,64.192,,494,,489.985,16.7155,4.6301,36.2908,181.252,0.392,0.037,,,-9.99,,,,
20102003,1997.213255,31.714,64.192,,496,,491.9663,16.7069,4.6291,36.2892,181.157,0.393,0.04,,,-9.99,,,,
20102003,1997.213255,31.714,64.192,,498,,493.9477,16.691,4.6273,36.2863,180.963,0.392,0.042,,,-9.99,,,,
20102003,1997.213255,31.714,64.192,,500,,495.929,16.6721,4.625,36.2831,180.757,0.393,0.04,,,-9.99,,,,
20102003,1997.213255,31.714,64.192,,502,,497.9103,16.6607,4.6237,36.281,180.481,0.393,0.038,,,-9.99,,,,
20102003,1997.213255,31.714,64.192,,504,,499.8916,16.6447,4.6218,36.2778,180.248,0.393,0.035,,,-9.99,,,,
20102003,1997.213255,31.714,64.192,,506,,501.8729,16.6155,4.6183,36.2727,180.097,0.393,0.035,,,-9.99,,,,
