20125001,1999.149298,31.697,64.156,,161,,159.8201,20.3384,5.0336,36.6353,224.179,-9.99,0.157,,,-9.99,,,,
20125001,1999.149298,31.697,64.156,,163,,161.8046,20.2837,5.0279,36.6349,224.956,-9.99,0.151,,,-9.99,,,,
20125001,1999.149298,31.697,64.156,,165,,163.7892,20.1848,5.0178,36.6371,224.686,-9.99,0.138,,,-9.99,,,,
20125001,1999.149298,31.697,64.156,,167,,165.7737,20.0563,5.0046,36.6395,221.181,-9.99,0.136,,,-9.99,,,,
20125001,1999.149298,31.697,64.156,,169,,167.7582,19.9386,4.992,36.6379,218.988,-9.99,0.127,,,-9.99,,,,
20125001,1999.149298,31.697,64.156,,171,,169.7427,19.8143,4.9785,36.6339,218.252,-9.99,0.112,,,-9.99,,,,
20125001,1999.149298,31.697,64.156,,173,,171.7272,19.7133,4.9673,36.6287,217.406,-9.99,0.108,,,-9.99,,,,
20125001,1999.149298,31.697,64.156,,175,,173.7116,19.6143,4.9564,36.6245,214.345,-9.99,0.108,,,-9.99,,,,
20125001,1999.149298,31.697,64.156,,177,,175.696,19.5277,4.947,36.6213,213.532,-9.99,0.104,,,-9.99,,,,
20125001,1999.149298,31.697,64.156,,179,,177.6804,19.4943,4.9434,36.6199,214.618,-9.99,0.107,,,-9.99,,,,
20125001,1999.149298,31.697,64.156,,181,,179.6648,19.4485,4.9386,36.6194,211.77,-9.99,0.09,,,-9.99,,,,
20125001,1999.149298,31.697,64.156,,183,,181.6492,19.4389,4.9383,36.6243,211.004,-9.99,0.086,,,-9.99,,,,
20125001,1999.149298,31.697,64.156,,185,,183.6335,19.4487,4.9414,36.641,210.814,-9.99,0.093,,,-9.99,,,,
20125001,1999.149298,31.697,64.156,,187,,185.6179,19.4374,4.9415,36.6504,211.695,-9.99,0.088,,,-9.99,,,,
20125001,1999.149298,31.697,64.156,,189,,187.6022,19.4065,4.9378,36.6462,210.871,-9.99,0.089,,,-9.99,,,,
20125001,1999.149298,31.697,64.156,,191,,189.5865,19.3565,4.9317,36.6384,210.474,-9.99,0.081,,,-9.99,,,,
20125001,1999.149298,31.697,64.156,,193,,191.5707,19.2722,4.9212,36.6239,208.46,-9.99,0.07,,,-9.99,,,,
20125001,1999.149298,31.697,64.156,,195,,193.555,19.2611,4.9198,36.6212,209.063,-9.99,0.071,,,-9.99,,,,
20125001,1999.149298,31.697,64.156,,197,,195.5392,19.2155,4.9145,36.6164,208.346,-9.99,0.07,,,-9.99,,,,
20125001,1999.149298,31.697,64.156,,199,,197.5234,19.1791,4.9105,36.6139,207.54,-9.99,0.064,,,-9.99,,,,
20125001,1999.149298,31.697,64.156,,201,,199.5076,19.1552,4.9079,36.613,206.971,-9.99,0.061,,,-9.99,,,,
20125001,1999.149298,31.697,64.156,,203,,201.4918,19.1278,4.905,36.6118,206.781,-9.99,0.07,,,-9.99,,,,
20125001,1999.149298,31.697,64.156,,205,,203.476,19.0847,4.9,36.6075,206.694,-9.99,0.082,,,-9.99,,,,
20125001,1999.149298,31.697,64.156,,207,,205.4601,19.0386,4.8949,36.604,206.213,-9.99,0.072,,,-9.99,,,,
20125001,1999.149298,31.697,64.156,,209,,207.4442,19.0068,4.8915,36.603,206.773,-9.99,0.069,,,-9.99,,,,
20125001,1999.149298,31.697,64.156,,211,,209.4283,18.9704,4.8876,36.6018,206.653,-9.99,0.068,,,-9.99,,,,
20125001,1999.149298,31.697,64.156,,213,,211.4124,18.946,4.885,36.6006,205.907,-9.99,0.066,,,-9.99,,,,
20125001,1999.149298,31.697,64.156,,215,,213.3965,18.9233,4.8825,36.599,205.693,-9.99,0.073,,,-9.99,,,,
20125001,1999.149298,31.697,64.156,,217,,215.3805,18.8938,4.8792,36.5964,204.34,-9.99,0.063,,,-9.99,,,,
20125001,1999.149298,31.697,64.156,,219,,217.3645,18.8688,4.8766,36.5952,206.521,-9.99,0.056,,,-9.99,,,,
20125001,1999.149298,31.697,64.156,,221,,219.3485,18.8489,4.8745,36.5944,207.736,-9.99,0.062,,,-9.99,,,,
20125001,1999.149298,31.697,64.156,,223,,221.3325,18.819,4.8713,36.5934,208.178,-9.99,0.068,,,-9.99,,,,
20125001,1999.149298,31.697,64.156,,225,,223.3165,18.8068,4.8701,36.5931,208.801,-9.99,0.072,,,-9.99,,,,
20125001,1999.149298,31.697,64.156,,227,,225.3004,18.7907,4.8685,36.5931,209.518,-9.99,0.076,,,-9.99,,,,
20125001,1999.149298,31.697,64.156,,229,,227.2843,18.7519,4.8641,36.59,208.919,-9.99,0.071,,,-9.99,,,,
20125001,1999.149298,31.697,64.156,,231,,229.2682,18.7246,4.861,36.5869,207.754,-9.99,0.071,,,-9.99,,,,
20125001,1999.149298,31.697,64.156,,233,,231.2521,18.6811,4.8559,36.5818,205.54,-9.99,0.075,,,-9.99,,,,
20125001,1999.149298,31.697,64.156,,235,,233.236,18.6658,4.8541,36.5793,205.885,-9.99,0.07,,,-9.99,,,,
20125001,1999.149298,31.697,64.156,,237,,235.2199,18.6521,4.8526,36.5778,208.04,-9.99,0.068,,,-9.99,,,,
20125001,1999.149298,31.697,64.156,,239,,237.2037,18.6406,4.8514,36.577,208.93,-9.99,0.073,,,-9.99,,,,
20125001,1999.149298,31.697,64.156,,241,,239.1875,18.6274,4.85,36.576,208.566,-9.99,0.067,,,-9.99,,,,
20125001,1999.149298,31.697,64.156,,243,,241.1713,18.6094,4.848,36.5747,207.777,-9.99,0.064,,,-9.99,,,,
20125001,1999.149298,31.697,64.156,,245,,243.1551,18.59,4.8459,36.573,208.59,-9.99,0.057,,,-9.99,,,,
20125001,1999.149298,31.697,64.156,,247,,245.1388,18.5727,4.844,36.5716,206.262,-9.99,0.062,,,-9.99,,,,
20125001,1999.149298,31.697,64.156,,249,,247.1226,18.563,4.843,36.5711,205.482,-9.99,0.061,,,-9.99,,,,
20125001,1999.149298,31.697,64.156,,251,,249.1063,18.5541,4.8421,36.5707,204.707,-9.99,0.061,,,-9.99,,,,
20125001,1999.149298,31.697,64.156,,253,,251.09,18.5425,4.841,36.5706,204.861,-9.99,0.06,,,-9.99,,,,
20125001,1999.149298,31.697,64.156,,255,,253.0736,18.5294,4.8397,36.57,204.867,-9.99,0.058,,,-9.99,,,,
20125001,1999.149298,31.697,64.156,,257,,255.0573,18.5055,4.8369,36.5673,202.238,-9.99,0.057,,,-9.99,,,,
20125001,1999.149298,31.697,64.156,,259,,257.0409,18.4999,4.8364,36.5667,202.63,-9.99,0.064,,,-9.99,,,,
20125001,1999.149298,31.697,64.156,,261,,259.0246,18.4996,4.8364,36.5666,203.544,-9.99,0.056,,,-9.99,,,,
20125001,1999.149298,31.697,64.156,,263,,261.0082,18.4972,4.8362,36.5662,202.815,-9.99,0.041,,,-9.99,,,,
20125001,1999.149298,31.697,64.156,,265,,262.9917,18.4729,4.8334,36.5628,197.077,-9.99,0.062,,,-9.99,,,,
20125001,1999.149298,31.697,64.156,,267,,264.9753,18.4594,4.8319,36.5616,198.036,-9.99,0.049,,,-9.99,,,,
20125001,1999.149298,31.697,64.156,,269,,266.9588,18.4561,4.8316,36.5616,200.192,-9.99,0.04,,,-9.99,,,,
20125001,1999.149298,31.697,64.156,,271,,268.9424,18.452,4.8314,36.5621,204.38,-9.99,0.061,,,-9.99,,,,
20125001,1999.149298,31.697,64.156,,273,,270.9259,18.4375,4.8299,36.5619,202.785,-9.99,0.055,,,-9.99,,,,
20125001,1999.149298,31.697,64.156,,275,,272.9094,18.424,4.8285,36.5612,200.548,-9.99,0.051,,,-9.99,,,,
20125001,1999.149298,31.697,64.156,,277,,274.8928,18.411,4.8271,36.5604,202.163,-9.99,0.058,,,-9.99,,,,
20125001,1999.149298,31.697,64.156,,279,,276.8763,18.4036,4.8264,36.5595,198.164,-9.99,0.06,,,-9.99,,,,
20125001,1999.149298,31.697,64.156,,281,,278.8597,18.4,4.826,36.559,198.216,-9.99,0.055,,,-9.99,,,,
20125001,1999.149298,31.697,64.156,,283,,280.8431,18.396,4.8256,36.5585,200.22,-9.99,0.055,,,-9.99,,,,
20125001,1999.149298,31.697,64.156,,285,,282.8265,18.3881,4.8248,36.558,200.528,-9.99,0.053,,,-9.99,,,,
20125001,1999.149298,31.697,64.156,,287,,284.8099,18.3827,4.8244,36.5584,200.92,-9.99,0.054,,,-9.99,,,,
20125001,1999.149298,31.697,64.156,,289,,286.7932,18.3791,4.8243,36.5598,201.337,-9.99,0.054,,,-9.99,,,,
20125001,1999.149298,31.697,64.156,,291,,288.7766,18.3762,4.8243,36.562,200.972,-9.99,0.054,,,-9.99,,,,
20125001,1999.149298,31.697,64.156,,293,,290.7599,18.3681,4.8236,36.5621,201.684,-9.99,0.051,,,-9.99,,,,
20125001,1999.149298,31.697,64.156,,295,,292.7432,18.3612,4.823,36.5626,200.667,-9.99,0.057,,,-9.99,,,,
20125001,1999.149298,31.697,64.156,,297,,294.7264,18.3528,4.8222,36.5622,200.548,-9.99,0.06,,,-9.99,,,,
20125001,1999.149298,31.697,64.156,,299,,296.7097,18.3372,4.8204,36.5604,199.602,-9.99,0.06,,,-9.99,,,,
20125001,1999.149298,31.697,64.156,,301,,298.6929,18.3261,4.8189,36.5567,200.202,-9.99,0.058,,,-9.99,,,,
20125001,1999.149298,31.697,64.156,,303,,300.6762,18.3123,4.8172,36.5533,199.251,-9.99,0.061,,,-9.99,,,,
20125001,1999.149298,31.697,64.156,,305,,302.6594,18.2975,4.8154,36.5506,198.11,-9.99,0.062,,,-9.99,,,,
20125001,1999.149298,31.697,64.156,,307,,304.6425,18.2819,4.8136,36.5483,196.94,-9.99,0.059,,,-9.99,,,,
20125001,1999.149298,31.697,64.156,,309,,306.6257,18.2682,4.8121,36.5467,197.108,-9.99,0.056,,,-9.99,,,,
20125001,1999.149298,31.697,64.156,,311,,308.6088,18.2574,4.8109,36.5459,198.029,-9.99,0.057,,,-9.99,,,,
20125001,1999.149298,31.697,64.156,,313,,310.592,18.2454,4.8096,36.5447,197.959,-9.99,0.056,,,-9.99,,,,
20125001,1999.149298,31.697,64.156,,315,,312.5751,18.2354,4.8086,36.5437,197.442,-9.99,0.057,,,-9.99,,,,
20125001,1999.149298,31.697,64.156,,317,,314.5582,18.2277,4.8078,36.5432,195.78,-9.99,0.061,,,-9.99,,,,
20125001,1999.149298,31.697,64.156,,319,,316.5412,18.2218,4.8072,36.5431,193.822,-9.99,0.062,,,-9.99,,,,
20125001,1999.149298,31.697,64.156,,321,,318.5243,18.2148,4.8066,36.5428,193.432,-9.99,0.055,,,-9.99,,,,
20125001,1999.149298,31.697,64.156,,323,,320.5073,18.2216,4.8078,36.5466,194.767,-9.99,0.056,,,-9.99,,,,
20125001,1999.149298,31.697,64.156,,325,,322.4903,18.2295,4.8093,36.5512,197.607,-9.99,0.053,,,-9.99,,,,
20125001,1999.149298,31.697,64.156,,327,,324.4733,18.225,4.8089,36.5514,200.62,-9.99,0.054,,,-9.99,,,,
20125001,1999.149298,31.697,64.156,,329,,326.4563,18.2195,4.8085,36.5522,201.063,-9.99,0.057,,,-9.99,,,,
20125001,1999.149298,31.697,64.156,,331,,328.4392,18.214,4.808,36.5516,200.279,-9.99,0.053,,,-9.99,,,,
20125001,1999.149298,31.697,64.156,,333,,330.4221,18.2122,4.8079,36.552,198.986,-9.99,0.053,,,-9.99,,,,
20125001,1999.149298,31.697,64.156,,335,,332.4051,18.2186,4.8091,36.5555,197.274,-9.99,0.056,,,-9.99,,,,
20125001,1999.149298,31.697,64.156,,337,,334.388,18.2138,4.8086,36.5554,199.265,-9.99,0.044,,,-9.99,,,,
20125001,1999.149298,31.697,64.156,,339,,336.3708,18.2061,4.8079,36.555,198.061,-9.99,0.05,,,-9.99,,,,
20125001,1999.149298,31.697,64.156,,341,,338.3537,18.1963,4.8068,36.5535,197.19,-9.99,0.054,,,-9.99,,,,
20125001,1999.149298,31.697,64.156,,343,,340.3365,18.1821,4.8051,36.5513,196.774,-9.99,0.057,,,-9.99,,,,
20125001,1999.149298,31.697,64.156,,345,,342.3193,18.1703,4.8038,36.5494,196.038,-9.99,0.059,,,-9.99,,,,
20125001,1999.149298,31.697,64.156,,347,,344.3021,18.1599,4.8027,36.5486,194.207,-9.99,0.056,,,-9.99,,,,
20125001,1999.149298,31.697,64.156,,349,,346.2849,18.1559,4.8024,36.549,193.392,-9.99,0.046,,,-9.99,,,,
20125001,1999.149298,31.697,64.156,,351,,348.2677,18.1528,4.8021,36.5485,195.112,-9.99,0.047,,,-9.99,,,,
20125001,1999.149298,31.697,64.156,,353,,350.2504,18.1395,4.8006,36.5469,193.265,-9.99,0.034,,,-9.99,,,,
20125001,1999.149298,31.697,64.156,,355,,352.2331,18.1362,4.8004,36.5472,193.132,-9.99,0.042,,,-9.99,,,,
20125001,1999.149298,31.697,64.156,,357,,354.2158,18.1306,4.7999,36.5474,194.538,-9.99,0.056,,,-9.99,,,,
20125001,1999.149298,31.697,64.156,,359,,356.1985,18.115,4.7981,36.5451,196.233,-9.99,0.056,,,-9.99,,,,
20125001,1999.149298,31.697,64.156,,361,,358.1812,18.0985,4.7961,36.5414,193.325,-9.99,0.055,,,-9.99,,,,
20125001,1999.149298,31.697,64.156,,363,,360.1638,18.0982,4.7962,36.5421,189.807,-9.99,0.042,,,-9.99,,,,
20125001,1999.149298,31.697,64.156,,365,,362.1465,18.1084,4.7981,36.5484,190.524,-9.99,0.065,,,-9.99,,,,
20125001,1999.149298,31.697,64.156,,367,,364.1291,18.104,4.7977,36.548,190.309,-9.99,0.067,,,-9.99,,,,
20125001,1999.149298,31.697,64.156,,369,,366.1117,18.0962,4.7969,36.5475,191.518,-9.99,0.068,,,-9.99,,,,
20125001,1999.149298,31.697,64.156,,371,,368.0942,18.0895,4.7962,36.5466,191.943,-9.99,0.062,,,-9.99,,,,
20125001,1999.149298,31.697,64.156,,373,,370.0768,18.0828,4.7955,36.5457,192.591,-9.99,0.051,,,-9.99,,,,
20125001,1999.149298,31.697,64.156,,375,,372.0593,18.0761,4.7948,36.5449,192.245,-9.99,0.032,,,-9.99,,,,
20125001,1999.149298,31.697,64.156,,377,,374.0418,18.0677,4.7938,36.5435,190.143,-9.99,0.041,,,-9.99,,,,
20125001,1999.149298,31.697,64.156,,379,,376.0243,18.0578,4.7927,36.5422,188.342,-9.99,0.048,,,-9.99,,,,
20125001,1999.149298,31.697,64.156,,381,,378.0068,18.0491,4.7917,36.5409,187.498,-9.99,0.046,,,-9.99,,,,
20125001,1999.149298,31.697,64.156,,383,,379.9892,18.037,4.7904,36.539,187.573,-9.99,0.047,,,-9.99,,,,
20125001,1999.149298,31.697,64.156,,385,,381.9717,18.0251,4.789,36.5372,188.598,-9.99,0.051,,,-9.99,,,,
20125001,1999.149298,31.697,64.156,,387,,383.9541,18.0208,4.7886,36.5365,189.825,-9.99,0.053,,,-9.99,,,,
20125001,1999.149298,31.697,64.156,,389,,385.9365,18.0159,4.788,36.5356,189.765,-9.99,0.053,,,-9.99,,,,
20125001,1999.149298,31.697,64.156,,391,,387.9189,18.0091,4.7873,36.5346,188.518,-9.99,0.05,,,-9.99,,,,
20125001,1999.149298,31.697,64.156,,393,,389.9012,18.0021,4.7865,36.5335,188.514,-9.99,0.05,,,-9.99,,,,
20125001,1999.149298,31.697,64.156,,395,,391.8836,17.9938,4.7856,36.5322,189,-9.99,0.051,,,-9.99,,,,
20125001,1999.149298,31.697,64.156,,397,,393.8659,17.984,4.7845,36.5308,189.385,-9.99,0.048,,,-9.99,,,,
20125001,1999.149298,31.697,64.156,,399,,395.8482,17.9711,4.783,36.529,187.563,-9.99,0.041,,,-9.99,,,,
20125001,1999.149298,31.697,64.156,,401,,397.8305,17.9613,4.7819,36.5272,190.651,-9.99,0.04,,,-9.99,,,,
20125001,1999.149298,31.697,64.156,,403,,399.8127,17.9432,4.7798,36.5244,190.828,-9.99,0.043,,,-9.99,,,,
20125001,1999.149298,31.697,64.156,,405,,401.795,17.9298,4.7782,36.522,185.551,-9.99,0.041,,,-9.99,,,,
20125001,1999.149298,31.697,64.156,,407,,403.7772,17.9176,4.7768,36.5199,184.931,-9.99,0.048,,,-9.99,,,,
20125001,1999.149298,31.697,64.156,,409,,405.7594,17.9097,4.7759,36.5188,185.387,-9.99,0.053,,,-9.99,,,,
20125001,1999.149298,31.697,64.156,,411,,407.7416,17.9038,4.7752,36.5176,185.874,-9.99,0.056,,,-9.99,,,,
20125001,1999.149298,31.697,64.156,,413,,409.7238,17.9016,4.775,36.5171,187.499,-9.99,0.052,,,-9.99,,,,
20125001,1999.149298,31.697,64.156,,415,,411.7059,17.8961,4.7745,36.5165,187.588,-9.99,0.049,,,-9.99,,,,
20125001,1999.149298,31.697,64.156,,417,,413.6881,17.8895,4.7738,36.5157,187.782,-9.99,0.04,,,-9.99,,,,
20125001,1999.149298,31.697,64.156,,419,,415.6702,17.8831,4.7731,36.5145,188.114,-9.99,0.045,,,-9.99,,,,
20125001,1999.149298,31.697,64.156,,421,,417.6523,17.866,4.7711,36.5116,183.823,-9.99,0.052,,,-9.99,,,,
20125001,1999.149298,31.697,64.156,,423,,419.6343,17.862,4.7707,36.5111,182.857,-9.99,0.047,,,-9.99,,,,
20125001,1999.149298,31.697,64.156,,425,,421.6164,17.8566,4.7701,36.51,182.385,-9.99,0.043,,,-9.99,,,,
20125001,1999.149298,31.697,64.156,,427,,423.5984,17.8511,4.7695,36.5089,182.15,-9.99,0.044,,,-9.99,,,,
20125001,1999.149298,31.697,64.156,,429,,425.5805,17.845,4.7688,36.5081,182.022,-9.99,0.044,,,-9.99,,,,
20125001,1999.149298,31.697,64.156,,431,,427.5624,17.8358,4.7678,36.5065,182.051,-9.99,0.051,,,-9.99,,,,
20125001,1999.149298,31.697,64.156,,433,,429.5444,17.822,4.7661,36.5039,183.4,-9.99,0.053,,,-9.99,,,,
20125001,1999.149298,31.697,64.156,,435,,431.5264,17.8064,4.7643,36.5012,183.576,-9.99,0.046,,,-9.99,,,,
20125001,1999.149298,31.697,64.156,,437,,433.5083,17.7864,4.7619,36.4978,184.242,-9.99,0.042,,,-9.99,,,,
20125001,1999.149298,31.697,64.156,,439,,435.4902,17.7748,4.7605,36.4955,182.3,-9.99,0.055,,,-9.99,,,,
20125001,1999.149298,31.697,64.156,,441,,437.4722,17.7638,4.7592,36.4934,179.691,-9.99,0.044,,,-9.99,,,,
20125001,1999.149298,31.697,64.156,,443,,439.454,17.7613,4.759,36.4928,179.712,-9.99,0.048,,,-9.99,,,,
20125001,1999.149298,31.697,64.156,,445,,441.4359,17.749,4.7575,36.4906,181.096,-9.99,0.056,,,-9.99,,,,
20125001,1999.149298,31.697,64.156,,447,,443.4177,17.7277,4.755,36.4869,181.313,-9.99,0.06,,,-9.99,,,,
20125001,1999.149298,31.697,64.156,,449,,445.3996,17.7178,4.7538,36.4851,180.763,-9.99,0.059,,,-9.99,,,,
20125001,1999.149298,31.697,64.156,,451,,447.3814,17.6993,4.7516,36.4819,181.955,-9.99,0.049,,,-9.99,,,,
20125001,1999.149298,31.697,64.156,,453,,449.3632,17.6866,4.7501,36.4795,181.345,-9.99,0.044,,,-9.99,,,,
20125001,1999.149298,31.697,64.156,,455,,451.3449,17.6665,4.7477,36.476,178.258,-9.99,0.047,,,-9.99,,,,
20125001,1999.149298,31.697,64.156,,457,,453.3267,17.6418,4.7448,36.4718,175.966,-9.99,0.057,,,-9.99,,,,
20125001,1999.149298,31.697,64.156,,459,,455.3084,17.6257,4.7428,36.4689,179.106,-9.99,0.052,,,-9.99,,,,
20125001,1999.149298,31.697,64.156,,461,,457.2901,17.6102,4.741,36.466,177.979,-9.99,0.054,,,-9.99,,,,
20125001,1999.149298,31.697,64.156,,463,,459.2718,17.6041,4.7403,36.465,177.829,-9.99,0.051,,,-9.99,,,,
20125001,1999.149298,31.697,64.156,,465,,461.2535,17.5982,4.7397,36.4639,177.874,-9.99,0.049,,,-9.99,,,,
20125001,1999.149298,31.697,64.156,,467,,463.2352,17.5852,4.7381,36.4614,178.655,-9.99,0.048,,,-9.99,,,,
20125001,1999.149298,31.697,64.156,,469,,465.2168,17.5749,4.7369,36.4594,179.41,-9.99,0.051,,,-9.99,,,,
20125001,1999.149298,31.697,64.156,,471,,467.1984,17.5562,4.7347,36.4561,180.568,-9.99,0.053,,,-9.99,,,,
20125001,1999.149298,31.697,64.156,,473,,469.18,17.5284,4.7313,36.4512,181.532,-9.99,0.051,,,-9.99,,,,
20125001,1999.149298,31.697,64.156,,475,,471.1616,17.5083,4.7289,36.4477,181.706,-9.99,0.049,,,-9.99,,,,
20125001,1999.149298,31.697,64.156,,477,,473.1431,17.4817,4.7257,36.4431,181.238,-9.99,0.048,,,-9.99,,,,
20125001,1999.149298,31.697,64.156,,479,,475.1247,17.4485,4.7217,36.4372,179.261,-9.99,0.05,,,-9.99,,,,
20125001,1999.149298,31.697,64.156,,481,,477.1062,17.4333,4.7199,36.4344,177.697,-9.99,0.052,,,-9.99,,,,
20125001,1999.149298,31.697,64.156,,483,,479.0877,17.4131,4.7175,36.431,176.458,-9.99,0.051,,,-9.99,,,,
20125001,1999.149298,31.697,64.156,,485,,481.0692,17.4051,4.7166,36.4293,178.082,-9.99,0.053,,,-9.99,,,,
20125001,1999.149298,31.697,64.156,,487,,483.0507,17.4012,4.7162,36.4286,180.091,-9.99,0.052,,,-9.99,,,,
20125001,1999.149298,31.697,64.156,,489,,485.0321,17.3938,4.7153,36.4272,178.541,-9.99,0.05,,,-9.99,,,,
20125001,1999.149298,31.697,64.156,,491,,487.0135,17.3595,4.7111,36.4206,178.598,-9.99,0.053,,,-9.99,,,,
20125001,1999.149298,31.697,64.156,,493,,488.9949,17.32,4.7063,36.4135,181.405,-9.99,0.039,,,-9.99,,,,
20125001,1999.149298,31.697,64.156,,495,,490.9763,17.2982,4.7037,36.4098,180.522,-9.99,0.055,,,-9.99,,,,
20125001,1999.149298,31.697,64.156,,497,,492.9577,17.2767,4.7012,36.4059,180.46,-9.99,0.041,,,-9.99,,,,
20125001,1999.149298,31.697,64.156,,499,,494.9391,17.26,4.6991,36.4026,181.234,-9.99,0.059,,,-9.99,,,,
20125001,1999.149298,31.697,64.156,,501,,496.9204,17.2519,4.6982,36.4011,180.503,-9.99,0.053,,,-9.99,,,,
20125001,1999.149298,31.697,64.156,,503,,498.9017,17.229,4.6955,36.3973,179.539,-9.99,0.044,,,-9.99,,,,
20125001,1999.149298,31.697,64.156,,505,,500.883,17.2105,4.6933,36.3942,179.607,-9.99,0.043,,,-9.99,,,,
20125001,1999.149298,31.697,64.156,,507,,502.8643,17.1866,4.6905,36.3904,177.106,-9.99,0.052,,,-9.99,,,,
20125002,1999.149365,31.707,64.156,,,,9,,,,8.9373,20.6009,5.0585,36.6666,219.153,-9.99,0.244,,,-9.99
20125002,1999.149365,31.707,64.156,,,11,,,10.9233,20.6024,5.0587,36.6665,219.034,-9.99,0.241,,,-9.99,,
20125002,1999.149365,31.707,64.156,,,13,,,12.9093,20.6032,5.0588,36.6663,218.973,-9.99,0.243,,,-9.99,,
20125002,1999.149365,31.707,64.156,,,15,,,14.8953,20.6037,5.059,36.6661,218.894,-9.99,0.25,,,-9.99,,
20125002,1999.149365,31.707,64.156,,,17,,,16.8813,20.6042,5.0591,36.6658,218.983,-9.99,0.254,,,-9.99,,
20125002,1999.149365,31.707,64.156,,,19,,,18.8672,20.604,5.0591,36.6659,219.002,-9.99,0.251,,,-9.99,,
20125002,1999.149365,31.707,64.156,,,21,,,20.8532,20.6035,5.0592,36.6661,219.06,-9.99,0.245,,,-9.99,,
20125002,1999.149365,31.707,64.156,,,23,,,22.8391,20.6022,5.0592,36.6668,218.951,-9.99,0.242,,,-9.99,,
20125002,1999.149365,31.707,64.156,,,25,,,24.8249,20.6024,5.0593,36.6664,218.976,-9.99,0.239,,,-9.99,,
20125002,1999.149365,31.707,64.156,,,27,,,26.8108,20.6043,5.0594,36.6647,219.789,-9.99,0.243,,,-9.99,,
20125002,1999.149365,31.707,64.156,,,29,,,28.7967,20.6055,5.0597,36.6653,220.456,-9.99,0.239,,,-9.99,,
20125002,1999.149365,31.707,64.156,,,31,,,30.7825,20.6062,5.0598,36.6652,219.578,-9.99,0.237,,,-9.99,,
20125002,1999.149365,31.707,64.156,,,33,,,32.7683,20.598,5.0586,36.6613,219.239,-9.99,0.25,,,-9.99,,
20125002,1999.149365,31.707,64.156,,,35,,,34.7541,20.5854,5.0568,36.6571,218.504,-9.99,0.232,,,-9.99,,
20125002,1999.149365,31.707,64.156,,,37,,,36.7398,20.5886,5.0574,36.6582,218.595,-9.99,0.237,,,-9.99,,
20125002,1999.149365,31.707,64.156,,,39,,,38.7256,20.5948,5.0584,36.6604,218.667,-9.99,0.246,,,-9.99,,
20125002,1999.149365,31.707,64.156,,,41,,,40.7113,20.5963,5.0587,36.6609,218.853,-9.99,0.237,,,-9.99,,
20125002,1999.149365,31.707,64.156,,,43,,,42.697,20.5971,5.0589,36.6611,218.967,-9.99,0.23,,,-9.99,,
20125002,1999.149365,31.707,64.156,,,45,,,44.6827,20.5948,5.0586,36.66,218.987,-9.99,0.236,,,-9.99,,
20125002,1999.149365,31.707,64.156,,,47,,,46.6684,20.5948,5.0587,36.6601,219.112,-9.99,0.239,,,-9.99,,
20125002,1999.149365,31.707,64.156,,,49,,,48.6541,20.5974,5.0592,36.661,219.154,-9.99,0.245,,,-9.99,,
20125002,1999.149365,31.707,64.156,,,51,,,50.6397,20.5918,5.0584,36.6588,218.826,-9.99,0.225,,,-9.99,,
20125002,1999.149365,31.707,64.156,,,53,,,52.6253,20.5773,5.0564,36.6541,218.054,-9.99,0.225,,,-9.99,,
20125002,1999.149365,31.707,64.156,,,55,,,54.6109,20.5754,5.0562,36.6535,218.078,-9.99,0.225,,,-9.99,,
20125002,1999.149365,31.707,64.156,,,57,,,56.5965,20.5796,5.0569,36.6548,218.199,-9.99,0.219,,,-9.99,,
20125002,1999.149365,31.707,64.156,,,59,,,58.582,20.5947,5.0593,36.6603,218.788,-9.99,0.215,,,-9.99,,
20125002,1999.149365,31.707,64.156,,,61,,,60.5676,20.6019,5.0604,36.6626,219.253,-9.99,0.214,,,-9.99,,
20125002,1999.149365,31.707,64.156,,,63,,,62.5531,20.6015,5.0604,36.6621,219.33,-9.99,0.23,,,-9.99,,
20125002,1999.149365,31.707,64.156,,,65,,,64.5386,20.5812,5.0574,36.6548,218.296,-9.99,0.232,,,-9.99,,
20125002,1999.149365,31.707,64.156,,,67,,,66.5241,20.5757,5.0567,36.6528,217.959,-9.99,0.224,,,-9.99,,
20125002,1999.149365,31.707,64.156,,,69,,,68.5095,20.582,5.0577,36.6546,218.185,-9.99,0.226,,,-9.99,,
20125002,1999.149365,31.707,64.156,,,71,,,70.495,20.5845,5.0581,36.6554,218.271,-9.99,0.224,,,-9.99,,
20125002,1999.149365,31.707,64.156,,,73,,,72.4804,20.5874,5.0586,36.6562,218.49,-9.99,0.219,,,-9.99,,
20125002,1999.149365,31.707,64.156,,,75,,,74.4658,20.5875,5.0587,36.6562,218.696,-9.99,0.209,,,-9.99,,
20125002,1999.149365,31.707,64.156,,,77,,,76.4512,20.5868,5.0587,36.6559,218.886,-9.99,0.218,,,-9.99,,
20125002,1999.149365,31.707,64.156,,,79,,,78.4366,20.5859,5.0587,36.6558,219.05,-9.99,0.225,,,-9.99,,
20125002,1999.149365,31.707,64.156,,,81,,,80.4219,20.5866,5.0589,36.6558,219.215,-9.99,0.226,,,-9.99,,
20125002,1999.149365,31.707,64.156,,,83,,,82.4072,20.5882,5.0591,36.6559,219.122,-9.99,0.23,,,-9.99,,
20125002,1999.149365,31.707,64.156,,,85,,,84.3925,20.5794,5.058,36.6532,218.39,-9.99,0.228,,,-9.99,,
20125002,1999.149365,31.707,64.156,,,87,,,86.3778,20.573,5.0571,36.6514,218.183,-9.99,0.226,,,-9.99,,
20125002,1999.149365,31.707,64.156,,,89,,,88.3631,20.5715,5.057,36.651,218.287,-9.99,0.229,,,-9.99,,
20125002,1999.149365,31.707,64.156,,,91,,,90.3483,20.5704,5.057,36.6507,218.256,-9.99,0.218,,,-9.99,,
20125002,1999.149365,31.707,64.156,,,93,,,92.3336,20.5694,5.0569,36.6504,217.921,-9.99,0.22,,,-9.99,,
20125002,1999.149365,31.707,64.156,,,95,,,94.3188,20.5692,5.057,36.6502,218.072,-9.99,0.23,,,-9.99,,
20125002,1999.149365,31.707,64.156,,,97,,,96.304,20.5685,5.0569,36.6499,218.231,-9.99,0.215,,,-9.99,,
20125002,1999.149365,31.707,64.156,,,99,,,98.2891,20.5656,5.0566,36.6492,218.105,-9.99,0.211,,,-9.99,,
20125002,1999.149365,31.707,64.156,,101,,100.2743,20.5607,5.0561,36.6481,217.929,-9.99,0.219,,,-9.99,,,,
20125002,1999.149365,31.707,64.156,,103,,102.2594,20.5575,5.0557,36.6474,217.653,-9.99,0.225,,,-9.99,,,,
20125002,1999.149365,31.707,64.156,,105,,104.2445,20.5569,5.0557,36.6472,217.273,-9.99,0.239,,,-9.99,,,,
20125002,1999.149365,31.707,64.156,,107,,106.2296,20.5569,5.0558,36.6474,217.2,-9.99,0.245,,,-9.99,,,,
20125002,1999.149365,31.707,64.156,,109,,108.2147,20.5559,5.0558,36.6472,217.436,-9.99,0.23,,,-9.99,,,,
20125002,1999.149365,31.707,64.156,,111,,110.1998,20.5541,5.0557,36.6469,218.027,-9.99,0.226,,,-9.99,,,,
20125002,1999.149365,31.707,64.156,,113,,112.1848,20.5544,5.0558,36.6469,218.019,-9.99,0.211,,,-9.99,,,,
20125002,1999.149365,31.707,64.156,,115,,114.1698,20.5543,5.0558,36.6466,217.742,-9.99,0.212,,,-9.99,,,,
20125002,1999.149365,31.707,64.156,,117,,116.1548,20.5543,5.0559,36.6465,217.865,-9.99,0.22,,,-9.99,,,,
20125002,1999.149365,31.707,64.156,,119,,118.1398,20.5535,5.0559,36.6462,217.717,-9.99,0.209,,,-9.99,,,,
20125002,1999.149365,31.707,64.156,,121,,120.1248,20.5522,5.0558,36.6461,217.751,-9.99,0.206,,,-9.99,,,,
20125002,1999.149365,31.707,64.156,,123,,122.1097,20.5515,5.0558,36.6456,217.908,-9.99,0.206,,,-9.99,,,,
20125002,1999.149365,31.707,64.156,,125,,124.0946,20.5519,5.0559,36.6456,217.892,-9.99,0.2,,,-9.99,,,,
20125002,1999.149365,31.707,64.156,,127,,126.0795,20.552,5.056,36.6458,217.336,-9.99,0.187,,,-9.99,,,,
20125002,1999.149365,31.707,64.156,,129,,128.0644,20.551,5.056,36.6454,217.828,-9.99,0.205,,,-9.99,,,,
20125002,1999.149365,31.707,64.156,,131,,130.0493,20.547,5.0555,36.6447,217.622,-9.99,0.198,,,-9.99,,,,
20125002,1999.149365,31.707,64.156,,133,,132.0341,20.5441,5.0552,36.6441,217.566,-9.99,0.192,,,-9.99,,,,
20125002,1999.149365,31.707,64.156,,135,,134.019,20.5394,5.0547,36.6431,217.504,-9.99,0.193,,,-9.99,,,,
20125002,1999.149365,31.707,64.156,,137,,136.0038,20.533,5.054,36.6419,217.13,-9.99,0.186,,,-9.99,,,,
20125002,1999.149365,31.707,64.156,,139,,137.9886,20.5308,5.0538,36.6417,217.021,-9.99,0.172,,,-9.99,,,,
20125002,1999.149365,31.707,64.156,,141,,139.9733,20.5315,5.0541,36.6425,217.227,-9.99,0.172,,,-9.99,,,,
20125002,1999.149365,31.707,64.156,,143,,141.9581,20.5305,5.0542,36.6434,217.119,-9.99,0.182,,,-9.99,,,,
20125002,1999.149365,31.707,64.156,,145,,143.9428,20.5237,5.0535,36.6433,217.015,-9.99,0.183,,,-9.99,,,,
20125002,1999.149365,31.707,64.156,,147,,145.9275,20.5064,5.0517,36.6428,216.764,-9.99,0.184,,,-9.99,,,,
20125002,1999.149365,31.707,64.156,,149,,147.9122,20.4806,5.0489,36.6412,216.222,-9.99,0.169,,,-9.99,,,,
20125002,1999.149365,31.707,64.156,,151,,149.8969,20.447,5.045,36.6382,214.879,-9.99,0.166,,,-9.99,,,,
20125002,1999.149365,31.707,64.156,,153,,151.8815,20.4028,5.0403,36.6368,213.334,-9.99,0.159,,,-9.99,,,,
20125002,1999.149365,31.707,64.156,,155,,153.8662,20.3777,5.0377,36.6366,212.81,-9.99,0.153,,,-9.99,,,,
20125002,1999.149365,31.707,64.156,,157,,155.8508,20.3524,5.0352,36.6372,212.907,-9.99,0.146,,,-9.99,,,,
20125002,1999.149365,31.707,64.156,,159,,157.8354,20.3444,5.0345,36.6381,213.105,-9.99,0.144,,,-9.99,,,,
20125002,1999.149365,31.707,64.156,,161,,159.82,20.313,5.0314,36.6393,212.317,-9.99,0.144,,,-9.99,,,,
20125002,1999.149365,31.707,64.156,,163,,161.8045,20.244,5.0244,36.6406,210.448,-9.99,0.138,,,-9.99,,,,
20125002,1999.149365,31.707,64.156,,165,,163.7891,20.1303,5.0125,36.641,208.998,-9.99,0.119,,,-9.99,,,,
20125002,1999.149365,31.707,64.156,,167,,165.7736,20.0866,5.0079,36.6406,209.311,-9.99,0.111,,,-9.99,,,,
20125002,1999.149365,31.707,64.156,,169,,167.7581,19.982,4.9967,36.6384,208.14,-9.99,0.107,,,-9.99,,,,
20125002,1999.149365,31.707,64.156,,171,,169.7426,19.8139,4.9783,36.633,203.97,-9.99,0.105,,,-9.99,,,,
20125002,1999.149365,31.707,64.156,,173,,171.727,19.7381,4.9702,36.6308,204.6,-9.99,0.099,,,-9.99,,,,
20125002,1999.149365,31.707,64.156,,175,,173.7115,19.6599,4.9618,36.6294,204.258,-9.99,0.105,,,-9.99,,,,
20125002,1999.149365,31.707,64.156,,177,,175.6959,19.5637,4.9519,36.6305,203.01,-9.99,0.092,,,-9.99,,,,
20125002,1999.149365,31.707,64.156,,179,,177.6803,19.5572,4.9516,36.6328,203.009,-9.99,0.098,,,-9.99,,,,
20125002,1999.149365,31.707,64.156,,181,,179.6647,19.5571,4.9521,36.636,204.436,-9.99,0.089,,,-9.99,,,,
20125002,1999.149365,31.707,64.156,,183,,181.649,19.5627,4.9536,36.6428,205.54,-9.99,0.083,,,-9.99,,,,
20125002,1999.149365,31.707,64.156,,185,,183.6334,19.5445,4.9525,36.6491,205.163,-9.99,0.089,,,-9.99,,,,
20125002,1999.149365,31.707,64.156,,187,,185.6177,19.4997,4.9483,36.6526,203.155,-9.99,0.08,,,-9.99,,,,
20125002,1999.149365,31.707,64.156,,189,,187.602,19.4262,4.94,36.6471,201.703,-9.99,0.071,,,-9.99,,,,
20125002,1999.149365,31.707,64.156,,191,,189.5863,19.3447,4.9301,36.6354,200.254,-9.99,0.071,,,-9.99,,,,
20125002,1999.149365,31.707,64.156,,193,,191.5706,19.3077,4.9256,36.6296,199.576,-9.99,0.072,,,-9.99,,,,
20125002,1999.149365,31.707,64.156,,195,,193.5548,19.273,4.9213,36.624,199.783,-9.99,0.073,,,-9.99,,,,
20125002,1999.149365,31.707,64.156,,197,,195.5391,19.2339,4.9166,36.6182,199.756,-9.99,0.076,,,-9.99,,,,
20125002,1999.149365,31.707,64.156,,199,,197.5233,19.2038,4.9132,36.615,200.106,-9.99,0.074,,,-9.99,,,,
20125002,1999.149365,31.707,64.156,,201,,199.5075,19.1594,4.908,36.6103,200.337,-9.99,0.074,,,-9.99,,,,
20125002,1999.149365,31.707,64.156,,203,,201.4916,19.1203,4.9037,36.6079,200.938,-9.99,0.076,,,-9.99,,,,
20125002,1999.149365,31.707,64.156,,205,,203.4758,19.0954,4.9011,36.6067,202.462,-9.99,0.073,,,-9.99,,,,
20125002,1999.149365,31.707,64.156,,207,,205.4599,19.0676,4.8983,36.6071,204.701,-9.99,0.068,,,-9.99,,,,
20125002,1999.149365,31.707,64.156,,209,,207.444,19.035,4.895,36.6073,203.547,-9.99,0.062,,,-9.99,,,,
20125002,1999.149365,31.707,64.156,,211,,209.4281,18.9959,4.8908,36.6059,201.987,-9.99,0.066,,,-9.99,,,,
20125002,1999.149365,31.707,64.156,,213,,211.4122,18.9575,4.8867,36.6045,201.399,-9.99,0.06,,,-9.99,,,,
20125002,1999.149365,31.707,64.156,,215,,213.3963,18.9052,4.8809,36.6013,199.519,-9.99,0.063,,,-9.99,,,,
20125002,1999.149365,31.707,64.156,,217,,215.3803,18.8949,4.8799,36.6007,200.212,-9.99,0.059,,,-9.99,,,,
20125002,1999.149365,31.707,64.156,,219,,217.3643,18.8919,4.8798,36.6021,200.848,-9.99,0.052,,,-9.99,,,,
20125002,1999.149365,31.707,64.156,,221,,219.3483,18.8881,4.8797,36.6041,202.03,-9.99,0.055,,,-9.99,,,,
20125002,1999.149365,31.707,64.156,,223,,221.3323,18.8845,4.8797,36.6064,203.245,-9.99,0.058,,,-9.99,,,,
20125002,1999.149365,31.707,64.156,,225,,223.3163,18.8815,4.8796,36.6075,205.03,-9.99,0.064,,,-9.99,,,,
20125002,1999.149365,31.707,64.156,,227,,225.3002,18.8742,4.8789,36.6074,206.28,-9.99,0.066,,,-9.99,,,,
20125002,1999.149365,31.707,64.156,,229,,227.2842,18.8469,4.8758,36.6042,205.573,-9.99,0.067,,,-9.99,,,,
20125002,1999.149365,31.707,64.156,,231,,229.2681,18.8257,4.8733,36.6015,205.894,-9.99,0.07,,,-9.99,,,,
20125002,1999.149365,31.707,64.156,,233,,231.2519,18.8006,4.8704,36.5979,207.574,-9.99,0.071,,,-9.99,,,,
20125002,1999.149365,31.707,64.156,,235,,233.2358,18.7214,4.8608,36.5866,203.904,-9.99,0.067,,,-9.99,,,,
20125002,1999.149365,31.707,64.156,,237,,235.2197,18.6897,4.8571,36.5824,201.101,-9.99,0.069,,,-9.99,,,,
20125002,1999.149365,31.707,64.156,,239,,237.2035,18.6695,4.8548,36.5799,199.525,-9.99,0.076,,,-9.99,,,,
20125002,1999.149365,31.707,64.156,,241,,239.1873,18.6648,4.8543,36.5797,200.976,-9.99,0.069,,,-9.99,,,,
20125002,1999.149365,31.707,64.156,,243,,241.1711,18.6585,4.8538,36.5796,203.287,-9.99,0.06,,,-9.99,,,,
20125002,1999.149365,31.707,64.156,,245,,243.1549,18.6554,4.8535,36.5795,202.765,-9.99,0.058,,,-9.99,,,,
20125002,1999.149365,31.707,64.156,,247,,245.1386,18.6449,4.8524,36.5788,201.406,-9.99,0.051,,,-9.99,,,,
20125002,1999.149365,31.707,64.156,,249,,247.1223,18.6304,4.8508,36.5773,200.668,-9.99,0.049,,,-9.99,,,,
20125002,1999.149365,31.707,64.156,,251,,249.1061,18.5972,4.847,36.5739,199.13,-9.99,0.051,,,-9.99,,,,
20125002,1999.149365,31.707,64.156,,253,,251.0898,18.5808,4.8452,36.5723,196.751,-9.99,0.062,,,-9.99,,,,
20125002,1999.149365,31.707,64.156,,255,,253.0734,18.5767,4.8449,36.5721,196.918,-9.99,0.065,,,-9.99,,,,
20125002,1999.149365,31.707,64.156,,257,,255.0571,18.5693,4.8442,36.572,200.107,-9.99,0.054,,,-9.99,,,,
20125002,1999.149365,31.707,64.156,,259,,257.0407,18.5651,4.8439,36.5724,197.422,-9.99,0.07,,,-9.99,,,,
20125002,1999.149365,31.707,64.156,,261,,259.0243,18.5559,4.8431,36.5732,197.447,-9.99,0.057,,,-9.99,,,,
20125002,1999.149365,31.707,64.156,,263,,261.0079,18.5346,4.8406,36.57,197.217,-9.99,0.068,,,-9.99,,,,
20125002,1999.149365,31.707,64.156,,265,,262.9915,18.5091,4.8376,36.5669,197.817,-9.99,0.062,,,-9.99,,,,
20125002,1999.149365,31.707,64.156,,267,,264.9751,18.4975,4.8363,36.5649,198.634,-9.99,0.063,,,-9.99,,,,
20125002,1999.149365,31.707,64.156,,269,,266.9586,18.4912,4.8356,36.5639,198.422,-9.99,0.054,,,-9.99,,,,
20125002,1999.149365,31.707,64.156,,271,,268.9421,18.4875,4.8353,36.5639,196.154,-9.99,0.06,,,-9.99,,,,
20125002,1999.149365,31.707,64.156,,273,,270.9257,18.474,4.8339,36.5636,198.074,-9.99,0.062,,,-9.99,,,,
20125002,1999.149365,31.707,64.156,,275,,272.9091,18.4566,4.8321,36.563,198.36,-9.99,0.066,,,-9.99,,,,
20125002,1999.149365,31.707,64.156,,277,,274.8926,18.4502,4.8315,36.5627,196.065,-9.99,0.058,,,-9.99,,,,
20125002,1999.149365,31.707,64.156,,279,,276.876,18.4461,4.8312,36.5632,196.891,-9.99,0.056,,,-9.99,,,,
20125002,1999.149365,31.707,64.156,,281,,278.8595,18.4385,4.8305,36.5631,197.163,-9.99,0.058,,,-9.99,,,,
20125002,1999.149365,31.707,64.156,,283,,280.8429,18.4246,4.829,36.562,196.867,-9.99,0.055,,,-9.99,,,,
20125002,1999.149365,31.707,64.156,,285,,282.8263,18.4081,4.8272,36.5601,196.479,-9.99,0.051,,,-9.99,,,,
20125002,1999.149365,31.707,64.156,,287,,284.8096,18.3937,4.8257,36.5596,196.087,-9.99,0.054,,,-9.99,,,,
20125002,1999.149365,31.707,64.156,,289,,286.793,18.3809,4.8244,36.5594,195.773,-9.99,0.049,,,-9.99,,,,
20125002,1999.149365,31.707,64.156,,291,,288.7763,18.3785,4.8243,36.5599,197.429,-9.99,0.054,,,-9.99,,,,
20125002,1999.149365,31.707,64.156,,293,,290.7596,18.3741,4.8239,36.5598,199.012,-9.99,0.057,,,-9.99,,,,
20125002,1999.149365,31.707,64.156,,295,,292.7429,18.3649,4.8229,36.5587,198.046,-9.99,0.053,,,-9.99,,,,
20125002,1999.149365,31.707,64.156,,297,,294.7262,18.3546,4.8218,36.5576,196.992,-9.99,0.053,,,-9.99,,,,
20125002,1999.149365,31.707,64.156,,299,,296.7095,18.3398,4.8202,36.5562,196.322,-9.99,0.055,,,-9.99,,,,
20125002,1999.149365,31.707,64.156,,301,,298.6927,18.3339,4.8198,36.5574,196.962,-9.99,0.056,,,-9.99,,,,
20125002,1999.149365,31.707,64.156,,303,,300.6759,18.334,4.8202,36.5597,197.983,-9.99,0.054,,,-9.99,,,,
20125002,1999.149365,31.707,64.156,,305,,302.6591,18.3285,4.82,36.5621,198.801,-9.99,0.049,,,-9.99,,,,
20125002,1999.149365,31.707,64.156,,307,,304.6423,18.3105,4.8179,36.5594,198.43,-9.99,0.057,,,-9.99,,,,
20125002,1999.149365,31.707,64.156,,309,,306.6255,18.2895,4.8153,36.5556,198.647,-9.99,0.066,,,-9.99,,,,
20125002,1999.149365,31.707,64.156,,311,,308.6086,18.2747,4.8136,36.5536,199.494,-9.99,0.06,,,-9.99,,,,
20125002,1999.149365,31.707,64.156,,313,,310.5917,18.2817,4.815,36.5581,198.854,-9.99,0.056,,,-9.99,,,,
20125002,1999.149365,31.707,64.156,,315,,312.5748,18.2888,4.8164,36.5628,197.436,-9.99,0.057,,,-9.99,,,,
20125002,1999.149365,31.707,64.156,,317,,314.5579,18.278,4.8153,36.5627,197.501,-9.99,0.06,,,-9.99,,,,
20125002,1999.149365,31.707,64.156,,319,,316.541,18.2705,4.8146,36.5629,196.996,-9.99,0.051,,,-9.99,,,,
20125002,1999.149365,31.707,64.156,,321,,318.524,18.261,4.8137,36.5623,196.393,-9.99,0.053,,,-9.99,,,,
20125002,1999.149365,31.707,64.156,,323,,320.507,18.2546,4.8131,36.5621,194.742,-9.99,0.057,,,-9.99,,,,
20125002,1999.149365,31.707,64.156,,325,,322.49,18.2474,4.8124,36.5618,193.603,-9.99,0.071,,,-9.99,,,,
20125002,1999.149365,31.707,64.156,,327,,324.473,18.2362,4.8112,36.5608,194.208,-9.99,0.059,,,-9.99,,,,
20125002,1999.149365,31.707,64.156,,329,,326.456,18.2331,4.8111,36.5621,195.278,-9.99,0.053,,,-9.99,,,,
20125002,1999.149365,31.707,64.156,,331,,328.4389,18.2321,4.8112,36.5633,196.471,-9.99,0.058,,,-9.99,,,,
20125002,1999.149365,31.707,64.156,,333,,330.4219,18.2261,4.8106,36.563,198.354,-9.99,0.062,,,-9.99,,,,
20125002,1999.149365,31.707,64.156,,335,,332.4048,18.2193,4.81,36.5625,199.014,-9.99,0.063,,,-9.99,,,,
20125002,1999.149365,31.707,64.156,,337,,334.3877,18.2084,4.8088,36.5616,198.889,-9.99,0.063,,,-9.99,,,,
20125002,1999.149365,31.707,64.156,,339,,336.3706,18.1969,4.8075,36.5603,198.087,-9.99,0.059,,,-9.99,,,,
20125002,1999.149365,31.707,64.156,,341,,338.3534,18.1884,4.8066,36.5593,197.323,-9.99,0.052,,,-9.99,,,,
20125002,1999.149365,31.707,64.156,,343,,340.3362,18.1819,4.806,36.5589,197.692,-9.99,0.061,,,-9.99,,,,
20125002,1999.149365,31.707,64.156,,345,,342.3191,18.1761,4.8054,36.5584,196.982,-9.99,0.062,,,-9.99,,,,
20125002,1999.149365,31.707,64.156,,347,,344.3019,18.1689,4.8047,36.5575,194.322,-9.99,0.046,,,-9.99,,,,
20125002,1999.149365,31.707,64.156,,349,,346.2846,18.1582,4.8035,36.556,194.641,-9.99,0.049,,,-9.99,,,,
20125002,1999.149365,31.707,64.156,,351,,348.2674,18.1534,4.803,36.5554,195.216,-9.99,0.059,,,-9.99,,,,
20125002,1999.149365,31.707,64.156,,353,,350.2501,18.1463,4.8022,36.5545,194.147,-9.99,0.066,,,-9.99,,,,
20125002,1999.149365,31.707,64.156,,355,,352.2328,18.1418,4.8018,36.5538,191.184,-9.99,0.053,,,-9.99,,,,
20125002,1999.149365,31.707,64.156,,357,,354.2155,18.1408,4.8017,36.5537,191.844,-9.99,0.035,,,-9.99,,,,
20125002,1999.149365,31.707,64.156,,359,,356.1982,18.1376,4.8014,36.553,191.505,-9.99,0.041,,,-9.99,,,,
20125002,1999.149365,31.707,64.156,,361,,358.1809,18.1331,4.8009,36.5523,193.322,-9.99,0.05,,,-9.99,,,,
20125002,1999.149365,31.707,64.156,,363,,360.1635,18.1294,4.8006,36.5523,194.409,-9.99,0.057,,,-9.99,,,,
20125002,1999.149365,31.707,64.156,,365,,362.1462,18.119,4.7994,36.5504,191.989,-9.99,0.045,,,-9.99,,,,
20125002,1999.149365,31.707,64.156,,367,,364.1288,18.1097,4.7983,36.5487,189.102,-9.99,0.065,,,-9.99,,,,
20125002,1999.149365,31.707,64.156,,369,,366.1114,18.0987,4.7971,36.5471,188.888,-9.99,0.061,,,-9.99,,,,
20125002,1999.149365,31.707,64.156,,371,,368.0939,18.0905,4.7962,36.5463,190.344,-9.99,0.061,,,-9.99,,,,
20125002,1999.149365,31.707,64.156,,373,,370.0765,18.0842,4.7956,36.5458,191.772,-9.99,0.058,,,-9.99,,,,
20125002,1999.149365,31.707,64.156,,375,,372.059,18.0758,4.7947,36.5445,191.83,-9.99,0.058,,,-9.99,,,,
20125002,1999.149365,31.707,64.156,,377,,374.0415,18.0614,4.793,36.5424,191.554,-9.99,0.05,,,-9.99,,,,
20125002,1999.149365,31.707,64.156,,379,,376.024,18.0541,4.7922,36.5414,189.648,-9.99,0.053,,,-9.99,,,,
20125002,1999.149365,31.707,64.156,,381,,378.0065,18.0444,4.7912,36.54,188.867,-9.99,0.054,,,-9.99,,,,
20125002,1999.149365,31.707,64.156,,383,,379.9889,18.0369,4.7903,36.539,189.523,-9.99,0.053,,,-9.99,,,,
20125002,1999.149365,31.707,64.156,,385,,381.9714,18.029,4.7895,36.5378,189.341,-9.99,0.053,,,-9.99,,,,
20125002,1999.149365,31.707,64.156,,387,,383.9538,18.0223,4.7888,36.5371,188.508,-9.99,0.053,,,-9.99,,,,
20125002,1999.149365,31.707,64.156,,389,,385.9362,18.0153,4.788,36.5363,188.687,-9.99,0.052,,,-9.99,,,,
20125002,1999.149365,31.707,64.156,,391,,387.9186,18.009,4.7874,36.5352,187.82,-9.99,0.055,,,-9.99,,,,
20125002,1999.149365,31.707,64.156,,393,,389.9009,18.0051,4.787,36.5346,186.815,-9.99,0.063,,,-9.99,,,,
20125002,1999.149365,31.707,64.156,,395,,391.8833,17.9976,4.7861,36.5333,185.484,-9.99,0.067,,,-9.99,,,,
20125002,1999.149365,31.707,64.156,,397,,393.8656,17.9858,4.7848,36.5316,185.505,-9.99,0.062,,,-9.99,,,,
20125002,1999.149365,31.707,64.156,,399,,395.8479,17.9707,4.783,36.5293,187.062,-9.99,0.06,,,-9.99,,,,
20125002,1999.149365,31.707,64.156,,401,,397.8302,17.9647,4.7824,36.5282,187.899,-9.99,0.055,,,-9.99,,,,
20125002,1999.149365,31.707,64.156,,403,,399.8124,17.9618,4.7821,36.5277,187.928,-9.99,0.055,,,-9.99,,,,
20125002,1999.149365,31.707,64.156,,405,,401.7947,17.955,4.7814,36.5268,184.34,-9.99,0.053,,,-9.99,,,,
20125002,1999.149365,31.707,64.156,,407,,403.7769,17.9478,4.7806,36.5255,182.774,-9.99,0.058,,,-9.99,,,,
20125002,1999.149365,31.707,64.156,,409,,405.7591,17.9434,4.7801,36.5245,182.776,-9.99,0.051,,,-9.99,,,,
20125002,1999.149365,31.707,64.156,,411,,407.7413,17.9256,4.778,36.5218,183.095,-9.99,0.048,,,-9.99,,,,
20125002,1999.149365,31.707,64.156,,413,,409.7234,17.9148,4.7767,36.5199,183.628,-9.99,0.045,,,-9.99,,,,
20125002,1999.149365,31.707,64.156,,415,,411.7056,17.9104,4.7763,36.5193,181.56,-9.99,0.041,,,-9.99,,,,
20125002,1999.149365,31.707,64.156,,417,,413.6877,17.8997,4.7751,36.5178,179.607,-9.99,0.038,,,-9.99,,,,
20125002,1999.149365,31.707,64.156,,419,,415.6698,17.8889,4.7739,36.5159,178.424,-9.99,0.055,,,-9.99,,,,
20125002,1999.149365,31.707,64.156,,421,,417.6519,17.8826,4.7732,36.5148,179.729,-9.99,0.065,,,-9.99,,,,
20125002,1999.149365,31.707,64.156,,423,,419.634,17.8607,4.7706,36.5113,179.909,-9.99,0.056,,,-9.99,,,,
20125002,1999.149365,31.707,64.156,,425,,421.616,17.8462,4.7688,36.5085,178.477,-9.99,0.054,,,-9.99,,,,
20125002,1999.149365,31.707,64.156,,427,,423.5981,17.8374,4.7678,36.507,178.563,-9.99,0.048,,,-9.99,,,,
20125002,1999.149365,31.707,64.156,,429,,425.5801,17.8239,4.7662,36.5047,178.834,-9.99,0.042,,,-9.99,,,,
20125002,1999.149365,31.707,64.156,,431,,427.5621,17.815,4.7652,36.503,178.83,-9.99,0.044,,,-9.99,,,,
20125002,1999.149365,31.707,64.156,,433,,429.5441,17.8051,4.764,36.5009,177.848,-9.99,0.044,,,-9.99,,,,
20125002,1999.149365,31.707,64.156,,435,,431.526,17.7918,4.7625,36.4988,178.927,-9.99,0.043,,,-9.99,,,,
20125002,1999.149365,31.707,64.156,,437,,433.508,17.7812,4.7613,36.4969,177.283,-9.99,0.045,,,-9.99,,,,
20125002,1999.149365,31.707,64.156,,439,,435.4899,17.7662,4.7595,36.4941,178.016,-9.99,0.054,,,-9.99,,,,
20125002,1999.149365,31.707,64.156,,441,,437.4718,17.7556,4.7582,36.4921,179.529,-9.99,0.051,,,-9.99,,,,
20125002,1999.149365,31.707,64.156,,443,,439.4537,17.742,4.7566,36.4895,180.129,-9.99,0.052,,,-9.99,,,,
20125002,1999.149365,31.707,64.156,,445,,441.4355,17.7223,4.7542,36.4861,180.285,-9.99,0.056,,,-9.99,,,,
20125002,1999.149365,31.707,64.156,,447,,443.4174,17.7133,4.7532,36.4846,180.411,-9.99,0.056,,,-9.99,,,,
20125002,1999.149365,31.707,64.156,,449,,445.3992,17.7031,4.7521,36.4829,180.52,-9.99,0.057,,,-9.99,,,,
20125002,1999.149365,31.707,64.156,,451,,447.381,17.6859,4.75,36.48,180.649,-9.99,0.055,,,-9.99,,,,
20125002,1999.149365,31.707,64.156,,453,,449.3628,17.6828,4.7497,36.4793,180.07,-9.99,0.049,,,-9.99,,,,
20125002,1999.149365,31.707,64.156,,455,,451.3446,17.6777,4.7492,36.4786,178.206,-9.99,0.055,,,-9.99,,,,
20125002,1999.149365,31.707,64.156,,457,,453.3263,17.6723,4.7486,36.4775,176.831,-9.99,0.06,,,-9.99,,,,
20125002,1999.149365,31.707,64.156,,459,,455.308,17.6614,4.7473,36.4754,178.076,-9.99,0.06,,,-9.99,,,,
20125002,1999.149365,31.707,64.156,,461,,457.2898,17.6471,4.7456,36.4725,177.887,-9.99,0.062,,,-9.99,,,,
20125002,1999.149365,31.707,64.156,,463,,459.2714,17.6372,4.7444,36.4705,177.58,-9.99,0.054,,,-9.99,,,,
20125002,1999.149365,31.707,64.156,,465,,461.2531,17.6217,4.7425,36.4672,176.422,-9.99,0.046,,,-9.99,,,,
20125002,1999.149365,31.707,64.156,,467,,463.2348,17.5985,4.7396,36.4625,175.603,-9.99,0.04,,,-9.99,,,,
20125002,1999.149365,31.707,64.156,,469,,465.2164,17.5694,4.736,36.4566,176.849,-9.99,0.051,,,-9.99,,,,
20125002,1999.149365,31.707,64.156,,471,,467.198,17.551,4.7338,36.4532,177.239,-9.99,0.053,,,-9.99,,,,
20125002,1999.149365,31.707,64.156,,473,,469.1796,17.5152,4.7295,36.4468,177.375,-9.99,0.055,,,-9.99,,,,
20125002,1999.149365,31.707,64.156,,475,,471.1612,17.4946,4.727,36.4433,176.589,-9.99,0.057,,,-9.99,,,,
20125002,1999.149365,31.707,64.156,,477,,473.1428,17.4579,4.7226,36.4371,177.582,-9.99,0.056,,,-9.99,,,,
20125002,1999.149365,31.707,64.156,,479,,475.1243,17.43,4.7193,36.4325,179.843,-9.99,0.051,,,-9.99,,,,
20125002,1999.149365,31.707,64.156,,481,,477.1058,17.4154,4.7175,36.4298,181.238,-9.99,0.055,,,-9.99,,,,
20125002,1999.149365,31.707,64.156,,483,,479.0873,17.3967,4.7153,36.4267,181.833,-9.99,0.06,,,-9.99,,,,
20125002,1999.149365,31.707,64.156,,485,,481.0688,17.3808,4.7135,36.4245,182.583,-9.99,0.064,,,-9.99,,,,
20125002,1999.149365,31.707,64.156,,487,,483.0503,17.3611,4.7112,36.421,182.121,-9.99,0.054,,,-9.99,,,,
20125002,1999.149365,31.707,64.156,,489,,485.0317,17.3413,4.7088,36.4174,180.83,-9.99,0.051,,,-9.99,,,,
20125002,1999.149365,31.707,64.156,,491,,487.0131,17.3275,4.7072,36.4149,179.199,-9.99,0.054,,,-9.99,,,,
20125002,1999.149365,31.707,64.156,,493,,488.9945,17.3023,4.7042,36.4112,179.504,-9.99,0.036,,,-9.99,,,,
20125002,1999.149365,31.707,64.156,,495,,490.9759,17.288,4.7025,36.4085,178.48,-9.99,0.044,,,-9.99,,,,
20125002,1999.149365,31.707,64.156,,497,,492.9573,17.2575,4.6989,36.4032,179.585,-9.99,0.049,,,-9.99,,,,
20125002,1999.149365,31.707,64.156,,499,,494.9386,17.2443,4.6973,36.4008,183.628,-9.99,0.039,,,-9.99,,,,
20125002,1999.149365,31.707,64.156,,501,,496.92,17.2067,4.6927,36.3938,180.647,-9.99,0.052,,,-9.99,,,,
20125002,1999.149365,31.707,64.156,,503,,498.9013,17.1613,4.6873,36.3863,178.207,-9.99,0.067,,,-9.99,,,,
20125002,1999.149365,31.707,64.156,,505,,500.8826,17.1426,4.6851,36.3836,172.712,-9.99,0.05,,,-9.99,,,,
20125003,1999.150483,31.73,64.158,,,,9,,,,8.9373,20.5968,5.0565,36.6546,234.694,-9.99,-9.99,,,-9.99
20125003,1999.150483,31.73,64.158,,,11,,,10.9233,20.6011,5.0571,36.655,234.954,-9.99,-9.99,,,-9.99,,
20125003,1999.150483,31.73,64.158,,,13,,,12.9093,20.6042,5.0576,36.6554,234.944,-9.99,-9.99,,,-9.99,,
20125003,1999.150483,31.73,64.158,,,15,,,14.8953,20.6105,5.0585,36.6563,234.793,-9.99,-9.99,,,-9.99,,
20125003,1999.150483,31.73,64.158,,,17,,,16.8813,20.6133,5.0589,36.6567,234.615,-9.99,-9.99,,,-9.99,,
20125003,1999.150483,31.73,64.158,,,19,,,18.8672,20.6139,5.0591,36.6569,234.788,-9.99,-9.99,,,-9.99,,
20125003,1999.150483,31.73,64.158,,,21,,,20.8531,20.6152,5.0594,36.6574,234.223,-9.99,-9.99,,,-9.99,,
20125003,1999.150483,31.73,64.158,,,23,,,22.839,20.616,5.0596,36.6576,234.217,-9.99,-9.99,,,-9.99,,
20125003,1999.150483,31.73,64.158,,,25,,,24.8249,20.616,5.0597,36.6575,234.185,-9.99,-9.99,,,-9.99,,
20125003,1999.150483,31.73,64.158,,,27,,,26.8108,20.6149,5.0596,36.6569,233.851,-9.99,-9.99,,,-9.99,,
20125003,1999.150483,31.73,64.158,,,29,,,28.7966,20.6132,5.0594,36.6562,233.919,-9.99,-9.99,,,-9.99,,
20125003,1999.150483,31.73,64.158,,,31,,,30.7824,20.6177,5.0601,36.6573,233.357,-9.99,-9.99,,,-9.99,,
20125003,1999.150483,31.73,64.158,,,33,,,32.7682,20.6211,5.0608,36.6591,233.773,-9.99,-9.99,,,-9.99,,
20125003,1999.150483,31.73,64.158,,,35,,,34.754,20.6203,5.0608,36.6592,233.471,-9.99,-9.99,,,-9.99,,
20125003,1999.150483,31.73,64.158,,,37,,,36.7398,20.6199,5.0608,36.659,233.022,-9.99,-9.99,,,-9.99,,
20125003,1999.150483,31.73,64.158,,,39,,,38.7255,20.62,5.0609,36.6591,233.456,-9.99,-9.99,,,-9.99,,
20125003,1999.150483,31.73,64.158,,,41,,,40.7113,20.6193,5.061,36.6593,234.237,-9.99,-9.99,,,-9.99,,
20125003,1999.150483,31.73,64.158,,,43,,,42.697,20.6147,5.0607,36.6604,233.036,-9.99,-9.99,,,-9.99,,
20125003,1999.150483,31.73,64.158,,,45,,,44.6826,20.6146,5.0609,36.6611,232.496,-9.99,-9.99,,,-9.99,,
20125003,1999.150483,31.73,64.158,,,47,,,46.6683,20.5896,5.058,36.6583,231.652,-9.99,-9.99,,,-9.99,,
20125003,1999.150483,31.73,64.158,,,49,,,48.654,20.5789,5.0567,36.6565,230.635,-9.99,-9.99,,,-9.99,,
20125003,1999.150483,31.73,64.158,,,51,,,50.6396,20.5768,5.0566,36.6569,230.176,-9.99,-9.99,,,-9.99,,
20125003,1999.150483,31.73,64.158,,,53,,,52.6252,20.5752,5.0565,36.6567,229.904,-9.99,-9.99,,,-9.99,,
20125003,1999.150483,31.73,64.158,,,55,,,54.6108,20.5731,5.0563,36.6564,229.585,-9.99,-9.99,,,-9.99,,
20125003,1999.150483,31.73,64.158,,,57,,,56.5964,20.5564,5.0543,36.6539,229.033,-9.99,-9.99,,,-9.99,,
20125003,1999.150483,31.73,64.158,,,59,,,58.5819,20.544,5.0529,36.6519,228.631,-9.99,-9.99,,,-9.99,,
20125003,1999.150483,31.73,64.158,,,61,,,60.5675,20.5278,5.0509,36.6489,227.596,-9.99,-9.99,,,-9.99,,
20125003,1999.150483,31.73,64.158,,,63,,,62.553,20.5178,5.0497,36.6471,226.954,-9.99,-9.99,,,-9.99,,
20125003,1999.150483,31.73,64.158,,,65,,,64.5385,20.5072,5.0484,36.6451,226.19,-9.99,-9.99,,,-9.99,,
20125003,1999.150483,31.73,64.158,,,67,,,66.5239,20.5068,5.0485,36.6452,226.154,-9.99,-9.99,,,-9.99,,
20125003,1999.150483,31.73,64.158,,,69,,,68.5094,20.4904,5.0465,36.6426,225.734,-9.99,-9.99,,,-9.99,,
20125003,1999.150483,31.73,64.158,,,71,,,70.4948,20.4701,5.044,36.6391,225.062,-9.99,-9.99,,,-9.99,,
20125003,1999.150483,31.73,64.158,,,73,,,72.4803,20.4514,5.0417,36.6358,223.5,-9.99,-9.99,,,-9.99,,
20125003,1999.150483,31.73,64.158,,,75,,,74.4657,20.4372,5.04,36.6332,222.278,-9.99,-9.99,,,-9.99,,
20125003,1999.150483,31.73,64.158,,,77,,,76.451,20.4298,5.0391,36.632,221.704,-9.99,-9.99,,,-9.99,,
20125003,1999.150483,31.73,64.158,,,79,,,78.4364,20.4187,5.0378,36.6303,221.154,-9.99,-9.99,,,-9.99,,
20125003,1999.150483,31.73,64.158,,,81,,,80.4217,20.4062,5.0363,36.6281,220.411,-9.99,-9.99,,,-9.99,,
20125003,1999.150483,31.73,64.158,,,83,,,82.4071,20.3934,5.0348,36.6261,220.372,-9.99,-9.99,,,-9.99,,
20125003,1999.150483,31.73,64.158,,,85,,,84.3924,20.3866,5.0341,36.6249,220.117,-9.99,-9.99,,,-9.99,,
20125003,1999.150483,31.73,64.158,,,87,,,86.3777,20.3771,5.033,36.6234,219.773,-9.99,-9.99,,,-9.99,,
20125003,1999.150483,31.73,64.158,,,89,,,88.3629,20.3694,5.0321,36.6223,219.13,-9.99,-9.99,,,-9.99,,
20125003,1999.150483,31.73,64.158,,,91,,,90.3482,20.3655,5.0317,36.6216,218.885,-9.99,-9.99,,,-9.99,,
20125003,1999.150483,31.73,64.158,,,93,,,92.3334,20.3615,5.0313,36.621,218.695,-9.99,-9.99,,,-9.99,,
20125003,1999.150483,31.73,64.158,,,95,,,94.3186,20.3569,5.0308,36.6203,218.268,-9.99,-9.99,,,-9.99,,
20125003,1999.150483,31.73,64.158,,,97,,,96.3038,20.3542,5.0306,36.6202,217.962,-9.99,-9.99,,,-9.99,,
20125003,1999.150483,31.73,64.158,,,99,,,98.289,20.3533,5.0306,36.6204,218.063,-9.99,-9.99,,,-9.99,,
20125003,1999.150483,31.73,64.158,,101,,100.2741,20.3482,5.0302,36.6206,218.108,-9.99,-9.99,,,-9.99,,,,
20125003,1999.150483,31.73,64.158,,103,,102.2592,20.3439,5.0298,36.6206,218.141,-9.99,-9.99,,,-9.99,,,,
20125003,1999.150483,31.73,64.158,,105,,104.2443,20.3397,5.0295,36.6211,217.779,-9.99,-9.99,,,-9.99,,,,
20125003,1999.150483,31.73,64.158,,107,,106.2294,20.3391,5.0297,36.6222,216.993,-9.99,-9.99,,,-9.99,,,,
20125003,1999.150483,31.73,64.158,,109,,108.2145,20.3395,5.0298,36.6224,216.924,-9.99,-9.99,,,-9.99,,,,
20125003,1999.150483,31.73,64.158,,111,,110.1996,20.3394,5.03,36.6233,217.043,-9.99,-9.99,,,-9.99,,,,
20125003,1999.150483,31.73,64.158,,113,,112.1846,20.3395,5.0302,36.6241,217.268,-9.99,-9.99,,,-9.99,,,,
20125003,1999.150483,31.73,64.158,,115,,114.1696,20.3366,5.0303,36.6262,216.986,-9.99,-9.99,,,-9.99,,,,
20125003,1999.150483,31.73,64.158,,117,,116.1546,20.332,5.0299,36.6266,216.855,-9.99,-9.99,,,-9.99,,,,
20125003,1999.150483,31.73,64.158,,119,,118.1396,20.3292,5.0298,36.627,217.16,-9.99,-9.99,,,-9.99,,,,
20125003,1999.150483,31.73,64.158,,121,,120.1245,20.3289,5.0298,36.6271,217.321,-9.99,-9.99,,,-9.99,,,,
20125003,1999.150483,31.73,64.158,,123,,122.1095,20.3275,5.0298,36.6274,217.456,-9.99,-9.99,,,-9.99,,,,
20125003,1999.150483,31.73,64.158,,125,,124.0944,20.3195,5.0289,36.6265,216.88,-9.99,-9.99,,,-9.99,,,,
20125003,1999.150483,31.73,64.158,,127,,126.0793,20.316,5.0285,36.6254,216.787,-9.99,-9.99,,,-9.99,,,,
20125003,1999.150483,31.73,64.158,,129,,128.0642,20.3144,5.0284,36.625,217.291,-9.99,-9.99,,,-9.99,,,,
20125003,1999.150483,31.73,64.158,,131,,130.049,20.3122,5.0282,36.6247,216.75,-9.99,-9.99,,,-9.99,,,,
20125003,1999.150483,31.73,64.158,,133,,132.0339,20.3113,5.0282,36.6249,216.495,-9.99,-9.99,,,-9.99,,,,
20125003,1999.150483,31.73,64.158,,135,,134.0187,20.3108,5.0283,36.6251,216.907,-9.99,-9.99,,,-9.99,,,,
20125003,1999.150483,31.73,64.158,,137,,136.0035,20.311,5.0284,36.6252,217.531,-9.99,-9.99,,,-9.99,,,,
20125003,1999.150483,31.73,64.158,,139,,137.9883,20.311,5.0285,36.6252,217.162,-9.99,-9.99,,,-9.99,,,,
20125003,1999.150483,31.73,64.158,,141,,139.9731,20.311,5.0286,36.6253,216.949,-9.99,-9.99,,,-9.99,,,,
20125003,1999.150483,31.73,64.158,,143,,141.9578,20.311,5.0287,36.6254,217.073,-9.99,-9.99,,,-9.99,,,,
20125003,1999.150483,31.73,64.158,,145,,143.9425,20.3116,5.0289,36.6258,216.998,-9.99,-9.99,,,-9.99,,,,
20125003,1999.150483,31.73,64.158,,147,,145.9272,20.3117,5.029,36.626,217.013,-9.99,-9.99,,,-9.99,,,,
20125003,1999.150483,31.73,64.158,,149,,147.9119,20.311,5.0291,36.6262,217.109,-9.99,-9.99,,,-9.99,,,,
20125003,1999.150483,31.73,64.158,,151,,149.8966,20.3099,5.029,36.6261,217.082,-9.99,-9.99,,,-9.99,,,,
20125003,1999.150483,31.73,64.158,,153,,151.8812,20.3091,5.029,36.626,217.255,-9.99,-9.99,,,-9.99,,,,
20125003,1999.150483,31.73,64.158,,155,,153.8659,20.3084,5.0291,36.6261,216.936,-9.99,-9.99,,,-9.99,,,,
20125003,1999.150483,31.73,64.158,,157,,155.8505,20.307,5.029,36.6262,216.609,-9.99,-9.99,,,-9.99,,,,
20125003,1999.150483,31.73,64.158,,159,,157.8351,20.3055,5.029,36.6263,216.291,-9.99,-9.99,,,-9.99,,,,
20125003,1999.150483,31.73,64.158,,161,,159.8197,20.3038,5.0289,36.6263,216.009,-9.99,-9.99,,,-9.99,,,,
20125003,1999.150483,31.73,64.158,,163,,161.8042,20.3012,5.0287,36.6264,215.764,-9.99,-9.99,,,-9.99,,,,
20125003,1999.150483,31.73,64.158,,165,,163.7887,20.2987,5.0285,36.6264,215.808,-9.99,-9.99,,,-9.99,,,,
20125003,1999.150483,31.73,64.158,,167,,165.7733,20.2941,5.0281,36.6262,216.492,-9.99,-9.99,,,-9.99,,,,
20125003,1999.150483,31.73,64.158,,169,,167.7578,20.2831,5.027,36.6257,216.329,-9.99,-9.99,,,-9.99,,,,
20125003,1999.150483,31.73,64.158,,171,,169.7422,20.2205,5.0204,36.6253,215.402,-9.99,-9.99,,,-9.99,,,,
20125003,1999.150483,31.73,64.158,,173,,171.7267,20.1373,5.0122,36.6295,214.037,-9.99,-9.99,,,-9.99,,,,
20125003,1999.150483,31.73,64.158,,175,,173.7111,20.0567,5.0057,36.6452,217.073,-9.99,-9.99,,,-9.99,,,,
20125003,1999.150483,31.73,64.158,,177,,175.6955,19.8834,4.9885,36.6541,217.208,-9.99,-9.99,,,-9.99,,,,
20125003,1999.150483,31.73,64.158,,179,,177.6799,19.7811,4.977,36.6477,217.088,-9.99,-9.99,,,-9.99,,,,
20125003,1999.150483,31.73,64.158,,181,,179.6643,19.729,4.9712,36.6444,221.009,-9.99,-9.99,,,-9.99,,,,
20125003,1999.150483,31.73,64.158,,183,,181.6487,19.6107,4.958,36.6374,218.562,-9.99,-9.99,,,-9.99,,,,
20125003,1999.150483,31.73,64.158,,185,,183.633,19.544,4.9507,36.6345,216.458,-9.99,-9.99,,,-9.99,,,,
20125003,1999.150483,31.73,64.158,,187,,185.6174,19.5146,4.9475,36.6332,212.932,-9.99,-9.99,,,-9.99,,,,
20125003,1999.150483,31.73,64.158,,189,,187.6017,19.4846,4.9443,36.6316,211.919,-9.99,-9.99,,,-9.99,,,,
20125003,1999.150483,31.73,64.158,,191,,189.5859,19.4589,4.9415,36.6305,212.335,-9.99,-9.99,,,-9.99,,,,
20125003,1999.150483,31.73,64.158,,193,,191.5702,19.4429,4.9399,36.63,212.281,-9.99,-9.99,,,-9.99,,,,
20125003,1999.150483,31.73,64.158,,195,,193.5545,19.4267,4.9383,36.6305,211.967,-9.99,-9.99,,,-9.99,,,,
20125003,1999.150483,31.73,64.158,,197,,195.5387,19.3897,4.9347,36.6318,210.746,-9.99,-9.99,,,-9.99,,,,
20125003,1999.150483,31.73,64.158,,199,,197.5229,19.3518,4.9306,36.6304,209.803,-9.99,-9.99,,,-9.99,,,,
20125003,1999.150483,31.73,64.158,,201,,199.5071,19.2968,4.9245,36.6275,208.903,-9.99,-9.99,,,-9.99,,,,
20125003,1999.150483,31.73,64.158,,203,,201.4913,19.2497,4.9197,36.6276,208.059,-9.99,-9.99,,,-9.99,,,,
20125003,1999.150483,31.73,64.158,,205,,203.4754,19.1988,4.9145,36.6285,206.795,-9.99,-9.99,,,-9.99,,,,
20125003,1999.150483,31.73,64.158,,207,,205.4595,19.1216,4.9055,36.6202,205.694,-9.99,-9.99,,,-9.99,,,,
20125003,1999.150483,31.73,64.158,,209,,207.4436,19.0649,4.8989,36.6135,203.697,-9.99,-9.99,,,-9.99,,,,
20125003,1999.150483,31.73,64.158,,211,,209.4277,19.0438,4.8967,36.6132,204.425,-9.99,-9.99,,,-9.99,,,,
20125003,1999.150483,31.73,64.158,,213,,211.4118,18.9952,4.8914,36.6111,202.916,-9.99,-9.99,,,-9.99,,,,
20125003,1999.150483,31.73,64.158,,215,,213.3959,18.9594,4.8873,36.6068,201.982,-9.99,-9.99,,,-9.99,,,,
20125003,1999.150483,31.73,64.158,,217,,215.3799,18.9064,4.8808,36.5981,201.321,-9.99,-9.99,,,-9.99,,,,
20125003,1999.150483,31.73,64.158,,219,,217.3639,18.8538,4.8744,36.5902,200.039,-9.99,-9.99,,,-9.99,,,,
20125003,1999.150483,31.73,64.158,,221,,219.3479,18.8275,4.8712,36.5861,199.116,-9.99,-9.99,,,-9.99,,,,
20125003,1999.150483,31.73,64.158,,223,,221.3319,18.794,4.8673,36.5818,198.257,-9.99,-9.99,,,-9.99,,,,
20125003,1999.150483,31.73,64.158,,225,,223.3159,18.7681,4.8644,36.5792,197.444,-9.99,-9.99,,,-9.99,,,,
20125003,1999.150483,31.73,64.158,,227,,225.2998,18.7379,4.861,36.577,196.477,-9.99,-9.99,,,-9.99,,,,
20125003,1999.150483,31.73,64.158,,229,,227.2837,18.7215,4.8599,36.5813,195.835,-9.99,-9.99,,,-9.99,,,,
20125003,1999.150483,31.73,64.158,,231,,229.2676,18.7361,4.862,36.5848,197.089,-9.99,-9.99,,,-9.99,,,,
20125003,1999.150483,31.73,64.158,,233,,231.2515,18.7408,4.8634,36.5921,199.216,-9.99,-9.99,,,-9.99,,,,
20125003,1999.150483,31.73,64.158,,235,,233.2354,18.7252,4.862,36.5935,199.297,-9.99,-9.99,,,-9.99,,,,
20125003,1999.150483,31.73,64.158,,237,,235.2192,18.7098,4.8608,36.5963,199.694,-9.99,-9.99,,,-9.99,,,,
20125003,1999.150483,31.73,64.158,,239,,237.203,18.7027,4.8602,36.5966,201.372,-9.99,-9.99,,,-9.99,,,,
20125003,1999.150483,31.73,64.158,,241,,239.1868,18.6997,4.86,36.5969,202.374,-9.99,-9.99,,,-9.99,,,,
20125003,1999.150483,31.73,64.158,,243,,241.1706,18.6929,4.8594,36.597,203.937,-9.99,-9.99,,,-9.99,,,,
20125003,1999.150483,31.73,64.158,,245,,243.1544,18.6764,4.8576,36.5957,205.284,-9.99,-9.99,,,-9.99,,,,
20125003,1999.150483,31.73,64.158,,247,,245.1381,18.6537,4.8551,36.5938,204.737,-9.99,-9.99,,,-9.99,,,,
20125003,1999.150483,31.73,64.158,,249,,247.1219,18.6441,4.8543,36.5947,204.083,-9.99,-9.99,,,-9.99,,,,
20125003,1999.150483,31.73,64.158,,251,,249.1056,18.6468,4.8551,36.5983,205.908,-9.99,-9.99,,,-9.99,,,,
20125003,1999.150483,31.73,64.158,,253,,251.0893,18.6399,4.8546,36.5991,207.42,-9.99,-9.99,,,-9.99,,,,
20125003,1999.150483,31.73,64.158,,255,,253.073,18.6277,4.8531,36.5966,207.471,-9.99,-9.99,,,-9.99,,,,
20125003,1999.150483,31.73,64.158,,257,,255.0566,18.6222,4.8527,36.5974,207.241,-9.99,-9.99,,,-9.99,,,,
20125003,1999.150483,31.73,64.158,,259,,257.0402,18.6157,4.8521,36.5975,208.147,-9.99,-9.99,,,-9.99,,,,
20125003,1999.150483,31.73,64.158,,261,,259.0239,18.6033,4.8507,36.596,208.851,-9.99,-9.99,,,-9.99,,,,
20125003,1999.150483,31.73,64.158,,263,,261.0074,18.5896,4.8492,36.5942,206.488,-9.99,-9.99,,,-9.99,,,,
20125003,1999.150483,31.73,64.158,,265,,262.991,18.5683,4.8466,36.591,203.848,-9.99,-9.99,,,-9.99,,,,
20125003,1999.150483,31.73,64.158,,267,,264.9746,18.5414,4.8435,36.5875,205.574,-9.99,-9.99,,,-9.99,,,,
20125003,1999.150483,31.73,64.158,,269,,266.9581,18.5256,4.8417,36.5857,203.333,-9.99,-9.99,,,-9.99,,,,
20125003,1999.150483,31.73,64.158,,271,,268.9416,18.5055,4.8393,36.5824,202.529,-9.99,-9.99,,,-9.99,,,,
20125003,1999.150483,31.73,64.158,,273,,270.9251,18.4885,4.8373,36.5792,200.933,-9.99,-9.99,,,-9.99,,,,
20125003,1999.150483,31.73,64.158,,275,,272.9086,18.4809,4.8366,36.5793,200.932,-9.99,-9.99,,,-9.99,,,,
20125003,1999.150483,31.73,64.158,,277,,274.8921,18.4797,4.8366,36.5802,200.041,-9.99,-9.99,,,-9.99,,,,
20125003,1999.150483,31.73,64.158,,279,,276.8755,18.4697,4.8356,36.5792,199.711,-9.99,-9.99,,,-9.99,,,,
20125003,1999.150483,31.73,64.158,,281,,278.8589,18.4607,4.8347,36.5786,200.025,-9.99,-9.99,,,-9.99,,,,
20125003,1999.150483,31.73,64.158,,283,,280.8424,18.4529,4.8339,36.5784,201.176,-9.99,-9.99,,,-9.99,,,,
20125003,1999.150483,31.73,64.158,,285,,282.8257,18.4462,4.8334,36.5793,203.308,-9.99,-9.99,,,-9.99,,,,
20125003,1999.150483,31.73,64.158,,287,,284.8091,18.4393,4.8329,36.5806,204.63,-9.99,-9.99,,,-9.99,,,,
20125003,1999.150483,31.73,64.158,,289,,286.7925,18.4267,4.8316,36.58,204.42,-9.99,-9.99,,,-9.99,,,,
20125003,1999.150483,31.73,64.158,,291,,288.7758,18.4175,4.8307,36.5794,203.734,-9.99,-9.99,,,-9.99,,,,
20125003,1999.150483,31.73,64.158,,293,,290.7591,18.4114,4.8301,36.5793,202.663,-9.99,-9.99,,,-9.99,,,,
20125003,1999.150483,31.73,64.158,,295,,292.7424,18.4061,4.8296,36.5791,202.427,-9.99,-9.99,,,-9.99,,,,
20125003,1999.150483,31.73,64.158,,297,,294.7256,18.3932,4.8281,36.5772,203.39,-9.99,-9.99,,,-9.99,,,,
20125003,1999.150483,31.73,64.158,,299,,296.7089,18.3853,4.8273,36.5761,203.76,-9.99,-9.99,,,-9.99,,,,
20125003,1999.150483,31.73,64.158,,301,,298.6921,18.3685,4.8254,36.5741,204.445,-9.99,-9.99,,,-9.99,,,,
20125003,1999.150483,31.73,64.158,,303,,300.6753,18.3518,4.8235,36.5718,204.353,-9.99,-9.99,,,-9.99,,,,
20125003,1999.150483,31.73,64.158,,305,,302.6585,18.335,4.8214,36.5686,202.841,-9.99,-9.99,,,-9.99,,,,
20125003,1999.150483,31.73,64.158,,307,,304.6417,18.3269,4.8205,36.5676,201.805,-9.99,-9.99,,,-9.99,,,,
20125003,1999.150483,31.73,64.158,,309,,306.6249,18.3218,4.8202,36.5685,201.009,-9.99,-9.99,,,-9.99,,,,
20125003,1999.150483,31.73,64.158,,311,,308.608,18.3244,4.8208,36.5707,201.275,-9.99,-9.99,,,-9.99,,,,
20125003,1999.150483,31.73,64.158,,313,,310.5911,18.3106,4.8193,36.5694,200.85,-9.99,-9.99,,,-9.99,,,,
20125003,1999.150483,31.73,64.158,,315,,312.5742,18.302,4.8185,36.5689,200.63,-9.99,-9.99,,,-9.99,,,,
20125003,1999.150483,31.73,64.158,,317,,314.5573,18.2932,4.8176,36.5687,200.722,-9.99,-9.99,,,-9.99,,,,
20125003,1999.150483,31.73,64.158,,319,,316.5404,18.2731,4.8151,36.5649,199.156,-9.99,-9.99,,,-9.99,,,,
20125003,1999.150483,31.73,64.158,,321,,318.5234,18.2476,4.8119,36.5594,197.695,-9.99,-9.99,,,-9.99,,,,
20125003,1999.150483,31.73,64.158,,323,,320.5064,18.2302,4.8097,36.5551,198.3,-9.99,-9.99,,,-9.99,,,,
20125003,1999.150483,31.73,64.158,,325,,322.4894,18.2184,4.8083,36.5525,197.012,-9.99,-9.99,,,-9.99,,,,
20125003,1999.150483,31.73,64.158,,327,,324.4724,18.2101,4.8074,36.5515,196.096,-9.99,-9.99,,,-9.99,,,,
20125003,1999.150483,31.73,64.158,,329,,326.4554,18.2133,4.8082,36.5553,197.027,-9.99,-9.99,,,-9.99,,,,
20125003,1999.150483,31.73,64.158,,331,,328.4383,18.2036,4.8072,36.5544,197.451,-9.99,-9.99,,,-9.99,,,,
20125003,1999.150483,31.73,64.158,,333,,330.4212,18.1908,4.8057,36.5524,195.706,-9.99,-9.99,,,-9.99,,,,
20125003,1999.150483,31.73,64.158,,335,,332.4042,18.1815,4.8048,36.5517,194.647,-9.99,-9.99,,,-9.99,,,,
20125003,1999.150483,31.73,64.158,,337,,334.387,18.1734,4.804,36.5514,193.894,-9.99,-9.99,,,-9.99,,,,
20125003,1999.150483,31.73,64.158,,339,,336.3699,18.162,4.8029,36.5518,192.982,-9.99,-9.99,,,-9.99,,,,
20125003,1999.150483,31.73,64.158,,341,,338.3528,18.1596,4.8027,36.5517,193.597,-9.99,-9.99,,,-9.99,,,,
20125003,1999.150483,31.73,64.158,,343,,340.3356,18.148,4.8014,36.5498,194.553,-9.99,-9.99,,,-9.99,,,,
20125003,1999.150483,31.73,64.158,,345,,342.3184,18.1273,4.7989,36.5459,193.436,-9.99,-9.99,,,-9.99,,,,
20125003,1999.150483,31.73,64.158,,347,,344.3012,18.1118,4.7971,36.5434,191.669,-9.99,-9.99,,,-9.99,,,,
20125003,1999.150483,31.73,64.158,,349,,346.284,18.1033,4.7962,36.5432,191.287,-9.99,-9.99,,,-9.99,,,,
20125003,1999.150483,31.73,64.158,,351,,348.2667,18.0971,4.7956,36.5422,192.532,-9.99,-9.99,,,-9.99,,,,
20125003,1999.150483,31.73,64.158,,353,,350.2495,18.0878,4.7945,36.5404,192.247,-9.99,-9.99,,,-9.99,,,,
20125003,1999.150483,31.73,64.158,,355,,352.2322,18.0661,4.7918,36.5359,188.479,-9.99,-9.99,,,-9.99,,,,
20125003,1999.150483,31.73,64.158,,357,,354.2149,18.0511,4.7899,36.5324,187.872,-9.99,-9.99,,,-9.99,,,,
20125003,1999.150483,31.73,64.158,,359,,356.1976,18.0346,4.7879,36.5291,189.601,-9.99,-9.99,,,-9.99,,,,
20125003,1999.150483,31.73,64.158,,361,,358.1802,18.0319,4.7877,36.5289,189.618,-9.99,-9.99,,,-9.99,,,,
20125003,1999.150483,31.73,64.158,,363,,360.1629,18.0285,4.7874,36.5286,186.662,-9.99,-9.99,,,-9.99,,,,
20125003,1999.150483,31.73,64.158,,365,,362.1455,18.0244,4.787,36.5283,182.966,-9.99,-9.99,,,-9.99,,,,
20125003,1999.150483,31.73,64.158,,367,,364.1281,18.0263,4.7875,36.53,184.178,-9.99,-9.99,,,-9.99,,,,
20125003,1999.150483,31.73,64.158,,369,,366.1107,18.0219,4.7871,36.5302,187.307,-9.99,-9.99,,,-9.99,,,,
20125003,1999.150483,31.73,64.158,,371,,368.0932,18.0133,4.7862,36.5288,187.269,-9.99,-9.99,,,-9.99,,,,
20125003,1999.150483,31.73,64.158,,373,,370.0758,18.006,4.7854,36.5277,185.591,-9.99,-9.99,,,-9.99,,,,
20125003,1999.150483,31.73,64.158,,375,,372.0583,17.9987,4.7846,36.5265,185.102,-9.99,-9.99,,,-9.99,,,,
20125003,1999.150483,31.73,64.158,,377,,374.0408,17.9945,4.7841,36.5257,186.293,-9.99,-9.99,,,-9.99,,,,
20125003,1999.150483,31.73,64.158,,379,,376.0233,17.9753,4.7819,36.5227,184.746,-9.99,-9.99,,,-9.99,,,,
20125003,1999.150483,31.73,64.158,,381,,378.0058,17.9547,4.7794,36.5195,184.334,-9.99,-9.99,,,-9.99,,,,
20125003,1999.150483,31.73,64.158,,383,,379.9882,17.9445,4.7782,36.5177,184.151,-9.99,-9.99,,,-9.99,,,,
20125003,1999.150483,31.73,64.158,,385,,381.9706,17.9286,4.7764,36.5151,183.292,-9.99,-9.99,,,-9.99,,,,
20125003,1999.150483,31.73,64.158,,387,,383.9531,17.9305,4.7767,36.5152,181.924,-9.99,-9.99,,,-9.99,,,,
20125003,1999.150483,31.73,64.158,,389,,385.9354,17.9229,4.7758,36.5141,178.587,-9.99,-9.99,,,-9.99,,,,
20125003,1999.150483,31.73,64.158,,391,,387.9178,17.9123,4.7747,36.5126,177.678,-9.99,-9.99,,,-9.99,,,,
20125003,1999.150483,31.73,64.158,,393,,389.9002,17.9036,4.7737,36.5114,177.402,-9.99,-9.99,,,-9.99,,,,
20125003,1999.150483,31.73,64.158,,395,,391.8825,17.8949,4.7727,36.5101,177.332,-9.99,-9.99,,,-9.99,,,,
20125003,1999.150483,31.73,64.158,,397,,393.8648,17.8899,4.7722,36.5091,177.172,-9.99,-9.99,,,-9.99,,,,
20125003,1999.150483,31.73,64.158,,399,,395.8471,17.8864,4.7718,36.5085,175.846,-9.99,-9.99,,,-9.99,,,,
20125003,1999.150483,31.73,64.158,,401,,397.8294,17.8788,4.771,36.5071,177.228,-9.99,-9.99,,,-9.99,,,,
20125003,1999.150483,31.73,64.158,,403,,399.8117,17.8794,4.7712,36.5073,176.698,-9.99,-9.99,,,-9.99,,,,
20125003,1999.150483,31.73,64.158,,405,,401.7939,17.8766,4.7709,36.5068,179.696,-9.99,-9.99,,,-9.99,,,,
20125003,1999.150483,31.73,64.158,,407,,403.7761,17.8652,4.7696,36.5052,178.595,-9.99,-9.99,,,-9.99,,,,
20125003,1999.150483,31.73,64.158,,409,,405.7583,17.86,4.769,36.5042,176.796,-9.99,-9.99,,,-9.99,,,,
20125003,1999.150483,31.73,64.158,,411,,407.7405,17.8523,4.7682,36.5031,175.644,-9.99,-9.99,,,-9.99,,,,
20125003,1999.150483,31.73,64.158,,413,,409.7227,17.8477,4.7677,36.5021,175.463,-9.99,-9.99,,,-9.99,,,,
20125003,1999.150483,31.73,64.158,,415,,411.7048,17.8414,4.767,36.5013,173.135,-9.99,-9.99,,,-9.99,,,,
20125003,1999.150483,31.73,64.158,,417,,413.6869,17.8187,4.7644,36.498,174.709,-9.99,-9.99,,,-9.99,,,,
20125003,1999.150483,31.73,64.158,,419,,415.669,17.8064,4.7629,36.4958,174.989,-9.99,-9.99,,,-9.99,,,,
20125003,1999.150483,31.73,64.158,,421,,417.6511,17.801,4.7624,36.4949,174.7,-9.99,-9.99,,,-9.99,,,,
20125003,1999.150483,31.73,64.158,,423,,419.6332,17.7975,4.762,36.4945,175.268,-9.99,-9.99,,,-9.99,,,,
20125003,1999.150483,31.73,64.158,,425,,421.6152,17.7909,4.7613,36.4933,175.945,-9.99,-9.99,,,-9.99,,,,
20125003,1999.150483,31.73,64.158,,427,,423.5973,17.7756,4.7595,36.4907,175.456,-9.99,-9.99,,,-9.99,,,,
20125003,1999.150483,31.73,64.158,,429,,425.5793,17.7681,4.7586,36.4892,174.634,-9.99,-9.99,,,-9.99,,,,
20125003,1999.150483,31.73,64.158,,431,,427.5613,17.7555,4.7572,36.487,172.963,-9.99,-9.99,,,-9.99,,,,
20125003,1999.150483,31.73,64.158,,433,,429.5433,17.733,4.7545,36.483,171.894,-9.99,-9.99,,,-9.99,,,,
20125003,1999.150483,31.73,64.158,,435,,431.5252,17.7098,4.7517,36.4788,171.069,-9.99,-9.99,,,-9.99,,,,
20125003,1999.150483,31.73,64.158,,437,,433.5071,17.6912,4.7494,36.4754,172.108,-9.99,-9.99,,,-9.99,,,,
20125003,1999.150483,31.73,64.158,,439,,435.4891,17.6767,4.7477,36.4728,174.551,-9.99,-9.99,,,-9.99,,,,
20125003,1999.150483,31.73,64.158,,441,,437.471,17.6599,4.7457,36.4698,176.168,-9.99,-9.99,,,-9.99,,,,
20125003,1999.150483,31.73,64.158,,443,,439.4528,17.6483,4.7443,36.4676,175.524,-9.99,-9.99,,,-9.99,,,,
20125003,1999.150483,31.73,64.158,,445,,441.4347,17.6332,4.7426,36.465,176.394,-9.99,-9.99,,,-9.99,,,,
20125003,1999.150483,31.73,64.158,,447,,443.4165,17.6136,4.7402,36.4615,177.34,-9.99,-9.99,,,-9.99,,,,
20125003,1999.150483,31.73,64.158,,449,,445.3984,17.5988,4.7385,36.4589,177.763,-9.99,-9.99,,,-9.99,,,,
20125003,1999.150483,31.73,64.158,,451,,447.3802,17.5853,4.7369,36.4566,178.283,-9.99,-9.99,,,-9.99,,,,
20125003,1999.150483,31.73,64.158,,453,,449.3619,17.5779,4.7361,36.4553,179.238,-9.99,-9.99,,,-9.99,,,,
20125003,1999.150483,31.73,64.158,,455,,451.3437,17.5622,4.7342,36.4529,179.23,-9.99,-9.99,,,-9.99,,,,
20125003,1999.150483,31.73,64.158,,457,,453.3255,17.5423,4.7319,36.4497,178.5,-9.99,-9.99,,,-9.99,,,,
20125003,1999.150483,31.73,64.158,,459,,455.3072,17.5195,4.7292,36.4462,177.242,-9.99,-9.99,,,-9.99,,,,
20125003,1999.150483,31.73,64.158,,461,,457.2889,17.4893,4.7256,36.4413,176.597,-9.99,-9.99,,,-9.99,,,,
20125003,1999.150483,31.73,64.158,,463,,459.2706,17.4888,4.7256,36.4412,176.974,-9.99,-9.99,,,-9.99,,,,
20125003,1999.150483,31.73,64.158,,465,,461.2522,17.4849,4.7252,36.4405,177.337,-9.99,-9.99,,,-9.99,,,,
20125003,1999.150483,31.73,64.158,,467,,463.2339,17.4753,4.7241,36.4387,177.677,-9.99,-9.99,,,-9.99,,,,
20125003,1999.150483,31.73,64.158,,469,,465.2155,17.4616,4.7225,36.4361,178.794,-9.99,-9.99,,,-9.99,,,,
20125003,1999.150483,31.73,64.158,,471,,467.1971,17.4447,4.7205,36.4329,180.255,-9.99,-9.99,,,-9.99,,,,
20125003,1999.150483,31.73,64.158,,473,,469.1787,17.4248,4.7181,36.4291,182.114,-9.99,-9.99,,,-9.99,,,,
20125003,1999.150483,31.73,64.158,,475,,471.1603,17.3915,4.714,36.4232,183.068,-9.99,-9.99,,,-9.99,,,,
20125003,1999.150483,31.73,64.158,,477,,473.1419,17.3729,4.7118,36.4194,183.678,-9.99,-9.99,,,-9.99,,,,
20125003,1999.150483,31.73,64.158,,479,,475.1234,17.3529,4.7093,36.4155,184.343,-9.99,-9.99,,,-9.99,,,,
20125003,1999.150483,31.73,64.158,,481,,477.1049,17.3185,4.7051,36.4092,185.271,-9.99,-9.99,,,-9.99,,,,
20125003,1999.150483,31.73,64.158,,483,,479.0864,17.3026,4.7033,36.4063,188.181,-9.99,-9.99,,,-9.99,,,,
20125003,1999.150483,31.73,64.158,,485,,481.0679,17.2781,4.7003,36.4019,188.622,-9.99,-9.99,,,-9.99,,,,
20125003,1999.150483,31.73,64.158,,487,,483.0493,17.2541,4.6975,36.398,185.791,-9.99,-9.99,,,-9.99,,,,
20125003,1999.150483,31.73,64.158,,489,,485.0308,17.221,4.6934,36.3915,185.392,-9.99,-9.99,,,-9.99,,,,
20125003,1999.150483,31.73,64.158,,491,,487.0122,17.2001,4.6909,36.3877,188.655,-9.99,-9.99,,,-9.99,,,,
20125003,1999.150483,31.73,64.158,,493,,488.9936,17.1789,4.6884,36.3839,190.501,-9.99,-9.99,,,-9.99,,,,
20125003,1999.150483,31.73,64.158,,495,,490.975,17.1682,4.6871,36.3819,189.899,-9.99,-9.99,,,-9.99,,,,
20125003,1999.150483,31.73,64.158,,497,,492.9564,17.143,4.6841,36.3779,191.975,-9.99,-9.99,,,-9.99,,,,
20125003,1999.150483,31.73,64.158,,499,,494.9377,17.104,4.6795,36.3714,190.203,-9.99,-9.99,,,-9.99,,,,
20125003,1999.150483,31.73,64.158,,501,,496.919,17.0867,4.6774,36.3684,188.352,-9.99,-9.99,,,-9.99,,,,
20125003,1999.150483,31.73,64.158,,503,,498.9003,17.0716,4.6757,36.3659,188.064,-9.99,-9.99,,,-9.99,,,,
20125003,1999.150483,31.73,64.158,,505,,500.8816,17.0418,4.6721,36.3607,188.465,-9.99,-9.99,,,-9.99,,,,
