30125001 1999.211533 31.6670 64.1660    8    7.9443 20.1026 5.0081 36.6871 215.9300 -9.9900 0.2410   -9.9900
30125001 1999.211533 31.6670 64.1660   10    9.9304 20.1051 5.0084 36.6870 215.6650 -9.9900 0.2450   -9.9900
30125001 1999.211533 31.6670 64.1660   12   11.9164 20.1048 5.0085 36.6871 213.3260 -9.9900 0.2420   -9.9900
30125001 1999.211533 31.6670 64.1660   14   13.9024 20.1048 5.0086 36.6872 212.0110 -9.9900 0.2510   -9.9900
30125001 1999.211533 31.6670 64.1660   16   15.8884 20.1055 5.0087 36.6871 214.2020 -9.9900 0.2630   -9.9900
30125001 1999.211533 31.6670 64.1660   18   17.8743 20.1060 5.0089 36.6872 213.2960 -9.9900 0.2470   -9.9900
30125001 1999.211533 31.6670 64.1660   20   19.8603 20.1066 5.0091 36.6872 212.9190 -9.9900 0.2360   -9.9900
30125001 1999.211533 31.6670 64.1660   22   21.8462 20.1074 5.0092 36.6873 210.9990 -9.9900 0.2330   -9.9900
30125001 1999.211533 31.6670 64.1660   24   23.8321 20.1074 5.0093 36.6872 208.1890 -9.9900 0.2380   -9.9900
30125001 1999.211533 31.6670 64.1660   26   25.8180 20.1076 5.0094 36.6872 210.5060 -9.9900 0.2660   -9.9900
30125001 1999.211533 31.6670 64.1660   28   27.8038 20.1079 5.0096 36.6872 211.5350 -9.9900 0.2470   -9.9900
30125001 1999.211533 31.6670 64.1660   30   29.7897 20.1082 5.0097 36.6874 212.4300 -9.9900 0.2390   -9.9900
30125001 1999.211533 31.6670 64.1660   32   31.7755 20.1083 5.0098 36.6875 209.4460 -9.9900 0.2390   -9.9900
30125001 1999.211533 31.6670 64.1660   34   33.7613 20.1036 5.0092 36.6860 210.6780 -9.9900 0.2400   -9.9900
30125001 1999.211533 31.6670 64.1660   36   35.7471 20.1008 5.0090 36.6856 209.6300 -9.9900 0.2240   -9.9900
30125001 1999.211533 31.6670 64.1660   38   37.7329 20.1008 5.0091 36.6860 206.7010 -9.9900 0.2180   -9.9900
30125001 1999.211533 31.6670 64.1660   40   39.7186 20.1023 5.0094 36.6864 208.0590 -9.9900 0.2270   -9.9900
30125001 1999.211533 31.6670 64.1660   42   41.7043 20.1032 5.0096 36.6865 207.5940 -9.9900 0.2380   -9.9900
30125001 1999.211533 31.6670 64.1660   44   43.6900 20.0960 5.0088 36.6852 208.1880 -9.9900 0.2340   -9.9900
30125001 1999.211533 31.6670 64.1660   46   45.6757 20.0977 5.0091 36.6857 207.2020 -9.9900 0.2290   -9.9900
30125001 1999.211533 31.6670 64.1660   48   47.6614 20.1018 5.0097 36.6863 206.5650 -9.9900 0.2530   -9.9900
30125001 1999.211533 31.6670 64.1660   50   49.6470 20.0926 5.0085 36.6839 207.0660 -9.9900 0.2400   -9.9900
30125001 1999.211533 31.6670 64.1660   52   51.6327 20.0630 5.0047 36.6778 210.2930 -9.9900 0.2050   -9.9900
30125001 1999.211533 31.6670 64.1660   54   53.6183 20.0564 5.0039 36.6761 208.0110 -9.9900 0.2010   -9.9900
30125001 1999.211533 31.6670 64.1660   56   55.6039 20.0531 5.0036 36.6751 204.0720 -9.9900 0.2290   -9.9900
30125001 1999.211533 31.6670 64.1660   58   57.5895 20.0522 5.0035 36.6749 204.7860 -9.9900 0.2130   -9.9900
30125001 1999.211533 31.6670 64.1660   60   59.5750 20.0508 5.0034 36.6744 205.6890 -9.9900 0.2060   -9.9900
30125001 1999.211533 31.6670 64.1660   62   61.5605 20.0507 5.0035 36.6747 206.9920 -9.9900 0.1960   -9.9900
30125001 1999.211533 31.6670 64.1660   64   63.5461 20.0507 5.0036 36.6749 208.2080 -9.9900 0.2110   -9.9900
30125001 1999.211533 31.6670 64.1660   66   65.5316 20.0506 5.0038 36.6753 207.5050 -9.9900 0.2150   -9.9900
30125001 1999.211533 31.6670 64.1660   68   67.5170 20.0504 5.0039 36.6756 207.6320 -9.9900 0.2150   -9.9900
30125001 1999.211533 31.6670 64.1660   70   69.5025 20.0503 5.0040 36.6757 208.3040 -9.9900 0.2160   -9.9900
30125001 1999.211533 31.6670 64.1660   72   71.4879 20.0501 5.0040 36.6758 208.6620 -9.9900 0.2200   -9.9900
30125001 1999.211533 31.6670 64.1660   74   73.4733 20.0499 5.0041 36.6759 209.2240 -9.9900 0.2250   -9.9900
30125001 1999.211533 31.6670 64.1660   76   75.4587 20.0497 5.0042 36.6760 210.6320 -9.9900 0.2300   -9.9900
30125001 1999.211533 31.6670 64.1660   78   77.4441 20.0502 5.0044 36.6762 208.2650 -9.9900 0.2330   -9.9900
30125001 1999.211533 31.6670 64.1660   80   79.4295 20.0508 5.0045 36.6764 207.5210 -9.9900 0.2330   -9.9900
30125001 1999.211533 31.6670 64.1660   82   81.4148 20.0516 5.0047 36.6765 206.9080 -9.9900 0.2370   -9.9900
30125001 1999.211533 31.6670 64.1660   84   83.4002 20.0518 5.0048 36.6765 207.6690 -9.9900 0.2410   -9.9900
30125001 1999.211533 31.6670 64.1660   86   85.3855 20.0496 5.0046 36.6759 207.0280 -9.9900 0.2360   -9.9900
30125001 1999.211533 31.6670 64.1660   88   87.3707 20.0490 5.0046 36.6758 207.0740 -9.9900 0.2350   -9.9900
30125001 1999.211533 31.6670 64.1660   90   89.3560 20.0488 5.0047 36.6761 207.9560 -9.9900 0.2480   -9.9900
30125001 1999.211533 31.6670 64.1660   92   91.3413 20.0471 5.0046 36.6758 207.6500 -9.9900 0.2440   -9.9900
30125001 1999.211533 31.6670 64.1660   94   93.3265 20.0468 5.0047 36.6760 208.4210 -9.9900 0.2420   -9.9900
30125001 1999.211533 31.6670 64.1660   96   95.3117 20.0473 5.0049 36.6763 209.0420 -9.9900 0.2370   -9.9900
30125001 1999.211533 31.6670 64.1660   98   97.2969 20.0474 5.0050 36.6768 208.6420 -9.9900 0.2440   -9.9900
30125001 1999.211533 31.6670 64.1660  100   99.2820 20.0469 5.0052 36.6774 208.3990 -9.9900 0.2460   -9.9900
30125001 1999.211533 31.6670 64.1660  102  101.2672 20.0463 5.0052 36.6779 208.4610 -9.9900 0.2420   -9.9900
30125001 1999.211533 31.6670 64.1660  104  103.2523 20.0459 5.0054 36.6784 209.4270 -9.9900 0.2400   -9.9900
30125001 1999.211533 31.6670 64.1660  106  105.2374 20.0458 5.0055 36.6788 209.5350 -9.9900 0.2450   -9.9900
30125001 1999.211533 31.6670 64.1660  108  107.2225 20.0458 5.0056 36.6794 209.4550 -9.9900 0.2580   -9.9900
30125001 1999.211533 31.6670 64.1660  110  109.2076 20.0465 5.0058 36.6795 209.0190 -9.9900 0.2580   -9.9900
30125001 1999.211533 31.6670 64.1660  112  111.1927 20.0453 5.0058 36.6799 209.7620 -9.9900 0.2480   -9.9900
30125001 1999.211533 31.6670 64.1660  114  113.1777 20.0424 5.0057 36.6804 210.3710 -9.9900 0.2390   -9.9900
30125001 1999.211533 31.6670 64.1660  116  115.1627 20.0403 5.0056 36.6805 209.4460 -9.9900 0.2360   -9.9900
30125001 1999.211533 31.6670 64.1660  118  117.1477 20.0318 5.0047 36.6801 207.5270 -9.9900 0.2390   -9.9900
30125001 1999.211533 31.6670 64.1660  120  119.1327 20.0189 5.0033 36.6791 208.5400 -9.9900 0.2040   -9.9900
30125001 1999.211533 31.6670 64.1660  122  121.1176 20.0143 5.0028 36.6784 210.8880 -9.9900 0.2040   -9.9900
30125001 1999.211533 31.6670 64.1660  124  123.1026 20.0128 5.0027 36.6784 208.4690 -9.9900 0.2180   -9.9900
30125001 1999.211533 31.6670 64.1660  126  125.0875 20.0089 5.0023 36.6777 209.2220 -9.9900 0.1860   -9.9900
30125001 1999.211533 31.6670 64.1660  128  127.0724 20.0054 5.0020 36.6771 209.3040 -9.9900 0.1920   -9.9900
30125001 1999.211533 31.6670 64.1660  130  129.0573 19.9995 5.0013 36.6762 207.4390 -9.9900 0.2020   -9.9900
30125001 1999.211533 31.6670 64.1660  132  131.0421 19.9922 5.0005 36.6750 206.8920 -9.9900 0.1810   -9.9900
30125001 1999.211533 31.6670 64.1660  134  133.0270 19.9872 5.0000 36.6743 204.3020 -9.9900 0.1640   -9.9900
30125001 1999.211533 31.6670 64.1660  136  135.0118 19.9847 4.9998 36.6741 206.8450 -9.9900 0.1650   -9.9900
30125001 1999.211533 31.6670 64.1660  138  136.9966 19.9759 4.9989 36.6735 206.6050 -9.9900 0.1690   -9.9900
30125001 1999.211533 31.6670 64.1660  140  138.9814 19.9590 4.9971 36.6727 204.9270 -9.9900 0.1610   -9.9900
30125001 1999.211533 31.6670 64.1660  142  140.9662 19.9443 4.9955 36.6720 204.4110 -9.9900 0.1500   -9.9900
30125001 1999.211533 31.6670 64.1660  144  142.9509 19.9292 4.9940 36.6716 204.2870 -9.9900 0.1490   -9.9900
30125001 1999.211533 31.6670 64.1660  146  144.9356 19.9119 4.9922 36.6713 204.6280 -9.9900 0.1510   -9.9900
30125001 1999.211533 31.6670 64.1660  148  146.9203 19.8893 4.9899 36.6714 205.4650 -9.9900 0.1390   -9.9900
30125001 1999.211533 31.6670 64.1660  150  148.9050 19.8871 4.9898 36.6720 205.4770 -9.9900 0.1420   -9.9900
30125001 1999.211533 31.6670 64.1660  152  150.8897 19.8855 4.9898 36.6725 205.6450 -9.9900 0.1400   -9.9900
30125001 1999.211533 31.6670 64.1660  154  152.8744 19.8828 4.9897 36.6734 206.1080 -9.9900 0.1420   -9.9900
30125001 1999.211533 31.6670 64.1660  156  154.8590 19.8818 4.9897 36.6735 206.3420 -9.9900 0.1430   -9.9900
30125001 1999.211533 31.6670 64.1660  158  156.8436 19.8710 4.9886 36.6728 205.9510 -9.9900 0.1390   -9.9900
30125001 1999.211533 31.6670 64.1660  160  158.8282 19.8432 4.9855 36.6706 205.5970 -9.9900 0.1350   -9.9900
30125001 1999.211533 31.6670 64.1660  162  160.8128 19.8300 4.9840 36.6694 205.1290 -9.9900 0.1270   -9.9900
30125001 1999.211533 31.6670 64.1660  164  162.7973 19.8138 4.9823 36.6684 204.3250 -9.9900 0.1190   -9.9900
30125001 1999.211533 31.6670 64.1660  166  164.7819 19.8113 4.9821 36.6684 203.4890 -9.9900 0.1180   -9.9900
30125001 1999.211533 31.6670 64.1660  168  166.7664 19.8090 4.9820 36.6685 202.8290 -9.9900 0.1140   -9.9900
30125001 1999.211533 31.6670 64.1660  170  168.7509 19.8061 4.9817 36.6683 201.3760 -9.9900 0.1100   -9.9900
30125001 1999.211533 31.6670 64.1660  172  170.7353 19.8014 4.9813 36.6678 201.9270 -9.9900 0.1110   -9.9900
30125001 1999.211533 31.6670 64.1660  174  172.7198 19.7964 4.9808 36.6673 202.3980 -9.9900 0.1050   -9.9900
30125001 1999.211533 31.6670 64.1660  176  174.7042 19.7883 4.9799 36.6666 201.8450 -9.9900 0.1080   -9.9900
30125001 1999.211533 31.6670 64.1660  178  176.6887 19.7572 4.9764 36.6637 202.5340 -9.9900 0.1040   -9.9900
30125001 1999.211533 31.6670 64.1660  180  178.6731 19.7258 4.9728 36.6606 200.8840 -9.9900 0.1160   -9.9900
30125001 1999.211533 31.6670 64.1660  182  180.6574 19.7209 4.9723 36.6602 199.8420 -9.9900 0.1040   -9.9900
30125001 1999.211533 31.6670 64.1660  184  182.6418 19.7147 4.9717 36.6595 197.7490 -9.9900 0.1050   -9.9900
30125001 1999.211533 31.6670 64.1660  186  184.6262 19.6950 4.9694 36.6572 197.3840 -9.9900 0.1090   -9.9900
30125001 1999.211533 31.6670 64.1660  188  186.6105 19.6442 4.9635 36.6519 198.6810 -9.9900 0.0910   -9.9900
30125001 1999.211533 31.6670 64.1660  190  188.5948 19.5520 4.9527 36.6425 196.6610 -9.9900 0.0960   -9.9900
30125001 1999.211533 31.6670 64.1660  192  190.5791 19.4324 4.9388 36.6310 195.5720 -9.9900 0.0910   -9.9900
30125001 1999.211533 31.6670 64.1660  194  192.5633 19.3302 4.9270 36.6217 194.6920 -9.9900 0.0760   -9.9900
30125001 1999.211533 31.6670 64.1660  196  194.5476 19.2727 4.9206 36.6179 193.5550 -9.9900 0.0740   -9.9900
30125001 1999.211533 31.6670 64.1660  198  196.5318 19.2295 4.9158 36.6151 193.4890 -9.9900 0.0730   -9.9900
30125001 1999.211533 31.6670 64.1660  200  198.5160 19.1573 4.9079 36.6112 193.6310 -9.9900 0.0690   -9.9900
30125001 1999.211533 31.6670 64.1660  202  200.5002 19.1107 4.9028 36.6090 194.0170 -9.9900 0.0700   -9.9900
30125001 1999.211533 31.6670 64.1660  204  202.4844 19.0374 4.8949 36.6060 194.2640 -9.9900 0.0730   -9.9900
30125001 1999.211533 31.6670 64.1660  206  204.4685 19.0111 4.8921 36.6053 194.0340 -9.9900 0.0720   -9.9900
30125001 1999.211533 31.6670 64.1660  208  206.4527 18.9941 4.8904 36.6049 194.4210 -9.9900 0.0690   -9.9900
30125001 1999.211533 31.6670 64.1660  210  208.4368 18.9814 4.8891 36.6046 194.3370 -9.9900 0.0620   -9.9900
30125001 1999.211533 31.6670 64.1660  212  210.4209 18.9514 4.8858 36.6026 194.2950 -9.9900 0.0640   -9.9900
30125001 1999.211533 31.6670 64.1660  214  212.4049 18.9208 4.8824 36.6008 194.5400 -9.9900 0.0710   -9.9900
30125001 1999.211533 31.6670 64.1660  216  214.3890 18.8904 4.8791 36.5984 194.5750 -9.9900 0.0680   -9.9900
30125001 1999.211533 31.6670 64.1660  218  216.3730 18.8317 4.8723 36.5928 195.4650 -9.9900 0.0650   -9.9900
30125001 1999.211533 31.6670 64.1660  220  218.3571 18.7680 4.8651 36.5876 196.0690 -9.9900 0.0610   -9.9900
30125001 1999.211533 31.6670 64.1660  222  220.3411 18.7483 4.8631 36.5872 195.9440 -9.9900 0.0570   -9.9900
30125001 1999.211533 31.6670 64.1660  224  222.3250 18.7192 4.8600 36.5861 195.9780 -9.9900 0.0550   -9.9900
30125001 1999.211533 31.6670 64.1660  226  224.3090 18.6827 4.8561 36.5842 196.1510 -9.9900 0.0570   -9.9900
30125001 1999.211533 31.6670 64.1660  228  226.2929 18.6642 4.8539 36.5813 196.2210 -9.9900 0.0600   -9.9900
30125001 1999.211533 31.6670 64.1660  230  228.2769 18.6434 4.8514 36.5783 196.3200 -9.9900 0.0590   -9.9900
30125001 1999.211533 31.6670 64.1660  232  230.2608 18.6159 4.8483 36.5754 196.3480 -9.9900 0.0570   -9.9900
30125001 1999.211533 31.6670 64.1660  234  232.2446 18.5947 4.8460 36.5741 196.4260 -9.9900 0.0620   -9.9900
30125001 1999.211533 31.6670 64.1660  236  234.2285 18.5712 4.8435 36.5731 196.3980 -9.9900 0.0650   -9.9900
30125001 1999.211533 31.6670 64.1660  238  236.2124 18.5603 4.8426 36.5736 196.4350 -9.9900 0.0630   -9.9900
30125001 1999.211533 31.6670 64.1660  240  238.1962 18.5411 4.8406 36.5734 196.5970 -9.9900 0.0560   -9.9900
30125001 1999.211533 31.6670 64.1660  242  240.1800 18.5278 4.8395 36.5747 196.6280 -9.9900 0.0580   -9.9900
30125001 1999.211533 31.6670 64.1660  244  242.1638 18.5104 4.8378 36.5757 196.7640 -9.9900 0.0590   -9.9900
30125001 1999.211533 31.6670 64.1660  246  244.1475 18.4911 4.8361 36.5770 196.9180 -9.9900 0.0620   -9.9900
30125001 1999.211533 31.6670 64.1660  248  246.1313 18.4729 4.8343 36.5770 197.1860 -9.9900 0.0640   -9.9900
30125001 1999.211533 31.6670 64.1660  250  248.1150 18.4512 4.8320 36.5760 197.5940 -9.9900 0.0670   -9.9900
30125001 1999.211533 31.6670 64.1660  252  250.0987 18.4354 4.8303 36.5752 197.7610 -9.9900 0.0540   -9.9900
30125001 1999.211533 31.6670 64.1660  254  252.0824 18.4254 4.8293 36.5749 198.0600 -9.9900 0.0550   -9.9900
30125001 1999.211533 31.6670 64.1660  256  254.0661 18.4203 4.8290 36.5761 198.1550 -9.9900 0.0550   -9.9900
30125001 1999.211533 31.6670 64.1660  258  256.0498 18.4079 4.8281 36.5789 198.5350 -9.9900 0.0600   -9.9900
30125001 1999.211533 31.6670 64.1660  260  258.0334 18.3884 4.8262 36.5791 199.2070 -9.9900 0.0550   -9.9900
30125001 1999.211533 31.6670 64.1660  262  260.0170 18.3779 4.8253 36.5796 199.7710 -9.9900 0.0530   -9.9900
30125001 1999.211533 31.6670 64.1660  264  262.0006 18.3714 4.8247 36.5795 200.1490 -9.9900 0.0630   -9.9900
30125001 1999.211533 31.6670 64.1660  266  263.9842 18.3649 4.8241 36.5800 200.7130 -9.9900 0.0600   -9.9900
30125001 1999.211533 31.6670 64.1660  268  265.9677 18.3566 4.8233 36.5799 201.2980 -9.9900 0.0630   -9.9900
30125001 1999.211533 31.6670 64.1660  270  267.9513 18.3502 4.8227 36.5797 201.9580 -9.9900 0.0640   -9.9900
30125001 1999.211533 31.6670 64.1660  272  269.9348 18.3486 4.8226 36.5795 202.6960 -9.9900 0.0680   -9.9900
30125001 1999.211533 31.6670 64.1660  274  271.9183 18.3438 4.8222 36.5793 203.3410 -9.9900 0.0630   -9.9900
30125001 1999.211533 31.6670 64.1660  276  273.9018 18.3363 4.8215 36.5789 203.9760 -9.9900 0.0530   -9.9900
30125001 1999.211533 31.6670 64.1660  278  275.8852 18.3279 4.8206 36.5782 204.9820 -9.9900 0.0520   -9.9900
30125001 1999.211533 31.6670 64.1660  280  277.8687 18.3207 4.8199 36.5775 206.0460 -9.9900 0.0570   -9.9900
30125001 1999.211533 31.6670 64.1660  282  279.8521 18.3136 4.8191 36.5766 207.0060 -9.9900 0.0630   -9.9900
30125001 1999.211533 31.6670 64.1660  284  281.8355 18.3087 4.8186 36.5758 208.0200 -9.9900 0.0610   -9.9900
30125001 1999.211533 31.6670 64.1660  286  283.8189 18.3046 4.8182 36.5752 208.9510 -9.9900 0.0600   -9.9900
30125001 1999.211533 31.6670 64.1660  288  285.8023 18.3025 4.8180 36.5750 209.7680 -9.9900 0.0510   -9.9900
30125001 1999.211533 31.6670 64.1660  290  287.7856 18.2979 4.8176 36.5744 211.0280 -9.9900 0.0540   -9.9900
30125001 1999.211533 31.6670 64.1660  292  289.7689 18.2931 4.8171 36.5739 212.0200 -9.9900 0.0580   -9.9900
30125001 1999.211533 31.6670 64.1660  294  291.7522 18.2813 4.8158 36.5724 213.8110 -9.9900 0.0640   -9.9900
30125001 1999.211533 31.6670 64.1660  296  293.7355 18.2704 4.8145 36.5709 215.1890 -9.9900 0.0610   -9.9900
30125001 1999.211533 31.6670 64.1660  298  295.7188 18.2649 4.8140 36.5702 216.0520 -9.9900 0.0600   -9.9900
30125001 1999.211533 31.6670 64.1660  300  297.7021 18.2542 4.8128 36.5687 218.1730 -9.9900 0.0530   -9.9900
30125001 1999.211533 31.6670 64.1660  302  299.6853 18.2531 4.8127 36.5687 219.0210 -9.9900 0.0500   -9.9900
30125001 1999.211533 31.6670 64.1660  304  301.6685 18.2511 4.8126 36.5688 221.0580 -9.9900 0.0510   -9.9900
30125001 1999.211533 31.6670 64.1660  306  303.6517 18.2535 4.8131 36.5700 222.2840 -9.9900 0.0500   -9.9900
30125001 1999.211533 31.6670 64.1660  308  305.6349 18.2482 4.8126 36.5697 223.8150 -9.9900 0.0460   -9.9900
30125001 1999.211533 31.6670 64.1660  310  307.6180 18.2405 4.8118 36.5691 225.3100 -9.9900 0.0470   -9.9900
30125001 1999.211533 31.6670 64.1660  312  309.6012 18.2302 4.8107 36.5682 226.8930 -9.9900 0.0560   -9.9900
30125001 1999.211533 31.6670 64.1660  314  311.5843 18.2170 4.8093 36.5668 228.8910 -9.9900 0.0580   -9.9900
30125001 1999.211533 31.6670 64.1660  316  313.5674 18.2040 4.8079 36.5654 230.9140 -9.9900 0.0570   -9.9900
30125001 1999.211533 31.6670 64.1660  318  315.5505 18.1984 4.8073 36.5647 232.6280 -9.9900 0.0540   -9.9900
30125001 1999.211533 31.6670 64.1660  320  317.5335 18.1943 4.8069 36.5642 234.7320 -9.9900 0.0610   -9.9900
30125001 1999.211533 31.6670 64.1660  322  319.5166 18.1855 4.8060 36.5633 236.4910 -9.9900 0.0630   -9.9900
30125001 1999.211533 31.6670 64.1660  324  321.4996 18.1855 4.8060 36.5631 238.2680 -9.9900 0.0550   -9.9900
30125001 1999.211533 31.6670 64.1660  326  323.4826 18.1763 4.8050 36.5621 239.9540 -9.9900 0.0590   -9.9900
30125001 1999.211533 31.6670 64.1660  328  325.4656 18.1669 4.8040 36.5610 241.9000 -9.9900 0.0550   -9.9900
30125001 1999.211533 31.6670 64.1660  330  327.4486 18.1546 4.8026 36.5593 244.4930 -9.9900 0.0510   -9.9900
30125001 1999.211533 31.6670 64.1660  332  329.4315 18.1445 4.8015 36.5580 246.9000 -9.9900 0.0500   -9.9900
30125001 1999.211533 31.6670 64.1660  334  331.4144 18.1421 4.8013 36.5578 248.3330 -9.9900 0.0520   -9.9900
30125001 1999.211533 31.6670 64.1660  336  333.3973 18.1395 4.8011 36.5576 250.7750 -9.9900 0.0540   -9.9900
30125001 1999.211533 31.6670 64.1660  338  335.3802 18.1380 4.8010 36.5573 252.1290 -9.9900 0.0510   -9.9900
30125001 1999.211533 31.6670 64.1660  340  337.3631 18.1344 4.8007 36.5568 254.8160 -9.9900 0.0540   -9.9900
30125001 1999.211533 31.6670 64.1660  342  339.3459 18.1306 4.8003 36.5562 256.7220 -9.9900 0.0520   -9.9900
30125001 1999.211533 31.6670 64.1660  344  341.3288 18.1202 4.7991 36.5543 259.0330 -9.9900 0.0470   -9.9900
30125001 1999.211533 31.6670 64.1660  346  343.3116 18.1004 4.7966 36.5504 261.4540 -9.9900 0.0490   -9.9900
30125001 1999.211533 31.6670 64.1660  348  345.2944 18.0859 4.7949 36.5478 264.0490 -9.9900 0.0480   -9.9900
30125001 1999.211533 31.6670 64.1660  350  347.2772 18.0814 4.7945 36.5477 266.2080 -9.9900 0.0540   -9.9900
30125001 1999.211533 31.6670 64.1660  352  349.2599 18.0780 4.7943 36.5477 268.3740 -9.9900 0.0580   -9.9900
30125001 1999.211533 31.6670 64.1660  354  351.2426 18.0705 4.7935 36.5467 270.8080 -9.9900 0.0560   -9.9900
30125001 1999.211533 31.6670 64.1660  356  353.2254 18.0622 4.7925 36.5450 272.3030 -9.9900 0.0520   -9.9900
30125001 1999.211533 31.6670 64.1660  358  355.2081 18.0509 4.7911 36.5424 275.6410 -9.9900 0.0500   -9.9900
30125001 1999.211533 31.6670 64.1660  360  357.1907 18.0383 4.7896 36.5400 278.3410 -9.9900 0.0480   -9.9900
30125001 1999.211533 31.6670 64.1660  362  359.1734 18.0158 4.7868 36.5356 281.5160 -9.9900 0.0450   -9.9900
30125001 1999.211533 31.6670 64.1660  364  361.1560 17.9679 4.7807 36.5255 285.0030 -9.9900 0.0480   -9.9900
30125001 1999.211533 31.6670 64.1660  366  363.1387 17.9544 4.7791 36.5225 287.9960 -9.9900 0.0560   -9.9900
30125001 1999.211533 31.6670 64.1660  368  365.1213 17.9486 4.7784 36.5212 289.8670 -9.9900 0.0600   -9.9900
30125001 1999.211533 31.6670 64.1660  370  367.1039 17.9385 4.7772 36.5192 292.5800 -9.9900 0.0600   -9.9900
30125001 1999.211533 31.6670 64.1660  372  369.0864 17.9315 4.7764 36.5180 295.3790 -9.9900 0.0480   -9.9900
30125001 1999.211533 31.6670 64.1660  374  371.0690 17.9248 4.7757 36.5168 298.2550 -9.9900 0.0420   -9.9900
30125001 1999.211533 31.6670 64.1660  376  373.0515 17.9165 4.7747 36.5152 301.1200 -9.9900 0.0480   -9.9900
30125001 1999.211533 31.6670 64.1660  378  375.0340 17.9061 4.7735 36.5133 304.2070 -9.9900 0.0540   -9.9900
30125001 1999.211533 31.6670 64.1660  380  377.0165 17.8964 4.7724 36.5119 307.3010 -9.9900 0.0550   -9.9900
30125001 1999.211533 31.6670 64.1660  382  378.9990 17.8914 4.7720 36.5118 310.1440 -9.9900 0.0470   -9.9900
30125001 1999.211533 31.6670 64.1660  384  380.9814 17.8898 4.7719 36.5119 313.1720 -9.9900 0.0480   -9.9900
30125001 1999.211533 31.6670 64.1660  386  382.9638 17.8825 4.7712 36.5112 316.8090 -9.9900 0.0460   -9.9900
30125001 1999.211533 31.6670 64.1660  388  384.9463 17.8756 4.7704 36.5103 320.7990 -9.9900 0.0490   -9.9900
30125001 1999.211533 31.6670 64.1660  390  386.9286 17.8720 4.7701 36.5098 323.7360 -9.9900 0.0490   -9.9900
30125001 1999.211533 31.6670 64.1660  392  388.9110 17.8694 4.7699 36.5093 327.2380 -9.9900 0.0500   -9.9900
30125001 1999.211533 31.6670 64.1660  394  390.8934 17.8653 4.7695 36.5088 331.9470 -9.9900 0.0540   -9.9900
30125001 1999.211533 31.6670 64.1660  396  392.8757 17.8574 4.7686 36.5076 339.1340 -9.9900 0.0540   -9.9900
30125001 1999.211533 31.6670 64.1660  398  394.8580 17.8452 4.7672 36.5057 346.9820 -9.9900 0.0450   -9.9900
30125001 1999.211533 31.6670 64.1660  400  396.8403 17.8365 4.7662 36.5038 354.3590 -9.9900 0.0370   -9.9900
30125001 1999.211533 31.6670 64.1660  402  398.8226 17.8244 4.7647 36.5011 360.4670 -9.9900 0.0450   -9.9900
30125001 1999.211533 31.6670 64.1660  404  400.8049 17.8106 4.7630 36.4985 369.1380 -9.9900 0.0640   -9.9900
30125002 1999.211600 31.6660 64.1690    8    7.9443 20.0989 5.0078 36.6879 218.9580 -9.9900 0.2230   -9.9900
30125002 1999.211600 31.6660 64.1690   10    9.9304 20.1013 5.0081 36.6877 220.1580 -9.9900 0.2240   -9.9900
30125002 1999.211600 31.6660 64.1690   12   11.9164 20.1032 5.0084 36.6876 220.4800 -9.9900 0.2280   -9.9900
30125002 1999.211600 31.6660 64.1690   14   13.9024 20.1036 5.0085 36.6876 219.5410 -9.9900 0.2340   -9.9900
30125002 1999.211600 31.6660 64.1690   16   15.8884 20.1036 5.0086 36.6877 218.6690 -9.9900 0.2370   -9.9900
30125002 1999.211600 31.6660 64.1690   18   17.8743 20.1040 5.0087 36.6877 218.5290 -9.9900 0.2300   -9.9900
30125002 1999.211600 31.6660 64.1690   20   19.8603 20.1050 5.0089 36.6877 218.8180 -9.9900 0.2230   -9.9900
30125002 1999.211600 31.6660 64.1690   22   21.8462 20.1057 5.0091 36.6877 218.1000 -9.9900 0.2170   -9.9900
30125002 1999.211600 31.6660 64.1690   24   23.8321 20.1061 5.0092 36.6877 218.1160 -9.9900 0.2210   -9.9900
30125002 1999.211600 31.6660 64.1690   26   25.8180 20.1065 5.0094 36.6877 219.1870 -9.9900 0.2290   -9.9900
30125002 1999.211600 31.6660 64.1690   28   27.8038 20.1067 5.0095 36.6877 220.5650 -9.9900 0.2410   -9.9900
30125002 1999.211600 31.6660 64.1690   30   29.7897 20.1071 5.0096 36.6877 219.0810 -9.9900 0.2410   -9.9900
30125002 1999.211600 31.6660 64.1690   32   31.7755 20.1074 5.0097 36.6877 219.1130 -9.9900 0.2400   -9.9900
30125002 1999.211600 31.6660 64.1690   34   33.7613 20.1078 5.0099 36.6877 222.0600 -9.9900 0.2310   -9.9900
30125002 1999.211600 31.6660 64.1690   36   35.7471 20.1077 5.0099 36.6876 220.1860 -9.9900 0.2380   -9.9900
30125002 1999.211600 31.6660 64.1690   38   37.7329 20.1080 5.0101 36.6875 220.2850 -9.9900 0.2250   -9.9900
30125002 1999.211600 31.6660 64.1690   40   39.7186 20.1073 5.0100 36.6873 221.5840 -9.9900 0.2370   -9.9900
30125002 1999.211600 31.6660 64.1690   42   41.7043 20.1077 5.0102 36.6876 219.6560 -9.9900 0.2180   -9.9900
30125002 1999.211600 31.6660 64.1690   44   43.6900 20.1080 5.0103 36.6875 220.3430 -9.9900 0.2260   -9.9900
30125002 1999.211600 31.6660 64.1690   46   45.6757 20.0974 5.0090 36.6854 220.9350 -9.9900 0.2270   -9.9900
30125002 1999.211600 31.6660 64.1690   48   47.6614 20.0885 5.0080 36.6835 220.9380 -9.9900 0.2090   -9.9900
30125002 1999.211600 31.6660 64.1690   50   49.6470 20.0775 5.0066 36.6808 219.1240 -9.9900 0.1970   -9.9900
30125002 1999.211600 31.6660 64.1690   52   51.6327 20.0577 5.0040 36.6764 218.8430 -9.9900 0.1820   -9.9900
30125002 1999.211600 31.6660 64.1690   54   53.6183 20.0558 5.0039 36.6760 219.5090 -9.9900 0.1790   -9.9900
30125002 1999.211600 31.6660 64.1690   56   55.6039 20.0544 5.0037 36.6756 220.2840 -9.9900 0.1830   -9.9900
30125002 1999.211600 31.6660 64.1690   58   57.5895 20.0540 5.0038 36.6755 220.2050 -9.9900 0.1990   -9.9900
30125002 1999.211600 31.6660 64.1690   60   59.5750 20.0537 5.0038 36.6754 219.8280 -9.9900 0.2030   -9.9900
30125002 1999.211600 31.6660 64.1690   62   61.5605 20.0537 5.0039 36.6754 219.2060 -9.9900 0.1980   -9.9900
30125002 1999.211600 31.6660 64.1690   64   63.5461 20.0543 5.0041 36.6755 217.7340 -9.9900 0.1920   -9.9900
30125002 1999.211600 31.6660 64.1690   66   65.5316 20.0558 5.0044 36.6758 217.6670 -9.9900 0.1970   -9.9900
30125002 1999.211600 31.6660 64.1690   68   67.5170 20.0575 5.0047 36.6762 218.2400 -9.9900 0.1990   -9.9900
30125002 1999.211600 31.6660 64.1690   70   69.5025 20.0588 5.0050 36.6765 219.2850 -9.9900 0.2010   -9.9900
30125002 1999.211600 31.6660 64.1690   72   71.4879 20.0605 5.0053 36.6772 220.9350 -9.9900 0.2010   -9.9900
30125002 1999.211600 31.6660 64.1690   74   73.4734 20.0607 5.0055 36.6777 221.8030 -9.9900 0.2080   -9.9900
30125002 1999.211600 31.6660 64.1690   76   75.4588 20.0583 5.0053 36.6777 221.9610 -9.9900 0.2170   -9.9900
30125002 1999.211600 31.6660 64.1690   78   77.4441 20.0562 5.0052 36.6776 220.9170 -9.9900 0.2250   -9.9900
30125002 1999.211600 31.6660 64.1690   80   79.4295 20.0545 5.0051 36.6775 220.0010 -9.9900 0.2310   -9.9900
30125002 1999.211600 31.6660 64.1690   82   81.4148 20.0523 5.0049 36.6772 219.7770 -9.9900 0.2350   -9.9900
30125002 1999.211600 31.6660 64.1690   84   83.4002 20.0521 5.0050 36.6772 221.4580 -9.9900 0.2340   -9.9900
30125002 1999.211600 31.6660 64.1690   86   85.3855 20.0520 5.0050 36.6772 220.6400 -9.9900 0.2380   -9.9900
30125002 1999.211600 31.6660 64.1690   88   87.3708 20.0521 5.0051 36.6772 220.4660 -9.9900 0.2350   -9.9900
30125002 1999.211600 31.6660 64.1690   90   89.3560 20.0521 5.0052 36.6773 220.3910 -9.9900 0.2310   -9.9900
30125002 1999.211600 31.6660 64.1690   92   91.3413 20.0521 5.0053 36.6772 220.0650 -9.9900 0.2300   -9.9900
30125002 1999.211600 31.6660 64.1690   94   93.3265 20.0512 5.0053 36.6770 219.5920 -9.9900 0.2290   -9.9900
30125002 1999.211600 31.6660 64.1690   96   95.3117 20.0502 5.0053 36.6769 219.4210 -9.9900 0.2260   -9.9900
30125002 1999.211600 31.6660 64.1690   98   97.2969 20.0503 5.0054 36.6772 219.5370 -9.9900 0.2200   -9.9900
30125002 1999.211600 31.6660 64.1690  100   99.2821 20.0522 5.0058 36.6777 220.3950 -9.9900 0.2340   -9.9900
30125002 1999.211600 31.6660 64.1690  102  101.2672 20.0532 5.0060 36.6779 220.7170 -9.9900 0.2400   -9.9900
30125002 1999.211600 31.6660 64.1690  104  103.2523 20.0536 5.0061 36.6780 220.4800 -9.9900 0.2460   -9.9900
30125002 1999.211600 31.6660 64.1690  106  105.2375 20.0534 5.0062 36.6779 221.9450 -9.9900 0.2350   -9.9900
30125002 1999.211600 31.6660 64.1690  108  107.2225 20.0531 5.0062 36.6779 221.1630 -9.9900 0.2450   -9.9900
30125002 1999.211600 31.6660 64.1690  110  109.2076 20.0524 5.0062 36.6779 220.0350 -9.9900 0.2440   -9.9900
30125002 1999.211600 31.6660 64.1690  112  111.1927 20.0531 5.0065 36.6785 220.4900 -9.9900 0.2390   -9.9900
30125002 1999.211600 31.6660 64.1690  114  113.1777 20.0541 5.0068 36.6793 222.2530 -9.9900 0.2410   -9.9900
30125002 1999.211600 31.6660 64.1690  116  115.1627 20.0529 5.0067 36.6792 223.4410 -9.9900 0.2530   -9.9900
30125002 1999.211600 31.6660 64.1690  118  117.1477 20.0492 5.0064 36.6788 224.6560 -9.9900 0.2360   -9.9900
30125002 1999.211600 31.6660 64.1690  120  119.1327 20.0493 5.0065 36.6793 223.9150 -9.9900 0.2250   -9.9900
30125002 1999.211600 31.6660 64.1690  122  121.1177 20.0504 5.0068 36.6798 221.9230 -9.9900 0.2530   -9.9900
30125002 1999.211600 31.6660 64.1690  124  123.1026 20.0509 5.0070 36.6801 220.5230 -9.9900 0.2480   -9.9900
30125002 1999.211600 31.6660 64.1690  126  125.0875 20.0487 5.0069 36.6807 222.4290 -9.9900 0.2370   -9.9900
30125002 1999.211600 31.6660 64.1690  128  127.0724 20.0460 5.0068 36.6810 220.8460 -9.9900 0.2170   -9.9900
30125002 1999.211600 31.6660 64.1690  130  129.0573 20.0431 5.0066 36.6812 224.7490 -9.9900 0.2210   -9.9900
30125002 1999.211600 31.6660 64.1690  132  131.0422 20.0297 5.0052 36.6807 224.9170 -9.9900 0.2240   -9.9900
30125002 1999.211600 31.6660 64.1690  134  133.0270 20.0215 5.0043 36.6799 222.3690 -9.9900 0.2090   -9.9900
30125002 1999.211600 31.6660 64.1690  136  135.0118 20.0097 5.0030 36.6785 222.1790 -9.9900 0.1900   -9.9900
30125002 1999.211600 31.6660 64.1690  138  136.9966 20.0038 5.0023 36.6777 220.8120 -9.9900 0.1950   -9.9900
30125002 1999.211600 31.6660 64.1690  140  138.9814 19.9968 5.0016 36.6768 219.5310 -9.9900 0.2000   -9.9900
30125002 1999.211600 31.6660 64.1690  142  140.9662 19.9940 5.0013 36.6765 218.8660 -9.9900 0.1740   -9.9900
30125002 1999.211600 31.6660 64.1690  144  142.9509 19.9902 5.0010 36.6760 217.0560 -9.9900 0.1660   -9.9900
30125002 1999.211600 31.6660 64.1690  146  144.9357 19.9723 4.9990 36.6743 216.9670 -9.9900 0.1580   -9.9900
30125002 1999.211600 31.6660 64.1690  148  146.9204 19.9537 4.9969 36.6730 216.5610 -9.9900 0.1480   -9.9900
30125002 1999.211600 31.6660 64.1690  150  148.9050 19.9269 4.9940 36.6719 215.8500 -9.9900 0.1400   -9.9900
30125002 1999.211600 31.6660 64.1690  152  150.8897 19.9019 4.9915 36.6717 215.1240 -9.9900 0.1330   -9.9900
30125002 1999.211600 31.6660 64.1690  154  152.8744 19.8917 4.9905 36.6721 214.9290 -9.9900 0.1310   -9.9900
30125002 1999.211600 31.6660 64.1690  156  154.8590 19.8494 4.9859 36.6701 214.5720 -9.9900 0.1290   -9.9900
30125002 1999.211600 31.6660 64.1690  158  156.8436 19.8368 4.9846 36.6693 214.4320 -9.9900 0.1270   -9.9900
30125002 1999.211600 31.6660 64.1690  160  158.8282 19.8280 4.9837 36.6689 214.4500 -9.9900 0.1250   -9.9900
30125002 1999.211600 31.6660 64.1690  162  160.8128 19.8029 4.9809 36.6669 214.5720 -9.9900 0.1190   -9.9900
30125002 1999.211600 31.6660 64.1690  164  162.7973 19.7921 4.9797 36.6662 214.3840 -9.9900 0.1060   -9.9900
30125002 1999.211600 31.6660 64.1690  166  164.7819 19.7914 4.9798 36.6663 212.8790 -9.9900 0.1040   -9.9900
30125002 1999.211600 31.6660 64.1690  168  166.7664 19.7887 4.9796 36.6663 212.1810 -9.9900 0.1140   -9.9900
30125002 1999.211600 31.6660 64.1690  170  168.7509 19.7882 4.9796 36.6663 210.6940 -9.9900 0.1220   -9.9900
30125002 1999.211600 31.6660 64.1690  172  170.7354 19.7866 4.9795 36.6663 209.3520 -9.9900 0.1240   -9.9900
30125002 1999.211600 31.6660 64.1690  174  172.7198 19.7847 4.9794 36.6662 209.4200 -9.9900 0.1140   -9.9900
30125002 1999.211600 31.6660 64.1690  176  174.7043 19.7850 4.9795 36.6661 210.4990 -9.9900 0.1080   -9.9900
30125002 1999.211600 31.6660 64.1690  178  176.6887 19.7854 4.9797 36.6662 210.6600 -9.9900 0.1200   -9.9900
30125002 1999.211600 31.6660 64.1690  180  178.6731 19.7732 4.9784 36.6655 209.6610 -9.9900 0.1140   -9.9900
30125002 1999.211600 31.6660 64.1690  182  180.6575 19.7568 4.9766 36.6640 208.9410 -9.9900 0.1090   -9.9900
30125002 1999.211600 31.6660 64.1690  184  182.6418 19.7406 4.9748 36.6625 207.6590 -9.9900 0.1000   -9.9900
30125002 1999.211600 31.6660 64.1690  186  184.6262 19.7165 4.9720 36.6603 205.3420 -9.9900 0.0910   -9.9900
30125002 1999.211600 31.6660 64.1690  188  186.6105 19.6970 4.9698 36.6581 205.7900 -9.9900 0.1030   -9.9900
30125002 1999.211600 31.6660 64.1690  190  188.5948 19.6700 4.9667 36.6550 204.4120 -9.9900 0.1030   -9.9900
30125002 1999.211600 31.6660 64.1690  192  190.5791 19.5433 4.9518 36.6419 202.6640 -9.9900 0.0970   -9.9900
30125002 1999.211600 31.6660 64.1690  194  192.5634 19.4527 4.9414 36.6336 203.3440 -9.9900 0.0960   -9.9900
30125002 1999.211600 31.6660 64.1690  196  194.5476 19.3169 4.9256 36.6208 202.1390 -9.9900 0.0910   -9.9900
30125002 1999.211600 31.6660 64.1690  198  196.5318 19.2505 4.9182 36.6166 201.2530 -9.9900 0.0840   -9.9900
30125002 1999.211600 31.6660 64.1690  200  198.5160 19.1933 4.9119 36.6134 201.0010 -9.9900 0.0750   -9.9900
30125002 1999.211600 31.6660 64.1690  202  200.5002 19.1277 4.9047 36.6102 200.5720 -9.9900 0.0640   -9.9900
30125002 1999.211600 31.6660 64.1690  204  202.4844 19.0567 4.8970 36.6067 200.7670 -9.9900 0.0700   -9.9900
30125002 1999.211600 31.6660 64.1690  206  204.4686 19.0314 4.8943 36.6063 200.2460 -9.9900 0.0720   -9.9900
30125002 1999.211600 31.6660 64.1690  208  206.4527 19.0130 4.8924 36.6058 199.9970 -9.9900 0.0690   -9.9900
30125002 1999.211600 31.6660 64.1690  210  208.4368 18.9934 4.8904 36.6053 199.6460 -9.9900 0.0720   -9.9900
30125002 1999.211600 31.6660 64.1690  212  210.4209 18.9596 4.8867 36.6035 199.2850 -9.9900 0.0740   -9.9900
30125002 1999.211600 31.6660 64.1690  214  212.4050 18.9286 4.8834 36.6018 198.9290 -9.9900 0.0760   -9.9900
30125002 1999.211600 31.6660 64.1690  216  214.3890 18.8980 4.8800 36.5993 198.8250 -9.9900 0.0700   -9.9900
30125002 1999.211600 31.6660 64.1690  218  216.3731 18.8406 4.8734 36.5939 199.4740 -9.9900 0.0680   -9.9900
30125002 1999.211600 31.6660 64.1690  220  218.3571 18.7823 4.8668 36.5889 199.9540 -9.9900 0.0630   -9.9900
30125002 1999.211600 31.6660 64.1690  222  220.3411 18.7468 4.8628 36.5856 200.1740 -9.9900 0.0550   -9.9900
30125002 1999.211600 31.6660 64.1690  224  222.3251 18.7117 4.8589 36.5829 200.3620 -9.9900 0.0560   -9.9900
30125002 1999.211600 31.6660 64.1690  226  224.3090 18.7015 4.8580 36.5837 200.2320 -9.9900 0.0590   -9.9900
30125002 1999.211600 31.6660 64.1690  228  226.2930 18.6699 4.8545 36.5814 200.0760 -9.9900 0.0620   -9.9900
30125002 1999.211600 31.6660 64.1690  230  228.2769 18.6520 4.8525 36.5795 200.1580 -9.9900 0.0620   -9.9900
30125002 1999.211600 31.6660 64.1690  232  230.2608 18.6024 4.8466 36.5731 200.3950 -9.9900 0.0620   -9.9900
30125002 1999.211600 31.6660 64.1690  234  232.2447 18.5986 4.8464 36.5736 200.1580 -9.9900 0.0610   -9.9900
30125002 1999.211600 31.6660 64.1690  236  234.2285 18.5778 4.8441 36.5722 200.0200 -9.9900 0.0570   -9.9900
30125002 1999.211600 31.6660 64.1690  238  236.2124 18.5674 4.8433 36.5736 199.5550 -9.9900 0.0580   -9.9900
30125002 1999.211600 31.6660 64.1690  240  238.1962 18.5622 4.8430 36.5753 199.3170 -9.9900 0.0610   -9.9900
30125002 1999.211600 31.6660 64.1690  242  240.1800 18.5470 4.8415 36.5751 199.0510 -9.9900 0.0580   -9.9900
30125002 1999.211600 31.6660 64.1690  244  242.1638 18.5408 4.8411 36.5765 198.9040 -9.9900 0.0650   -9.9900
30125002 1999.211600 31.6660 64.1690  246  244.1476 18.5271 4.8397 36.5761 198.5990 -9.9900 0.0630   -9.9900
30125002 1999.211600 31.6660 64.1690  248  246.1313 18.5209 4.8392 36.5766 198.3950 -9.9900 0.0650   -9.9900
30125002 1999.211600 31.6660 64.1690  250  248.1150 18.5129 4.8387 36.5781 198.2880 -9.9900 0.0610   -9.9900
30125002 1999.211600 31.6660 64.1690  252  250.0988 18.4845 4.8358 36.5785 198.4720 -9.9900 0.0600   -9.9900
30125002 1999.211600 31.6660 64.1690  254  252.0824 18.4658 4.8338 36.5773 198.7020 -9.9900 0.0770   -9.9900
30125002 1999.211600 31.6660 64.1690  256  254.0661 18.4519 4.8324 36.5766 198.8290 -9.9900 0.0690   -9.9900
30125002 1999.211600 31.6660 64.1690  258  256.0498 18.4322 4.8303 36.5755 199.0260 -9.9900 0.0600   -9.9900
30125002 1999.211600 31.6660 64.1690  260  258.0334 18.4223 4.8293 36.5750 199.2600 -9.9900 0.0660   -9.9900
30125002 1999.211600 31.6660 64.1690  262  260.0170 18.4199 4.8292 36.5759 199.3700 -9.9900 0.0650   -9.9900
30125002 1999.211600 31.6660 64.1690  264  262.0006 18.4135 4.8289 36.5782 199.6970 -9.9900 0.0580   -9.9900
30125002 1999.211600 31.6660 64.1690  266  263.9842 18.3851 4.8262 36.5797 200.4560 -9.9900 0.0530   -9.9900
30125002 1999.211600 31.6660 64.1690  268  265.9678 18.3773 4.8256 36.5803 200.8950 -9.9900 0.0630   -9.9900
30125002 1999.211600 31.6660 64.1690  270  267.9513 18.3717 4.8251 36.5806 201.2990 -9.9900 0.0650   -9.9900
30125002 1999.211600 31.6660 64.1690  272  269.9348 18.3689 4.8249 36.5804 201.9030 -9.9900 0.0560   -9.9900
30125002 1999.211600 31.6660 64.1690  274  271.9183 18.3575 4.8237 36.5802 202.6280 -9.9900 0.0620   -9.9900
30125002 1999.211600 31.6660 64.1690  276  273.9018 18.3457 4.8225 36.5795 203.4080 -9.9900 0.0540   -9.9900
30125002 1999.211600 31.6660 64.1690  278  275.8853 18.3453 4.8226 36.5795 204.1960 -9.9900 0.0480   -9.9900
30125002 1999.211600 31.6660 64.1690  280  277.8687 18.3385 4.8219 36.5791 205.2290 -9.9900 0.0570   -9.9900
30125002 1999.211600 31.6660 64.1690  282  279.8521 18.3253 4.8205 36.5780 206.4940 -9.9900 0.0580   -9.9900
30125002 1999.211600 31.6660 64.1690  284  281.8355 18.3186 4.8198 36.5773 207.2310 -9.9900 0.0570   -9.9900
30125002 1999.211600 31.6660 64.1690  286  283.8189 18.3118 4.8191 36.5764 208.1900 -9.9900 0.0570   -9.9900
30125002 1999.211600 31.6660 64.1690  288  285.8023 18.3068 4.8185 36.5757 208.9410 -9.9900 0.0570   -9.9900
30125002 1999.211600 31.6660 64.1690  290  287.7856 18.2971 4.8175 36.5746 210.3400 -9.9900 0.0610   -9.9900
30125002 1999.211600 31.6660 64.1690  292  289.7690 18.2906 4.8168 36.5737 211.5150 -9.9900 0.0580   -9.9900
30125002 1999.211600 31.6660 64.1690  294  291.7523 18.2852 4.8162 36.5730 212.9550 -9.9900 0.0560   -9.9900
30125002 1999.211600 31.6660 64.1690  296  293.7356 18.2773 4.8154 36.5722 214.4630 -9.9900 0.0550   -9.9900
30125002 1999.211600 31.6660 64.1690  298  295.7188 18.2705 4.8147 36.5718 215.8420 -9.9900 0.0560   -9.9900
30125002 1999.211600 31.6660 64.1690  300  297.7021 18.2645 4.8142 36.5715 217.2090 -9.9900 0.0570   -9.9900
30125002 1999.211600 31.6660 64.1690  302  299.6853 18.2607 4.8139 36.5714 218.2810 -9.9900 0.0590   -9.9900
30125002 1999.211600 31.6660 64.1690  304  301.6685 18.2544 4.8133 36.5711 220.1980 -9.9900 0.0560   -9.9900
30125002 1999.211600 31.6660 64.1690  306  303.6517 18.2486 4.8127 36.5704 222.1130 -9.9900 0.0560   -9.9900
30125002 1999.211600 31.6660 64.1690  308  305.6349 18.2438 4.8122 36.5700 223.7070 -9.9900 0.0550   -9.9900
30125002 1999.211600 31.6660 64.1690  310  307.6181 18.2358 4.8113 36.5691 225.3010 -9.9900 0.0640   -9.9900
30125002 1999.211600 31.6660 64.1690  312  309.6012 18.2266 4.8104 36.5681 227.5710 -9.9900 0.0600   -9.9900
30125002 1999.211600 31.6660 64.1690  314  311.5843 18.2196 4.8096 36.5674 229.5140 -9.9900 0.0590   -9.9900
30125002 1999.211600 31.6660 64.1690  316  313.5674 18.2168 4.8094 36.5669 231.2820 -9.9900 0.0540   -9.9900
30125002 1999.211600 31.6660 64.1690  318  315.5505 18.2017 4.8077 36.5656 233.5750 -9.9900 0.0640   -9.9900
30125002 1999.211600 31.6660 64.1690  320  317.5336 18.1952 4.8070 36.5647 234.7450 -9.9900 0.0610   -9.9900
30125002 1999.211600 31.6660 64.1690  322  319.5166 18.1924 4.8068 36.5641 237.3440 -9.9900 0.0540   -9.9900
30125002 1999.211600 31.6660 64.1690  324  321.4996 18.1869 4.8062 36.5638 239.6040 -9.9900 0.0490   -9.9900
30125002 1999.211600 31.6660 64.1690  326  323.4826 18.1787 4.8054 36.5628 241.2860 -9.9900 0.0550   -9.9900
30125002 1999.211600 31.6660 64.1690  328  325.4656 18.1728 4.8047 36.5620 242.8790 -9.9900 0.0570   -9.9900
30125002 1999.211600 31.6660 64.1690  330  327.4486 18.1673 4.8042 36.5613 245.3500 -9.9900 0.0610   -9.9900
30125002 1999.211600 31.6660 64.1690  332  329.4315 18.1578 4.8031 36.5600 247.7010 -9.9900 0.0630   -9.9900
30125002 1999.211600 31.6660 64.1690  334  331.4145 18.1504 4.8023 36.5591 249.5390 -9.9900 0.0620   -9.9900
30125002 1999.211600 31.6660 64.1690  336  333.3974 18.1404 4.8012 36.5579 252.1400 -9.9900 0.0590   -9.9900
30125002 1999.211600 31.6660 64.1690  338  335.3803 18.1331 4.8005 36.5570 254.3010 -9.9900 0.0570   -9.9900
30125002 1999.211600 31.6660 64.1690  340  337.3631 18.1256 4.7997 36.5560 257.0100 -9.9900 0.0530   -9.9900
30125002 1999.211600 31.6660 64.1690  342  339.3460 18.1209 4.7992 36.5553 259.0310 -9.9900 0.0650   -9.9900
30125002 1999.211600 31.6660 64.1690  344  341.3288 18.1116 4.7981 36.5539 261.0140 -9.9900 0.0680   -9.9900
30125002 1999.211600 31.6660 64.1690  346  343.3116 18.1016 4.7969 36.5515 264.1420 -9.9900 0.0640   -9.9900
30125002 1999.211600 31.6660 64.1690  348  345.2944 18.0895 4.7954 36.5490 266.3810 -9.9900 0.0620   -9.9900
30125002 1999.211600 31.6660 64.1690  350  347.2772 18.0836 4.7948 36.5482 268.5490 -9.9900 0.0560   -9.9900
30125002 1999.211600 31.6660 64.1690  352  349.2599 18.0808 4.7946 36.5483 270.7660 -9.9900 0.0590   -9.9900
30125002 1999.211600 31.6660 64.1690  354  351.2427 18.0798 4.7946 36.5484 273.9260 -9.9900 0.0550   -9.9900
30125002 1999.211600 31.6660 64.1690  356  353.2254 18.0666 4.7931 36.5463 275.6520 -9.9900 0.0460   -9.9900
30125002 1999.211600 31.6660 64.1690  358  355.2081 18.0595 4.7923 36.5448 278.7050 -9.9900 0.0570   -9.9900
30125002 1999.211600 31.6660 64.1690  360  357.1908 18.0496 4.7911 36.5431 280.7220 -9.9900 0.0570   -9.9900
30125002 1999.211600 31.6660 64.1690  362  359.1734 18.0283 4.7885 36.5392 284.9690 -9.9900 0.0550   -9.9900
30125002 1999.211600 31.6660 64.1690  364  361.1561 17.9897 4.7837 36.5317 287.2740 -9.9900 0.0570   -9.9900
30125002 1999.211600 31.6660 64.1690  366  363.1387 17.9799 4.7825 36.5293 290.0570 -9.9900 0.0590   -9.9900
30125002 1999.211600 31.6660 64.1690  368  365.1213 17.9738 4.7818 36.5279 292.9690 -9.9900 0.0560   -9.9900
30125002 1999.211600 31.6660 64.1690  370  367.1039 17.9680 4.7812 36.5266 295.3870 -9.9900 0.0580   -9.9900
30125002 1999.211600 31.6660 64.1690  372  369.0864 17.9593 4.7801 36.5247 298.1940 -9.9900 0.0580   -9.9900
30125002 1999.211600 31.6660 64.1690  374  371.0690 17.9495 4.7789 36.5226 299.9660 -9.9900 0.0580   -9.9900
30125002 1999.211600 31.6660 64.1690  376  373.0515 17.9368 4.7774 36.5199 303.4150 -9.9900 0.0640   -9.9900
30125002 1999.211600 31.6660 64.1690  378  375.0340 17.9237 4.7758 36.5172 306.4190 -9.9900 0.0610   -9.9900
30125002 1999.211600 31.6660 64.1690  380  377.0165 17.9092 4.7740 36.5143 309.1040 -9.9900 0.0570   -9.9900
30125002 1999.211600 31.6660 64.1690  382  378.9990 17.8950 4.7724 36.5117 311.8030 -9.9900 0.0530   -9.9900
30125002 1999.211600 31.6660 64.1690  384  380.9814 17.8848 4.7712 36.5101 314.2310 -9.9900 0.0480   -9.9900
30125002 1999.211600 31.6660 64.1690  386  382.9639 17.8826 4.7711 36.5108 317.6460 -9.9900 0.0460   -9.9900
30125002 1999.211600 31.6660 64.1690  388  384.9463 17.8812 4.7711 36.5110 319.8100 -9.9900 0.0470   -9.9900
30125002 1999.211600 31.6660 64.1690  390  386.9287 17.8772 4.7707 36.5107 323.1940 -9.9900 0.0470   -9.9900
30125002 1999.211600 31.6660 64.1690  392  388.9110 17.8708 4.7701 36.5099 325.6860 -9.9900 0.0490   -9.9900
30125002 1999.211600 31.6660 64.1690  394  390.8934 17.8633 4.7693 36.5090 328.2090 -9.9900 0.0550   -9.9900
30125002 1999.211600 31.6660 64.1690  396  392.8757 17.8591 4.7688 36.5082 331.6390 -9.9900 0.0620   -9.9900
30125002 1999.211600 31.6660 64.1690  398  394.8581 17.8462 4.7673 36.5060 335.5730 -9.9900 0.0680   -9.9900
30125002 1999.211600 31.6660 64.1690  400  396.8404 17.8311 4.7655 36.5032 337.7100 -9.9900 0.0670   -9.9900
30125002 1999.211600 31.6660 64.1690  402  398.8226 17.8263 4.7650 36.5021 340.4760 -9.9900 0.0580   -9.9900
30125002 1999.211600 31.6660 64.1690  404  400.8049 17.8221 4.7645 36.5012 343.7810 -9.9900 0.0550   -9.9900
30125002 1999.211600 31.6660 64.1690  406  402.7871 17.7979 4.7616 36.4965 347.9210 -9.9900 0.0610   -9.9900
30125002 1999.211600 31.6660 64.1690  408  404.7694 17.7909 4.7608 36.4950 351.0660 -9.9900 0.0610   -9.9900
30125002 1999.211600 31.6660 64.1690  410  406.7516 17.7891 4.7606 36.4947 353.5600 -9.9900 0.0480   -9.9900
30125002 1999.211600 31.6660 64.1690  412  408.7337 17.7866 4.7604 36.4944 356.7550 -9.9900 0.0510   -9.9900
30125002 1999.211600 31.6660 64.1690  414  410.7159 17.7841 4.7602 36.4939 359.6410 -9.9900 0.0520   -9.9900
30125002 1999.211600 31.6660 64.1690  416  412.6981 17.7796 4.7597 36.4930 365.1080 -9.9900 0.0440   -9.9900
30125002 1999.211600 31.6660 64.1690  418  414.6802 17.7737 4.7591 36.4922 365.6870 -9.9900 0.0530   -9.9900
30125002 1999.211600 31.6660 64.1690  420  416.6623 17.7667 4.7583 36.4913 370.1780 -9.9900 0.0660   -9.9900
30125002 1999.211600 31.6660 64.1690  422  418.6444 17.7566 4.7572 36.4898 375.1380 -9.9900 0.0600   -9.9900
30125002 1999.211600 31.6660 64.1690  424  420.6264 17.7395 4.7552 36.4870 380.0190 -9.9900 0.0500   -9.9900
30125002 1999.211600 31.6660 64.1690  426  422.6085 17.7232 4.7533 36.4843 383.4220 -9.9900 0.0500   -9.9900
30125002 1999.211600 31.6660 64.1690  428  424.5905 17.6913 4.7494 36.4789 389.2350 -9.9900 0.0530   -9.9900
30125002 1999.211600 31.6660 64.1690  430  426.5725 17.6800 4.7481 36.4768 393.1800 -9.9900 0.0530   -9.9900
30125002 1999.211600 31.6660 64.1690  432  428.5545 17.6738 4.7474 36.4756 396.3130 -9.9900 0.0520   -9.9900
30125002 1999.211600 31.6660 64.1690  434  430.5365 17.6646 4.7464 36.4739 402.7010 -9.9900 0.0500   -9.9900
30125002 1999.211600 31.6660 64.1690  436  432.5185 17.6494 4.7446 36.4713 406.6850 -9.9900 0.0600   -9.9900
30125002 1999.211600 31.6660 64.1690  438  434.5004 17.6168 4.7406 36.4657 414.4800 -9.9900 0.0640   -9.9900
30125002 1999.211600 31.6660 64.1690  440  436.4823 17.5885 4.7373 36.4613 418.7600 -9.9900 0.0630   -9.9900
30125002 1999.211600 31.6660 64.1690  442  438.4642 17.5671 4.7348 36.4579 423.1790 -9.9900 0.0590   -9.9900
30125002 1999.211600 31.6660 64.1690  444  440.4461 17.5407 4.7316 36.4533 428.3630 -9.9900 0.0540   -9.9900
30125002 1999.211600 31.6660 64.1690  446  442.4280 17.5184 4.7288 36.4489 433.4130 -9.9900 0.0480   -9.9900
30125002 1999.211600 31.6660 64.1690  448  444.4098 17.4891 4.7252 36.4430 440.5880 -9.9900 0.0430   -9.9900
30125002 1999.211600 31.6660 64.1690  450  446.3916 17.4640 4.7222 36.4385 446.2180 -9.9900 0.0440   -9.9900
30125002 1999.211600 31.6660 64.1690  452  448.3734 17.4235 4.7173 36.4313 453.9450 -9.9900 0.0460   -9.9900
30125002 1999.211600 31.6660 64.1690  454  450.3552 17.3894 4.7132 36.4256 459.4500 -9.9900 0.0510   -9.9900
30125002 1999.211600 31.6660 64.1690  456  452.3370 17.3608 4.7097 36.4207 465.2490 -9.9900 0.0550   -9.9900
30125002 1999.211600 31.6660 64.1690  458  454.3187 17.3346 4.7066 36.4163 472.1890 -9.9900 0.0540   -9.9900
30125002 1999.211600 31.6660 64.1690  460  456.3004 17.3248 4.7055 36.4145 477.4300 -9.9900 0.0500   -9.9900
30125002 1999.211600 31.6660 64.1690  462  458.2822 17.2889 4.7011 36.4080 485.1810 -9.9900 0.0500   -9.9900
30125002 1999.211600 31.6660 64.1690  464  460.2638 17.2619 4.6978 36.4031 491.1300 -9.9900 0.0530   -9.9900
30125002 1999.211600 31.6660 64.1690  466  462.2455 17.2321 4.6942 36.3976 498.2930 -9.9900 0.0530   -9.9900
30125002 1999.211600 31.6660 64.1690  468  464.2272 17.2220 4.6931 36.3957 502.6880 -9.9900 0.0510   -9.9900
30125002 1999.211600 31.6660 64.1690  470  466.2088 17.2003 4.6904 36.3917 510.9120 -9.9900 0.0500   -9.9900
30125002 1999.211600 31.6660 64.1690  472  468.1904 17.1839 4.6885 36.3891 517.0610 -9.9900 0.0520   -9.9900
30125002 1999.211600 31.6660 64.1690  474  470.1720 17.1687 4.6868 36.3865 522.9200 -9.9900 0.0530   -9.9900
30125002 1999.211600 31.6660 64.1690  476  472.1536 17.1463 4.6841 36.3825 530.5530 -9.9900 0.0540   -9.9900
30125002 1999.211600 31.6660 64.1690  478  474.1351 17.1201 4.6809 36.3775 537.4890 -9.9900 0.0500   -9.9900
30125002 1999.211600 31.6660 64.1690  480  476.1167 17.0556 4.6730 36.3654 545.3290 -9.9900 0.0500   -9.9900
30125002 1999.211600 31.6660 64.1690  482  478.0982 17.0074 4.6671 36.3567 554.1190 -9.9900 0.0550   -9.9900
30125002 1999.211600 31.6660 64.1690  484  480.0797 16.9744 4.6631 36.3507 562.3470 -9.9900 0.0520   -9.9900
30125002 1999.211600 31.6660 64.1690  486  482.0612 16.9688 4.6625 36.3497 569.2470 -9.9900 0.0490   -9.9900
30125002 1999.211600 31.6660 64.1690  488  484.0426 16.9534 4.6607 36.3470 576.9090 -9.9900 0.0550   -9.9900
30125002 1999.211600 31.6660 64.1690  490  486.0241 16.9246 4.6572 36.3420 586.1790 -9.9900 0.0470   -9.9900
30125002 1999.211600 31.6660 64.1690  492  488.0055 16.9197 4.6567 36.3412 590.8180 -9.9900 0.0560   -9.9900
30125002 1999.211600 31.6660 64.1690  494  489.9869 16.9147 4.6562 36.3403 600.3920 -9.9900 0.0490   -9.9900
30125002 1999.211600 31.6660 64.1690  496  491.9683 16.9085 4.6555 36.3391 607.8030 -9.9900 0.0520   -9.9900
30125002 1999.211600 31.6660 64.1690  498  493.9496 16.8877 4.6530 36.3352 614.5720 -9.9900 0.0530   -9.9900
30125002 1999.211600 31.6660 64.1690  500  495.9310 16.8827 4.6525 36.3340 626.6160 -9.9900 0.0500   -9.9900
30125002 1999.211600 31.6660 64.1690  502  497.9123 16.8707 4.6511 36.3325 639.6620 -9.9900 0.0490   -9.9900
30125002 1999.211600 31.6660 64.1690  504  499.8936 16.8317 4.6465 36.3262 655.2500 -9.9900 0.0370   -9.9900
30125002 1999.211600 31.6660 64.1690  506  501.8749 16.7891 4.6414 36.3191 672.7040 -9.9900 0.0580   -9.9900
30125002 1999.211600 31.6660 64.1690  508  503.8562 16.7630 4.6383 36.3144 691.9960 -9.9900 0.0550   -9.9900
