site	cruiseid	year	month	day	date	yrday_gmt	lat	lon	LLI_narB[cells/mL]	temp	sal	depth[m]	sigma_0	standard_deviation[cells/mL]
BATS	205	2005	10	11	10/11/05	119145600	31.6667	-64.1667	6.50E-01	26.0271	36.606	1	24.237	nd
BATS	205	2005	10	11	10/11/05	119145600	31.6667	-64.1667	6.50E-01	26.0296	36.606	10	24.235	nd
BATS	205	2005	10	11	10/11/05	119145600	31.6667	-64.1667	6.50E-01	26.0046	36.6193	20	24.255	nd
BATS	205	2005	10	11	10/11/05	119145600	31.6667	-64.1667	nd	25.9302	36.6776	40	24.326	nd
BATS	205	2005	10	11	10/11/05	119145600	31.6667	-64.1667	1.02E+03	21.977	36.6828	60	25.506	4.38E+02
BATS	205	2005	10	11	10/11/05	119145600	31.6667	-64.1667	9.25E+03	20.5028	36.7143	80	25.939	2.22E+03
BATS	205	2005	10	11	10/11/05	119145600	31.6667	-64.1667	1.97E+04	19.6661	36.686	100	26.146	2.44E+03
BATS	205	2005	10	11	10/11/05	119145600	31.6667	-64.1667	2.95E+03	19.2594	36.6784	120	26.247	9.93E+01
BATS	205	2005	10	11	10/11/05	119145600	31.6667	-64.1667	5.72E+02	19.0494	36.6669	140	26.293	1.61E+02
BATS	205	2005	10	11	10/11/05	119145600	31.6667	-64.1667	nd	18.9453	36.6562	160	26.312	nd
BATS	205	2005	10	11	10/11/05	119145600	31.6667	-64.1667	7.19E+01	18.82775	36.7082	180	25.982	2.71E+01
BATS	205	2005	10	11	10/11/05	119145600	31.6667	-64.1667	nd	18.7102	36.6378	200	26.359	nd
BATS	206	2005	11	10	11/10/05	121737600	31.6667	-64.1667	1.42E+01	24.693	36.6608	1	24.695	5.00E+00
BATS	206	2005	11	10	11/10/05	121737600	31.6667	-64.1667	nd	24.6955	36.6623	10	24.694	nd
BATS	206	2005	11	10	11/10/05	121737600	31.6667	-64.1667	6.50E-01	24.6994	36.662	20	24.693	nd
BATS	206	2005	11	10	11/10/05	121737600	31.6667	-64.1667	6.50E-01	24.6884	36.6651	40	24.7	nd
BATS	206	2005	11	10	11/10/05	121737600	31.6667	-64.1667	1.80E+02	21.6047	36.6979	60	25.623	2.66E+01
BATS	206	2005	11	10	11/10/05	121737600	31.6667	-64.1667	2.83E+03	20.3465	36.7541	80	25.988	3.52E+02
BATS	206	2005	11	10	11/10/05	121737600	31.6667	-64.1667	2.53E+04	19.2686	36.6632	100	26.229	3.84E+03
BATS	206	2005	11	10	11/10/05	121737600	31.6667	-64.1667	3.00E+03	18.9879	36.6533	120	26.297	1.93E+02
BATS	206	2005	11	10	11/10/05	121737600	31.6667	-64.1667	4.75E+02	18.8367	36.6403	140	26.327	5.49E+01
BATS	206	2005	11	10	11/10/05	121737600	31.6667	-64.1667	1.83E+02	18.6987	36.6374	160	26.356	2.70E+01
BATS	206	2005	11	10	11/10/05	121737600	31.6667	-64.1667	9.72E+01	18.605	36.7082	180	25.982	4.09E+01
BATS	206	2005	11	10	11/10/05	121737600	31.6667	-64.1667	1.13E+02	18.5113	36.6138	200	26.391	2.22E+01
BATS	207	2005	12	9	12/9/05	124243200	31.6667	-64.1667	3.77E+02	22.4859	36.7019	1	25.374	2.68E+01
BATS	207	2005	12	9	12/9/05	124243200	31.6667	-64.1667	3.00E+02	22.4876	36.702	10	25.374	1.46E+02
BATS	207	2005	12	9	12/9/05	124243200	31.6667	-64.1667	3.09E+02	22.4729	36.7037	20	25.38	7.10E+01
BATS	207	2005	12	9	12/9/05	124243200	31.6667	-64.1667	2.85E+02	22.4887	36.7041	40	25.377	1.01E+02
BATS	207	2005	12	9	12/9/05	124243200	31.6667	-64.1667	3.44E+02	22.4962	36.7033	60	25.375	6.95E+01
BATS	207	2005	12	9	12/9/05	124243200	31.6667	-64.1667	4.17E+02	20.526	36.6788	80	25.905	4.39E+01
BATS	207	2005	12	9	12/9/05	124243200	31.6667	-64.1667	8.86E+03	19.6211	36.6738	100	26.145	2.07E+03
BATS	207	2005	12	9	12/9/05	124243200	31.6667	-64.1667	4.91E+03	19.1221	36.6484	120	26.256	8.27E+02
BATS	207	2005	12	9	12/9/05	124243200	31.6667	-64.1667	5.52E+02	18.8676	36.6363	140	26.314	4.43E+01
BATS	207	2005	12	9	12/9/05	124243200	31.6667	-64.1667	1.13E+02	18.7432	36.6331	160	26.343	4.46E+01
BATS	207	2005	12	9	12/9/05	124243200	31.6667	-64.1667	nd	18.645	36.7082	180	25.982	nd
BATS	207	2005	12	9	12/9/05	124243200	31.6667	-64.1667	6.50E-01	18.5468	36.6115	200	26.379	nd
BATS	208	2006	1	29	1/29/06	128649600	31.6667	-64.1667	1.48E+03	19.7912	36.6081	1	26.046	2.13E+02
BATS	208	2006	1	29	1/29/06	128649600	31.6667	-64.1667	6.50E-01	19.7907	36.6074	10	26.047	nd
BATS	208	2006	1	29	1/29/06	128649600	31.6667	-64.1667	1.20E+03	19.7839	36.6107	20	26.048	1.21E+02
BATS	208	2006	1	29	1/29/06	128649600	31.6667	-64.1667	1.44E+03	19.7895	36.6072	40	26.048	4.53E+01
BATS	208	2006	1	29	1/29/06	128649600	31.6667	-64.1667	1.20E+03	19.7899	36.6086	60	26.049	5.86E+02
BATS	208	2006	1	29	1/29/06	128649600	31.6667	-64.1667	1.24E+03	19.7926	36.6077	80	26.049	1.97E+01
BATS	208	2006	1	29	1/29/06	128649600	31.6667	-64.1667	1.34E+03	19.7941	36.6073	100	26.049	3.79E+02
BATS	208	2006	1	29	1/29/06	128649600	31.6667	-64.1667	8.52E+02	19.7996	36.6067	120	26.049	1.38E+02
BATS	208	2006	1	29	1/29/06	128649600	31.6667	-64.1667	1.01E+03	19.7902	36.6069	140	26.052	1.97E+02
BATS	208	2006	1	29	1/29/06	128649600	31.6667	-64.1667	nd	19.0391	36.6562	160	26.285	nd
BATS	208	2006	1	29	1/29/06	128649600	31.6667	-64.1667	nd	18.88445	36.64285	180	26.316	nd
BATS	208	2006	1	29	1/29/06	128649600	31.6667	-64.1667	6.50E-01	18.7298	36.6295	200	26.347	nd
BATS	208.5	2006	2	8	2/8/06	129513600	31.6667	-64.1667	4.05E+02	19.7359	36.6084	1	26.062	1.49E+01
BATS	208.5	2006	2	8	2/8/06	129513600	31.6667	-64.1667	1.94E+02	19.737	36.6085	10	26.062	4.57E+01
BATS	208.5	2006	2	8	2/8/06	129513600	31.6667	-64.1667	9.22E+02	19.7398	36.6086	20	26.062	2.59E+02
BATS	208.5	2006	2	8	2/8/06	129513600	31.6667	-64.1667	8.62E+02	19.7401	36.609	40	26.062	1.16E+02
BATS	208.5	2006	2	8	2/8/06	129513600	31.6667	-64.1667	5.25E+02	19.7455	36.6106	60	26.062	9.75E+01
BATS	208.5	2006	2	8	2/8/06	129513600	31.6667	-64.1667	4.11E+02	19.7492	36.6119	80	26.062	9.27E+01
BATS	208.5	2006	2	8	2/8/06	129513600	31.6667	-64.1667	3.56E+02	19.7495	36.6098	100	26.062	8.66E+01
BATS	208.5	2006	2	8	2/8/06	129513600	31.6667	-64.1667	3.65E+02	19.7311	36.6029	120	26.064	1.00E+02
BATS	208.5	2006	2	8	2/8/06	129513600	31.6667	-64.1667	2.35E+02	19.714	36.5984	140	26.064	3.34E+01
BATS	208.5	2006	2	8	2/8/06	129513600	31.6667	-64.1667	1.72E+02	19.7304	36.6033	160	26.065	5.15E+01
BATS	208.5	2006	2	8	2/8/06	129513600	31.6667	-64.1667	nd	19.32825	36.61875	180	26.183	nd
BATS	208.5	2006	2	8	2/8/06	129513600	31.6667	-64.1667	6.50E-01	18.9261	36.6342	200	26.301	nd
BATS	209	2006	2	22	2/22/06	130723200	31.6667	-64.1667	2.00E+03	19.3585	36.6213	1	26.17	1.04E+02
BATS	209	2006	2	22	2/22/06	130723200	31.6667	-64.1667	1.45E+03	19.3305	36.6219	10	26.178	3.23E+01
BATS	209	2006	2	22	2/22/06	130723200	31.6667	-64.1667	1.53E+03	19.3302	36.6271	20	26.18	1.15E+02
BATS	209	2006	2	22	2/22/06	130723200	31.6667	-64.1667	1.45E+03	19.3298	36.6206	40	26.18	3.97E+02
BATS	209	2006	2	22	2/22/06	130723200	31.6667	-64.1667	1.25E+03	19.3352	36.6227	60	26.181	1.32E+02
BATS	209	2006	2	22	2/22/06	130723200	31.6667	-64.1667	8.90E+02	19.3325	36.6244	80	26.183	1.54E+02
BATS	209	2006	2	22	2/22/06	130723200	31.6667	-64.1667	7.07E+02	19.3259	36.6241	100	26.185	8.70E+01
BATS	209	2006	2	22	2/22/06	130723200	31.6667	-64.1667	nd	19.3022	36.6248	120	26.192	nd
BATS	209	2006	2	22	2/22/06	130723200	31.6667	-64.1667	9.44E+02	19.2943	36.6226	140	26.195	1.16E+02
BATS	209	2006	2	22	2/22/06	130723200	31.6667	-64.1667	6.27E+01	18.6616	36.6147	160	26.35	3.13E+01
BATS	209	2006	2	22	2/22/06	130723200	31.6667	-64.1667	nd	18.5057	36.60095	180	26.3815	nd
BATS	209	2006	2	22	2/22/06	130723200	31.6667	-64.1667	6.50E-01	18.3498	36.5872	200	26.413	nd
BATS	210	2006	4	5	4/5/06	134352000	31.6667	-64.1667	1.31E+03	19.3132	36.6771	1	26.224	4.27E+02
BATS	210	2006	4	5	4/5/06	134352000	31.6667	-64.1667	1.72E+03	19.301	36.6777	10	26.229	2.64E+02
BATS	210	2006	4	5	4/5/06	134352000	31.6667	-64.1667	3.12E+03	19.0692	36.6826	20	26.292	4.42E+02
BATS	210	2006	4	5	4/5/06	134352000	31.6667	-64.1667	3.56E+03	18.9915	36.6714	40	26.306	3.02E+02
BATS	210	2006	4	5	4/5/06	134352000	31.6667	-64.1667	3.32E+03	18.9268	36.6686	60	26.32	1.10E+02
BATS	210	2006	4	5	4/5/06	134352000	31.6667	-64.1667	1.33E+03	18.8864	36.665	80	26.329	8.04E+01
BATS	210	2006	4	5	4/5/06	134352000	31.6667	-64.1667	2.71E+02	18.79	36.6446	100	26.34	1.02E+02
BATS	210	2006	4	5	4/5/06	134352000	31.6667	-64.1667	3.45E+02	18.7503	36.6403	120	26.348	5.28E+01
BATS	210	2006	4	5	4/5/06	134352000	31.6667	-64.1667	2.10E+02	18.6793	36.6302	140	26.359	5.08E+01
BATS	210	2006	4	5	4/5/06	134352000	31.6667	-64.1667	9.60E+01	18.636	36.6291	160	26.37	2.95E+01
BATS	210	2006	4	5	4/5/06	134352000	31.6667	-64.1667	nd	18.624	36.62865	180	26.374	nd
BATS	210	2006	4	5	4/5/06	134352000	31.6667	-64.1667	1.09E+02	18.612	36.6282	200	26.378	1.70E+01
BATS	211	2006	5	10	5/10/06	137376000	31.6667	-64.1667	1.19E+02	21.6143	36.8337	1	25.723	1.58E+01
BATS	211	2006	5	10	5/10/06	137376000	31.6667	-64.1667	1.20E+02	21.5568	36.8424	10	25.747	2.41E+01
BATS	211	2006	5	10	5/10/06	137376000	31.6667	-64.1667	1.75E+02	21.3183	36.8736	20	25.837	2.82E+01
BATS	211	2006	5	10	5/10/06	137376000	31.6667	-64.1667	2.90E+02	21.239	36.8714	40	25.855	4.66E+01
BATS	211	2006	5	10	5/10/06	137376000	31.6667	-64.1667	3.78E+02	20.8014	36.8408	60	25.956	8.12E+01
BATS	211	2006	5	10	5/10/06	137376000	31.6667	-64.1667	1.34E+03	20.343	36.8022	80	26.049	3.60E+02
BATS	211	2006	5	10	5/10/06	137376000	31.6667	-64.1667	4.24E+03	19.701	36.7239	100	26.162	4.28E+02
BATS	211	2006	5	10	5/10/06	137376000	31.6667	-64.1667	3.86E+03	19.3961	36.7	120	26.227	3.14E+02
BATS	211	2006	5	10	5/10/06	137376000	31.6667	-64.1667	6.70E+02	19.1745	36.679	140	26.269	9.57E+01
BATS	211	2006	5	10	5/10/06	137376000	31.6667	-64.1667	1.61E+02	19.0001	36.6607	160	26.301	6.78E+01
BATS	211	2006	5	10	5/10/06	137376000	31.6667	-64.1667	2.55E+02	18.8441	36.6413	180	26.3255	4.16E+01
BATS	211	2006	5	10	5/10/06	137376000	31.6667	-64.1667	3.96E+01	18.6881	36.6219	200	26.35	1.38E+01
BATS	212	2006	6	27	6/27/06	141523200	31.6667	-64.1667	6.50E-01	25.7732	36.4613	1	24.208	nd
BATS	212	2006	6	27	6/27/06	141523200	31.6667	-64.1667	1.02E+01	25.6017	36.4674	10	24.262	3.17E+00
BATS	212	2006	6	27	6/27/06	141523200	31.6667	-64.1667	1.65E+01	24.0648	36.5924	20	24.825	5.03E+00
BATS	212	2006	6	27	6/27/06	141523200	31.6667	-64.1667	1.24E+02	21.2923	36.6663	40	25.68	4.53E+01
BATS	212	2006	6	27	6/27/06	141523200	31.6667	-64.1667	2.19E+03	20.1282	36.6877	60	26.03	1.68E+02
BATS	212	2006	6	27	6/27/06	141523200	31.6667	-64.1667	1.67E+04	19.3782	36.6623	80	26.2	7.50E+02
BATS	212	2006	6	27	6/27/06	141523200	31.6667	-64.1667	9.98E+03	18.9579	36.6412	100	26.293	1.45E+03
BATS	212	2006	6	27	6/27/06	141523200	31.6667	-64.1667	3.05E+03	18.756	36.6306	120	26.337	3.18E+02
BATS	212	2006	6	27	6/27/06	141523200	31.6667	-64.1667	8.65E+02	18.5886	36.6169	140	26.371	1.32E+02
BATS	212	2006	6	27	6/27/06	141523200	31.6667	-64.1667	6.96E+01	18.4822	36.6021	160	26.389	3.23E+01
BATS	212	2006	6	27	6/27/06	141523200	31.6667	-64.1667	nd	18.41305	36.59805	180	26.403	nd
BATS	212	2006	6	27	6/27/06	141523200	31.6667	-64.1667	6.50E-01	18.3439	36.594	200	26.417	nd
BATS	213	2006	7	19	7/19/06	143424000	31.6667	-64.1667	6.50E-01	27.302	36.5787	1	23.811	nd
BATS	213	2006	7	19	7/19/06	143424000	31.6667	-64.1667	6.50E-01	27.3087	36.5733	10	23.809	nd
BATS	213	2006	7	19	7/19/06	143424000	31.6667	-64.1667	6.50E-01	27.1775	36.57	20	23.85	nd
BATS	213	2006	7	19	7/19/06	143424000	31.6667	-64.1667	nd	22.5667	36.7638	40	25.4	nd
BATS	213	2006	7	19	7/19/06	143424000	31.6667	-64.1667	1.01E+02	21.0921	36.7447	60	25.803	1.51E+01
BATS	213	2006	7	19	7/19/06	143424000	31.6667	-64.1667	1.71E+03	20.0894	36.7125	80	26.045	3.02E+02
BATS	213	2006	7	19	7/19/06	143424000	31.6667	-64.1667	2.47E+04	19.4653	36.6885	100	26.192	2.69E+03
BATS	213	2006	7	19	7/19/06	143424000	31.6667	-64.1667	2.09E+03	19.0645	36.6467	120	26.272	6.95E+02
BATS	213	2006	7	19	7/19/06	143424000	31.6667	-64.1667	1.43E+02	18.7237	36.6184	140	26.338	5.40E+01
BATS	213	2006	7	19	7/19/06	143424000	31.6667	-64.1667	1.24E+02	18.55	36.5911	160	26.363	2.10E+01
BATS	213	2006	7	19	7/19/06	143424000	31.6667	-64.1667	6.50E-01	18.4502	36.59275	180	26.3895	nd
BATS	213	2006	7	19	7/19/06	143424000	31.6667	-64.1667	nd	18.3504	36.5944	200	26.416	nd
BATS	214	2006	8	9	8/9/06	145238400	31.6667	-64.1667	6.50E-01	27.9653	36.5477	1	23.574	nd
BATS	214	2006	8	9	8/9/06	145238400	31.6667	-64.1667	6.50E-01	27.964	36.5483	10	23.574	nd
BATS	214	2006	8	9	8/9/06	145238400	31.6667	-64.1667	6.50E-01	27.7991	36.5435	20	23.625	nd
BATS	214	2006	8	9	8/9/06	145238400	31.6667	-64.1667	6.32E+01	22.7155	36.5495	40	25.192	1.84E+01
BATS	214	2006	8	9	8/9/06	145238400	31.6667	-64.1667	1.03E+03	20.3622	36.5843	60	25.878	1.67E+02
BATS	214	2006	8	9	8/9/06	145238400	31.6667	-64.1667	2.73E+04	19.4041	36.6406	80	26.177	6.88E+03
BATS	214	2006	8	9	8/9/06	145238400	31.6667	-64.1667	1.15E+04	18.8418	36.6307	100	26.316	1.24E+03
BATS	214	2006	8	9	8/9/06	145238400	31.6667	-64.1667	3.23E+03	18.6239	36.622	120	26.366	4.60E+02
BATS	214	2006	8	9	8/9/06	145238400	31.6667	-64.1667	1.06E+02	18.4991	36.6136	140	26.392	3.05E+01
BATS	214	2006	8	9	8/9/06	145238400	31.6667	-64.1667	6.50E-01	18.3731	36.6009	160	26.415	nd
BATS	214	2006	8	9	8/9/06	145238400	31.6667	-64.1667	nd	18.3436	36.60145	180	26.424	nd
BATS	214	2006	8	9	8/9/06	145238400	31.6667	-64.1667	nd	18.3141	36.602	200	26.433	nd
BATS	215	2006	9	6	9/6/06	147657600	31.6667	-64.1667	6.50E-01	27.5629	36.5573	1	23.709	nd
BATS	215	2006	9	6	9/6/06	147657600	31.6667	-64.1667	nd	27.436	36.5575	10	23.754	nd
BATS	215	2006	9	6	9/6/06	147657600	31.6667	-64.1667	6.50E-01	27.3672	36.5709	20	23.787	nd
BATS	215	2006	9	6	9/6/06	147657600	31.6667	-64.1667	6.50E-01	23.3623	36.6679	40	25.107	nd
BATS	215	2006	9	6	9/6/06	147657600	31.6667	-64.1667	nd	21.1599	36.6272	60	25.725	nd
BATS	215	2006	9	6	9/6/06	147657600	31.6667	-64.1667	5.16E+03	19.9437	36.6808	80	26.065	3.68E+02
BATS	215	2006	9	6	9/6/06	147657600	31.6667	-64.1667	2.10E+04	19.1186	36.6845	100	26.257	1.20E+03
BATS	215	2006	9	6	9/6/06	147657600	31.6667	-64.1667	2.59E+03	18.7849	36.647	120	26.325	6.74E+02
BATS	215	2006	9	6	9/6/06	147657600	31.6667	-64.1667	1.01E+02	18.5907	36.6105	140	26.366	3.55E+01
BATS	215	2006	9	6	9/6/06	147657600	31.6667	-64.1667	1.11E+03	18.4727	36.6031	160	26.391	1.68E+02
BATS	215	2006	9	6	9/6/06	147657600	31.6667	-64.1667	1.25E+01	18.42115	36.6052	180	26.4055	3.99E+00
BATS	215	2006	9	6	9/6/06	147657600	31.6667	-64.1667	6.50E-01	18.3696	36.6073	200	26.42	nd
BATS	216	2006	10	12	10/12/06	150768000	31.6667	-64.1667	6.50E-01	26.9651	36.3974	1	23.784	nd
BATS	216	2006	10	12	10/12/06	150768000	31.6667	-64.1667	nd	26.9485	36.395	10	23.789	nd
BATS	216	2006	10	12	10/12/06	150768000	31.6667	-64.1667	6.50E-01	26.941	36.3961	20	23.791	nd
BATS	216	2006	10	12	10/12/06	150768000	31.6667	-64.1667	6.09E+01	24.9623	36.7711	40	24.69	2.08E+01
BATS	216	2006	10	12	10/12/06	150768000	31.6667	-64.1667	1.77E+03	22.4664	36.8537	60	25.498	5.63E+02
BATS	216	2006	10	12	10/12/06	150768000	31.6667	-64.1667	1.53E+04	21.3618	36.8274	80	25.793	8.99E+02
BATS	216	2006	10	12	10/12/06	150768000	31.6667	-64.1667	4.40E+03	20.2803	36.745	100	26.026	5.29E+02
BATS	216	2006	10	12	10/12/06	150768000	31.6667	-64.1667	1.59E+03	19.7544	36.7087	120	26.14	2.91E+02
BATS	216	2006	10	12	10/12/06	150768000	31.6667	-64.1667	1.61E+03	19.1376	36.6575	140	26.264	2.09E+02
BATS	216	2006	10	12	10/12/06	150768000	31.6667	-64.1667	2.12E+02	18.9114	36.638	160	26.308	5.84E+01
BATS	216	2006	10	12	10/12/06	150768000	31.6667	-64.1667	1.10E+02	18.7268	36.6227	180	26.344	3.17E+01
BATS	216	2006	10	12	10/12/06	150768000	31.6667	-64.1667	nd	18.5422	36.6074	200	26.38	nd
BATS	217	2006	11	8	11/8/06	153100800	31.6667	-64.1667	1.94E+03	23.8072	36.5367	1	24.86	1.08E+02
BATS	217	2006	11	8	11/8/06	153100800	31.6667	-64.1667	2.21E+03	23.808	36.5326	10	24.883	2.42E+02
BATS	217	2006	11	8	11/8/06	153100800	31.6667	-64.1667	1.82E+03	23.8104	36.533	20	24.86	1.07E+02
BATS	217	2006	11	8	11/8/06	153100800	31.6667	-64.1667	1.76E+03	23.8135	36.5321	40	24.86	2.51E+02
BATS	217	2006	11	8	11/8/06	153100800	31.6667	-64.1667	2.48E+03	23.8128	36.531	60	24.861	2.77E+02
BATS	217	2006	11	8	11/8/06	153100800	31.6667	-64.1667	8.85E+03	22.241	36.6974	80	25.448	6.08E+02
BATS	217	2006	11	8	11/8/06	153100800	31.6667	-64.1667	2.15E+03	20.8033	36.7297	100	25.866	6.84E+02
BATS	217	2006	11	8	11/8/06	153100800	31.6667	-64.1667	1.48E+03	19.9139	36.7006	120	26.095	2.17E+02
BATS	217	2006	11	8	11/8/06	153100800	31.6667	-64.1667	2.65E+02	19.2458	36.6618	140	26.238	3.74E+01
BATS	217	2006	11	8	11/8/06	153100800	31.6667	-64.1667	3.24E+01	18.9491	36.6474	160	26.3	3.66E+00
BATS	217	2006	11	8	11/8/06	153100800	31.6667	-64.1667	3.91E+01	18.7711	36.63015	180	26.3335	6.78E+00
BATS	217	2006	11	8	11/8/06	153100800	31.6667	-64.1667	nd	18.5931	36.6129	200	26.367	nd
BATS	218	2006	12	5	12/5/06	155433600	31.6667	-64.1667	6.03E+02	23.2563	36.4222	1	24.94	5.18E+01
BATS	218	2006	12	5	12/5/06	155433600	31.6667	-64.1667	5.74E+02	23.2585	36.4232	10	24.942	5.59E+01
BATS	218	2006	12	5	12/5/06	155433600	31.6667	-64.1667	6.24E+02	23.2594	36.4277	20	24.943	9.88E+01
BATS	218	2006	12	5	12/5/06	155433600	31.6667	-64.1667	7.17E+02	23.193	36.4443	40	24.98	1.22E+02
BATS	218	2006	12	5	12/5/06	155433600	31.6667	-64.1667	nd	23.0578	36.4715	60	25.039	nd
BATS	218	2006	12	5	12/5/06	155433600	31.6667	-64.1667	6.32E+02	22.8791	36.4603	80	25.083	1.17E+02
BATS	218	2006	12	5	12/5/06	155433600	31.6667	-64.1667	6.33E+02	22.8321	36.4638	100	25.099	5.02E+01
BATS	218	2006	12	5	12/5/06	155433600	31.6667	-64.1667	nd	22.0288	36.6601	120	25.487	nd
BATS	218	2006	12	5	12/5/06	155433600	31.6667	-64.1667	nd	20.2346	36.6989	140	26.003	nd
BATS	218	2006	12	5	12/5/06	155433600	31.6667	-64.1667	1.00E+01	19.5975	36.6818	160	26.161	4.35E+00
BATS	218	2006	12	5	12/5/06	155433600	31.6667	-64.1667	6.50E-01	19.30695	36.6635	180	26.224	nd
BATS	218	2006	12	5	12/5/06	155433600	31.6667	-64.1667	6.50E-01	19.0164	36.6452	200	26.287	nd
BATS	219	2007	1	28	1/28/07	160099200	31.6667	-64.1667	2.38E+03	20.2649	36.6965	1	25.975	4.87E+02
BATS	219	2007	1	28	1/28/07	160099200	31.6667	-64.1667	2.61E+03	19.995	36.6867	10	26.308	4.92E+01
BATS	219	2007	1	28	1/28/07	160099200	31.6667	-64.1667	2.25E+03	20.2668	36.6857	20	25.989	1.80E+02
BATS	219	2007	1	28	1/28/07	160099200	31.6667	-64.1667	2.69E+03	20.2247	36.6751	40	25.981	2.23E+02
BATS	219	2007	1	28	1/28/07	160099200	31.6667	-64.1667	1.70E+03	20.1474	36.6489	60	26.01	2.74E+02
BATS	219	2007	1	28	1/28/07	160099200	31.6667	-64.1667	1.53E+03	20.134	36.6466	80	25.989	7.76E+01
BATS	219	2007	1	28	1/28/07	160099200	31.6667	-64.1667	1.41E+03	20.1179	36.6463	100	26.002	1.52E+02
BATS	219	2007	1	28	1/28/07	160099200	31.6667	-64.1667	1.52E+03	19.8535	36.6533	120	26.244	8.98E+01
BATS	219	2007	1	28	1/28/07	160099200	31.6667	-64.1667	1.10E+03	20.0613	36.6598	140	26.017	1.54E+02
BATS	219	2007	1	28	1/28/07	160099200	31.6667	-64.1667	8.19E+02	19.3345	36.6648	160	26.218	5.13E+01
BATS	219	2007	1	28	1/28/07	160099200	31.6667	-64.1667	1.40E+02	19.0618	36.6436	180	26.318	1.71E+01
BATS	219	2007	1	28	1/28/07	160099200	31.6667	-64.1667	3.27E+01	18.7891	36.6224	200	26.418	1.60E+01
BATS	220	2007	2	22	2/22/07	162259200	31.6667	-64.1667	1.15E+03	19.743	36.6771	1	26.112	3.79E+02
BATS	220	2007	2	22	2/22/07	162259200	31.6667	-64.1667	1.38E+03	19.7484	36.6767	10	26.111	7.84E+01
BATS	220	2007	2	22	2/22/07	162259200	31.6667	-64.1667	nd	19.7429	36.68	20	26.113	nd
BATS	220	2007	2	22	2/22/07	162259200	31.6667	-64.1667	1.34E+03	19.7438	36.6761	40	26.114	2.73E+01
BATS	220	2007	2	22	2/22/07	162259200	31.6667	-64.1667	1.27E+03	19.7488	36.6785	60	26.114	2.76E+02
BATS	220	2007	2	22	2/22/07	162259200	31.6667	-64.1667	nd	19.7518	36.6803	80	26.114	nd
BATS	220	2007	2	22	2/22/07	162259200	31.6667	-64.1667	1.02E+03	19.7559	36.6772	100	26.114	5.01E+02
BATS	220	2007	2	22	2/22/07	162259200	31.6667	-64.1667	nd	19.7488	36.6763	120	26.116	nd
BATS	220	2007	2	22	2/22/07	162259200	31.6667	-64.1667	1.01E+03	19.7355	36.6752	140	26.119	2.64E+02
BATS	220	2007	2	22	2/22/07	162259200	31.6667	-64.1667	2.72E+02	18.8349	36.6142	160	26.305	6.38E+01
BATS	220	2007	2	22	2/22/07	162259200	31.6667	-64.1667	6.50E-01	18.62865	36.6034	180	26.3505	nd
BATS	220	2007	2	22	2/22/07	162259200	31.6667	-64.1667	6.50E-01	18.4224	36.5926	200	26.396	nd
BATS	220.5	2007	3	7	3/7/07	163382400	31.6667	-64.1667	1.05E+03	19.5375	36.6828	1	26.17	1.38E+01
BATS	220.5	2007	3	7	3/7/07	163382400	31.6667	-64.1667	1.19E+03	19.5375	36.6822	10	26.17	2.36E+02
BATS	220.5	2007	3	7	3/7/07	163382400	31.6667	-64.1667	1.01E+03	19.5385	36.6862	20	26.17	2.13E+02
BATS	220.5	2007	3	7	3/7/07	163382400	31.6667	-64.1667	1.50E+03	19.5412	36.6842	40	26.17	1.68E+02
BATS	220.5	2007	3	7	3/7/07	163382400	31.6667	-64.1667	1.85E+03	19.5427	36.6805	60	26.171	2.01E+02
BATS	220.5	2007	3	7	3/7/07	163382400	31.6667	-64.1667	nd	19.5427	36.6801	80	26.172	nd
BATS	220.5	2007	3	7	3/7/07	163382400	31.6667	-64.1667	1.61E+03	19.5464	36.6808	100	26.171	2.22E+02
BATS	220.5	2007	3	7	3/7/07	163382400	31.6667	-64.1667	1.58E+03	19.5503	36.6836	120	26.171	3.90E+02
BATS	220.5	2007	3	7	3/7/07	163382400	31.6667	-64.1667	1.10E+03	19.5514	36.6803	140	26.172	1.96E+02
BATS	220.5	2007	3	7	3/7/07	163382400	31.6667	-64.1667	nd	19.5483	36.6805	160	26.173	nd
BATS	220.5	2007	3	7	3/7/07	163382400	31.6667	-64.1667	nd	19.0219	36.6426	180	26.2795	nd
BATS	220.5	2007	3	7	3/7/07	163382400	31.6667	-64.1667	6.50E-01	18.4955	36.6047	200	26.386	nd
BATS	221	2007	3	21	3/21/07	164592000	31.6667	-64.1667	2.57E+03	19.4963	36.6799	1	26.18	6.51E+02
BATS	221	2007	3	21	3/21/07	164592000	31.6667	-64.1667	nd	19.4926	36.6919	10	26.181	nd
BATS	221	2007	3	21	3/21/07	164592000	31.6667	-64.1667	3.78E+03	19.4873	36.6811	20	26.183	8.22E+02
BATS	221	2007	3	21	3/21/07	164592000	31.6667	-64.1667	4.35E+03	19.4859	36.6803	40	26.184	1.28E+02
BATS	221	2007	3	21	3/21/07	164592000	31.6667	-64.1667	4.32E+03	19.4932	36.6822	60	26.184	1.80E+02
BATS	221	2007	3	21	3/21/07	164592000	31.6667	-64.1667	4.47E+03	19.4858	36.6829	80	26.186	5.12E+02
BATS	221	2007	3	21	3/21/07	164592000	31.6667	-64.1667	nd	19.4872	36.6806	100	26.187	nd
BATS	221	2007	3	21	3/21/07	164592000	31.6667	-64.1667	3.46E+03	19.4702	36.6788	120	26.189	3.67E+02
BATS	221	2007	3	21	3/21/07	164592000	31.6667	-64.1667	3.24E+03	19.4346	36.6723	140	26.196	3.33E+02
BATS	221	2007	3	21	3/21/07	164592000	31.6667	-64.1667	nd	19.4271	36.6791	160	26.204	nd
BATS	221	2007	3	21	3/21/07	164592000	31.6667	-64.1667	9.52E+01	18.92075	36.6316	180	26.2965	2.31E+01
BATS	221	2007	3	21	3/21/07	164592000	31.6667	-64.1667	6.50E-01	18.4144	36.5841	200	26.389	nd
BATS	221.5	2007	4	3	4/3/07	165715200	31.6667	-64.1667	nd	19.4398	36.6971	1	26.206	nd
BATS	221.5	2007	4	3	4/3/07	165715200	31.6667	-64.1667	nd	19.4394	36.6961	10	26.206	nd
BATS	221.5	2007	4	3	4/3/07	165715200	31.6667	-64.1667	nd	19.4295	36.6933	20	26.207	nd
BATS	221.5	2007	4	3	4/3/07	165715200	31.6667	-64.1667	nd	19.431	36.6929	40	26.208	nd
BATS	221.5	2007	4	3	4/3/07	165715200	31.6667	-64.1667	nd	19.4259	36.6897	60	26.209	nd
BATS	221.5	2007	4	3	4/3/07	165715200	31.6667	-64.1667	nd	19.3881	36.682	80	26.212	nd
BATS	221.5	2007	4	3	4/3/07	165715200	31.6667	-64.1667	nd	19.3869	36.6822	100	26.213	nd
BATS	221.5	2007	4	3	4/3/07	165715200	31.6667	-64.1667	nd	19.3878	36.6833	120	26.214	nd
BATS	221.5	2007	4	3	4/3/07	165715200	31.6667	-64.1667	nd	19.3196	36.6739	140	26.226	nd
BATS	221.5	2007	4	3	4/3/07	165715200	31.6667	-64.1667	nd	18.9512	36.6327	160	26.291	nd
BATS	221.5	2007	4	3	4/3/07	165715200	31.6667	-64.1667	nd	18.81295	36.6284	180	26.324	nd
BATS	221.5	2007	4	3	4/3/07	165715200	31.6667	-64.1667	nd	18.6747	36.6241	200	26.357	nd
BATS	222	2007	4	15	4/15/07	166752000	31.6667	-64.1667	7.59E+02	20.5865	36.7499	1	25.943	5.82E+01
BATS	222	2007	4	15	4/15/07	166752000	31.6667	-64.1667	9.21E+02	20.3897	36.745	10	25.993	9.59E+01
BATS	222	2007	4	15	4/15/07	166752000	31.6667	-64.1667	6.97E+02	20.3495	36.7418	20	26.001	6.74E+01
BATS	222	2007	4	15	4/15/07	166752000	31.6667	-64.1667	1.87E+03	19.7707	36.6857	40	26.113	3.72E+02
BATS	222	2007	4	15	4/15/07	166752000	31.6667	-64.1667	1.93E+04	19.526	36.6885	60	26.18	4.12E+02
BATS	222	2007	4	15	4/15/07	166752000	31.6667	-64.1667	1.19E+04	19.4105	36.6913	80	26.21	8.79E+02
BATS	222	2007	4	15	4/15/07	166752000	31.6667	-64.1667	1.69E+03	19.4021	36.685	100	26.212	4.69E+01
BATS	222	2007	4	15	4/15/07	166752000	31.6667	-64.1667	6.50E+02	19.3928	36.686	120	26.214	9.27E+01
BATS	222	2007	4	15	4/15/07	166752000	31.6667	-64.1667	2.27E+02	19.1478	36.6613	140	26.258	5.15E+01
BATS	222	2007	4	15	4/15/07	166752000	31.6667	-64.1667	1.46E+02	18.7483	36.627	160	26.329	3.46E+01
BATS	222	2007	4	15	4/15/07	166752000	31.6667	-64.1667	nd	18.54485	36.6012	180	26.3665	nd
BATS	222	2007	4	15	4/15/07	166752000	31.6667	-64.1667	6.50E-01	18.3414	36.5754	200	26.404	nd
BATS	223	2007	5	17	5/17/07	169516800	31.6667	-64.1667	nd	21.4191	36.7566	1	25.719	nd
BATS	223	2007	5	17	5/17/07	169516800	31.6667	-64.1667	1.71E+02	21.4236	36.7567	10	25.718	4.76E+01
BATS	223	2007	5	17	5/17/07	169516800	31.6667	-64.1667	nd	21.4111	36.7566	20	25.721	nd
BATS	223	2007	5	17	5/17/07	169516800	31.6667	-64.1667	1.17E+03	20.6341	36.7322	40	25.914	3.73E+02
BATS	223	2007	5	17	5/17/07	169516800	31.6667	-64.1667	2.86E+03	19.8934	36.7164	60	26.104	1.02E+03
BATS	223	2007	5	17	5/17/07	169516800	31.6667	-64.1667	6.05E+03	19.4204	36.6814	80	26.2	3.47E+02
BATS	223	2007	5	17	5/17/07	169516800	31.6667	-64.1667	7.18E+03	19.0724	36.6589	100	26.276	1.33E+02
BATS	223	2007	5	17	5/17/07	169516800	31.6667	-64.1667	3.28E+03	18.8175	36.6234	120	26.316	7.31E+02
BATS	223	2007	5	17	5/17/07	169516800	31.6667	-64.1667	3.15E+02	18.6056	36.6062	140	26.359	2.12E+01
BATS	223	2007	5	17	5/17/07	169516800	31.6667	-64.1667	nd	18.4861	36.595	160	26.381	nd
BATS	223	2007	5	17	5/17/07	169516800	31.6667	-64.1667	1.71E+01	18.4309	36.59485	180	26.3965	4.07E+00
BATS	223	2007	5	17	5/17/07	169516800	31.6667	-64.1667	6.50E-01	18.3757	36.5947	200	26.412	nd
BATS	224	2007	6	21	6/21/07	172540800	31.6667	-64.1667	6.50E-01	23.6152	36.5938	1	24.964	nd
BATS	224	2007	6	21	6/21/07	172540800	31.6667	-64.1667	6.50E-01	23.521	36.5933	10	24.993	nd
BATS	224	2007	6	21	6/21/07	172540800	31.6667	-64.1667	6.50E-01	22.6926	36.6918	20	25.312	nd
BATS	224	2007	6	21	6/21/07	172540800	31.6667	-64.1667	nd	21.0972	36.7718	40	25.819	nd
BATS	224	2007	6	21	6/21/07	172540800	31.6667	-64.1667	3.01E+02	20.5172	36.7608	60	25.969	4.50E+01
BATS	224	2007	6	21	6/21/07	172540800	31.6667	-64.1667	1.71E+03	20.0863	36.7397	80	26.073	6.32E+02
BATS	224	2007	6	21	6/21/07	172540800	31.6667	-64.1667	nd	19.7736	36.7164	100	26.139	nd
BATS	224	2007	6	21	6/21/07	172540800	31.6667	-64.1667	1.33E+04	19.4211	36.6785	120	26.201	4.61E+03
BATS	224	2007	6	21	6/21/07	172540800	31.6667	-64.1667	2.37E+03	19.2001	36.6597	140	26.245	1.88E+02
BATS	224	2007	6	21	6/21/07	172540800	31.6667	-64.1667	4.95E+01	19.1125	36.6579	160	26.269	1.37E+01
BATS	224	2007	6	21	6/21/07	172540800	31.6667	-64.1667	1.10E+01	19.0341	36.65535	180	26.2875	3.65E+00
BATS	224	2007	6	21	6/21/07	172540800	31.6667	-64.1667	6.50E-01	18.9557	36.6528	200	26.306	nd
BATS	225	2007	7	19	7/19/07	174960000	31.6667	-64.1667	6.50E-01	26.9097	36.5746	1	23.935	nd
BATS	225	2007	7	19	7/19/07	174960000	31.6667	-64.1667	6.50E-01	26.6272	36.5625	10	24.015	nd
BATS	225	2007	7	19	7/19/07	174960000	31.6667	-64.1667	6.50E-01	24.6801	36.5555	20	24.618	nd
BATS	225	2007	7	19	7/19/07	174960000	31.6667	-64.1667	4.91E+01	22.4122	36.6175	40	25.332	1.59E+01
BATS	225	2007	7	19	7/19/07	174960000	31.6667	-64.1667	2.87E+03	20.787	36.6656	60	25.825	6.11E+02
BATS	225	2007	7	19	7/19/07	174960000	31.6667	-64.1667	1.24E+04	19.9131	36.682	80	26.076	4.28E+03
BATS	225	2007	7	19	7/19/07	174960000	31.6667	-64.1667	5.85E+03	18.9855	36.6347	100	26.282	5.70E+02
BATS	225	2007	7	19	7/19/07	174960000	31.6667	-64.1667	8.98E+02	18.7008	36.6322	120	26.353	1.06E+02
BATS	225	2007	7	19	7/19/07	174960000	31.6667	-64.1667	2.71E+02	18.5116	36.6238	140	26.397	2.35E+01
BATS	225	2007	7	19	7/19/07	174960000	31.6667	-64.1667	8.46E+00	18.3742	36.6144	160	26.424	4.01E+00
BATS	225	2007	7	19	7/19/07	174960000	31.6667	-64.1667	6.50E-01	18.3125	36.60965	180	26.436	nd
BATS	225	2007	7	19	7/19/07	174960000	31.6667	-64.1667	6.50E-01	18.2508	36.6049	200	26.448	nd
BATS	226	2007	8	17	8/17/07	177465600	31.6667	-64.1667	6.50E-01	27.6923	36.4578	1	23.596	nd
BATS	226	2007	8	17	8/17/07	177465600	31.6667	-64.1667	6.50E-01	27.6027	36.4678	10	23.63	nd
BATS	226	2007	8	17	8/17/07	177465600	31.6667	-64.1667	6.50E-01	26.8608	36.4494	20	23.866	nd
BATS	226	2007	8	17	8/17/07	177465600	31.6667	-64.1667	1.15E+01	23.298	36.6971	40	25.144	4.25E+00
BATS	226	2007	8	17	8/17/07	177465600	31.6667	-64.1667	6.85E+03	21.2098	36.7535	60	25.777	6.67E+02
BATS	226	2007	8	17	8/17/07	177465600	31.6667	-64.1667	1.63E+04	20.1368	36.7372	80	26.055	3.28E+03
BATS	226	2007	8	17	8/17/07	177465600	31.6667	-64.1667	nd	19.5221	36.6876	100	26.182	nd
BATS	226	2007	8	17	8/17/07	177465600	31.6667	-64.1667	5.16E+02	19.1036	36.6507	120	26.265	2.53E+01
BATS	226	2007	8	17	8/17/07	177465600	31.6667	-64.1667	1.45E+02	18.8402	36.6357	140	26.323	2.60E+01
BATS	226	2007	8	17	8/17/07	177465600	31.6667	-64.1667	6.78E+01	18.6339	36.6149	160	26.36	1.42E+01
BATS	226	2007	8	17	8/17/07	177465600	31.6667	-64.1667	1.11E+01	18.4867	36.6041	180	26.3885	3.84E+00
BATS	226	2007	8	17	8/17/07	177465600	31.6667	-64.1667	6.50E-01	18.3395	36.5933	200	26.417	nd
BATS	227	2007	9	8	9/8/07	179366400	31.6667	-64.1667	6.50E-01	26.8626	36.2975	1	23.749	nd
BATS	227	2007	9	8	9/8/07	179366400	31.6667	-64.1667	nd	26.7698	36.2997	10	23.78	nd
BATS	227	2007	9	8	9/8/07	179366400	31.6667	-64.1667	6.50E-01	26.7609	36.3001	20	23.786	nd
BATS	227	2007	9	8	9/8/07	179366400	31.6667	-64.1667	nd	25.577	36.5061	40	24.32	nd
BATS	227	2007	9	8	9/8/07	179366400	31.6667	-64.1667	8.82E+03	23.3341	36.6653	60	25.116	6.78E+02
BATS	227	2007	9	8	9/8/07	179366400	31.6667	-64.1667	7.42E+03	21.5043	36.6934	80	25.652	6.38E+02
BATS	227	2007	9	8	9/8/07	179366400	31.6667	-64.1667	3.27E+03	20.4272	36.6962	100	25.945	1.58E+02
BATS	227	2007	9	8	9/8/07	179366400	31.6667	-64.1667	1.04E+03	19.6668	36.6705	120	26.138	1.13E+02
BATS	227	2007	9	8	9/8/07	179366400	31.6667	-64.1667	1.50E+02	19.1988	36.6594	140	26.251	4.67E+01
BATS	227	2007	9	8	9/8/07	179366400	31.6667	-64.1667	9.81E+01	18.831	36.638	160	26.333	8.22E+00
BATS	227	2007	9	8	9/8/07	179366400	31.6667	-64.1667	2.92E+01	18.6139	36.63385	180	26.3775	9.39E+00
BATS	227	2007	9	8	9/8/07	179366400	31.6667	-64.1667	6.50E-01	18.3968	36.6297	200	26.422	nd
BATS	228	2007	10	6	10/6/07	181785600	31.6667	-64.1667	6.50E-01	26.7431	36.4482	1	23.9	nd
BATS	228	2007	10	6	10/6/07	181785600	31.6667	-64.1667	6.50E-01	26.7428	36.4478	10	23.901	nd
BATS	228	2007	10	6	10/6/07	181785600	31.6667	-64.1667	6.50E-01	26.7406	36.4503	20	23.902	nd
BATS	228	2007	10	6	10/6/07	181785600	31.6667	-64.1667	6.50E-01	26.7327	36.4487	40	23.906	nd
BATS	228	2007	10	6	10/6/07	181785600	31.6667	-64.1667	6.35E+01	23.5705	36.6506	60	25.036	1.39E+01
BATS	228	2007	10	6	10/6/07	181785600	31.6667	-64.1667	9.42E+03	21.8925	36.6892	80	25.544	4.72E+03
BATS	228	2007	10	6	10/6/07	181785600	31.6667	-64.1667	7.08E+03	20.7023	36.6887	100	25.873	2.20E+03
BATS	228	2007	10	6	10/6/07	181785600	31.6667	-64.1667	5.34E+02	19.8924	36.6815	120	26.087	1.61E+02
BATS	228	2007	10	6	10/6/07	181785600	31.6667	-64.1667	1.74E+02	19.4544	36.6781	140	26.198	1.11E+01
BATS	228	2007	10	6	10/6/07	181785600	31.6667	-64.1667	5.50E+01	19.0535	36.6521	160	26.286	1.95E+01
BATS	228	2007	10	6	10/6/07	181785600	31.6667	-64.1667	2.71E+01	18.85035	36.64285	180	26.332	1.13E+01
BATS	228	2007	10	6	10/6/07	181785600	31.6667	-64.1667	6.50E-01	18.6472	36.6336	200	26.378	nd
BATS	229	2007	11	14	11/14/07	185155200	31.6667	-64.1667	2.63E+02	nd	nd	1	nd	9.59E+01
BATS	229	2007	11	14	11/14/07	185155200	31.6667	-64.1667	nd	nd	nd	10	nd	nd
BATS	229	2007	11	14	11/14/07	185155200	31.6667	-64.1667	4.95E+02	nd	nd	20	nd	1.92E+01
BATS	229	2007	11	14	11/14/07	185155200	31.6667	-64.1667	3.40E+02	nd	nd	40	nd	4.89E+01
BATS	229	2007	11	14	11/14/07	185155200	31.6667	-64.1667	8.94E+02	nd	nd	60	nd	1.23E+02
BATS	229	2007	11	14	11/14/07	185155200	31.6667	-64.1667	8.45E+03	nd	nd	80	nd	5.36E+02
BATS	229	2007	11	14	11/14/07	185155200	31.6667	-64.1667	4.29E+02	nd	nd	100	nd	4.84E+01
BATS	229	2007	11	14	11/14/07	185155200	31.6667	-64.1667	4.37E+02	nd	nd	120	nd	7.20E+01
BATS	229	2007	11	14	11/14/07	185155200	31.6667	-64.1667	5.41E+01	nd	nd	140	nd	8.84E+00
BATS	229	2007	11	14	11/14/07	185155200	31.6667	-64.1667	6.50E-01	nd	nd	160	nd	nd
BATS	229	2007	11	14	11/14/07	185155200	31.6667	-64.1667	6.50E-01	nd	nd	180	nd	nd
BATS	229	2007	11	14	11/14/07	185155200	31.6667	-64.1667	6.50E-01	nd	nd	200	nd	nd
BATS	230	2007	12	6	12/6/07	187056000	31.6667	-64.1667	1.51E+03	nd	nd	1	nd	1.12E+02
BATS	230	2007	12	6	12/6/07	187056000	31.6667	-64.1667	1.19E+03	nd	nd	10	nd	3.25E+02
BATS	230	2007	12	6	12/6/07	187056000	31.6667	-64.1667	1.48E+03	nd	nd	20	nd	2.86E+02
BATS	230	2007	12	6	12/6/07	187056000	31.6667	-64.1667	1.19E+03	nd	nd	40	nd	2.25E+02
BATS	230	2007	12	6	12/6/07	187056000	31.6667	-64.1667	1.12E+03	nd	nd	60	nd	9.50E+01
BATS	230	2007	12	6	12/6/07	187056000	31.6667	-64.1667	8.95E+03	nd	nd	80	nd	7.62E+02
BATS	230	2007	12	6	12/6/07	187056000	31.6667	-64.1667	1.27E+03	nd	nd	100	nd	1.35E+02
BATS	230	2007	12	6	12/6/07	187056000	31.6667	-64.1667	2.52E+02	nd	nd	120	nd	1.09E+02
BATS	230	2007	12	6	12/6/07	187056000	31.6667	-64.1667	8.85E+01	nd	nd	140	nd	3.18E+01
BATS	230	2007	12	6	12/6/07	187056000	31.6667	-64.1667	1.19E+01	nd	nd	160	nd	1.68E+00
BATS	230	2007	12	6	12/6/07	187056000	31.6667	-64.1667	6.50E-01	nd	nd	180	nd	nd
BATS	230	2007	12	6	12/6/07	187056000	31.6667	-64.1667	6.50E-01	nd	nd	200	nd	nd