site	cruiseid	year	month	day	date	yrday_gmt	lat	lon	LLI_narB[cells/mL]	temp	sal	depth[m]	sigma_0	standard_deviation[cells/mL]
HOT	174	2005	10	8	10/8/05	118886400	22.75	-158	6.50E-01	26.25405	35.1754	5	23.0885	nd
HOT	174	2005	10	8	10/8/05	118886400	22.75	-158	6.50E-01	26.25405	35.1755	25	23.09	nd
HOT	174	2005	10	8	10/8/05	118886400	22.75	-158	nd	26.25265	35.17535	45	23.092	nd
HOT	174	2005	10	8	10/8/05	118886400	22.75	-158	6.50E-01	26.2519	35.1763	60	23.0935	nd
HOT	174	2005	10	8	10/8/05	118886400	22.75	-158	6.50E-01	25.9974	35.1785	75	23.176	nd
HOT	174	2005	10	8	10/8/05	118886400	22.75	-158	2.66E+01	25.0553	35.17235	85	23.462	1.28E+01
HOT	174	2005	10	8	10/8/05	118886400	22.75	-158	2.39E+04	23.56525	35.1773	100	23.9115	6.08E+03
HOT	174	2005	10	8	10/8/05	118886400	22.75	-158	3.95E+04	22.64735	35.19795	115	24.193	5.63E+03
HOT	174	2005	10	8	10/8/05	118886400	22.75	-158	3.66E+04	22.0517	35.2008	125	24.364	2.73E+03
HOT	174	2005	10	8	10/8/05	118886400	22.75	-158	9.20E+03	20.5773	35.12525	150	24.713	2.16E+03
HOT	174	2005	10	8	10/8/05	118886400	22.75	-158	1.70E+03	19.2756	35.011	175	24.968	1.60E+02
HOT	174	2005	10	8	10/8/05	118886400	22.75	-158	6.50E+01	18.106	34.8922	200	25.173	1.55E+01
HOT	175	2005	11	12	11/12/05	121910400	22.75	-158	2.08E+01	25.27745	35.0801	5	23.3195	5.66E+00
HOT	175	2005	11	12	11/12/05	121910400	22.75	-158	5.05E+01	25.28	35.0802	25	23.32	1.77E+01
HOT	175	2005	11	12	11/12/05	121910400	22.75	-158	6.80E+01	25.27885	35.0848	45	23.325	2.73E+01
HOT	175	2005	11	12	11/12/05	121910400	22.75	-158	2.26E+01	25.2777	35.0876	60	23.3285	3.96E+00
HOT	175	2005	11	12	11/12/05	121910400	22.75	-158	7.52E+01	25.22485	35.0992	75	23.3545	1.72E+01
HOT	175	2005	11	12	11/12/05	121910400	22.75	-158	7.27E+02	24.4633	35.10175	85	23.5875	1.33E+02
HOT	175	2005	11	12	11/12/05	121910400	22.75	-158	3.11E+04	23.39295	35.12365	100	23.921	5.83E+03
HOT	175	2005	11	12	11/12/05	121910400	22.75	-158	2.14E+04	22.8093	35.1515	115	24.112	5.56E+03
HOT	175	2005	11	12	11/12/05	121910400	22.75	-158	1.40E+04	22.4639	35.16315	125	24.2195	1.15E+03
HOT	175	2005	11	12	11/12/05	121910400	22.75	-158	1.52E+03	21.6528	35.17895	150	24.4605	1.73E+02
HOT	175	2005	11	12	11/12/05	121910400	22.75	-158	1.88E+02	21.02695	35.1564	175	24.616	2.50E+01
HOT	175	2005	11	12	11/12/05	121910400	22.75	-158	2.38E+01	19.98665	35.0378	200	24.805	4.86E+00
HOT	176	2005	12	13	12/13/05	124588800	22.75	-158	9.60E+01	24.9411	35.18485	5	23.501	4.14E+01
HOT	176	2005	12	13	12/13/05	124588800	22.75	-158	1.39E+02	24.94765	35.1847	25	23.5	4.42E+01
HOT	176	2005	12	13	12/13/05	124588800	22.75	-158	3.47E+01	24.945	35.2107	45	23.522	1.69E+01
HOT	176	2005	12	13	12/13/05	124588800	22.75	-158	nd	24.9565	35.2376	60	23.54	nd
HOT	176	2005	12	13	12/13/05	124588800	22.75	-158	nd	24.9705	35.2784	75	23.5675	nd
HOT	176	2005	12	13	12/13/05	124588800	22.75	-158	3.34E+02	24.9804	35.30105	85	23.5825	9.18E+01
HOT	176	2005	12	13	12/13/05	124588800	22.75	-158	3.91E+03	24.39575	35.2807	100	23.744	1.65E+03
HOT	176	2005	12	13	12/13/05	124588800	22.75	-158	5.32E+03	23.2516	35.2117	115	24.0295	1.25E+03
HOT	176	2005	12	13	12/13/05	124588800	22.75	-158	2.98E+03	22.55055	35.18635	125	24.2125	8.24E+02
HOT	176	2005	12	13	12/13/05	124588800	22.75	-158	2.57E+02	21.30765	35.14925	150	24.5325	8.61E+01
HOT	176	2005	12	13	12/13/05	124588800	22.75	-158	3.36E+01	20.1248	35.0651	175	24.788	1.44E+01
HOT	176	2005	12	13	12/13/05	124588800	22.75	-158	6.50E-01	18.7262	34.8682	200	25	nd
HOT	177	2006	1	25	1/25/06	128304000	22.75	-158	9.42E+02	23.5587	35.264	5	23.9735	4.45E+02
HOT	177	2006	1	25	1/25/06	128304000	22.75	-158	1.00E+03	23.55465	35.26365	25	23.9755	2.96E+02
HOT	177	2006	1	25	1/25/06	128304000	22.75	-158	7.35E+02	23.53975	35.2641	45	23.9815	1.47E+02
HOT	177	2006	1	25	1/25/06	128304000	22.75	-158	8.07E+02	23.5207	35.2664	60	23.9895	2.87E+02
HOT	177	2006	1	25	1/25/06	128304000	22.75	-158	5.06E+02	23.50985	35.26915	75	23.9955	1.87E+02
HOT	177	2006	1	25	1/25/06	128304000	22.75	-158	4.47E+02	23.49965	35.2725	85	24.002	1.33E+02
HOT	177	2006	1	25	1/25/06	128304000	22.75	-158	5.67E+02	23.4595	35.2804	100	24.0205	1.38E+02
HOT	177	2006	1	25	1/25/06	128304000	22.75	-158	3.44E+02	23.30265	35.2858	115	24.0715	1.12E+02
HOT	177	2006	1	25	1/25/06	128304000	22.75	-158	5.31E+02	23.07445	35.28475	125	24.137	1.14E+02
HOT	177	2006	1	25	1/25/06	128304000	22.75	-158	2.14E+03	22.3017	35.26145	150	24.3415	5.34E+02
HOT	177	2006	1	25	1/25/06	128304000	22.75	-158	4.56E+02	20.8853	35.1215	175	24.628	8.06E+01
HOT	177	2006	1	25	1/25/06	128304000	22.75	-158	1.16E+01	19.2925	34.9904	200	24.9495	4.20E+00
HOT	178	2006	2	15	2/15/06	130118400	22.75	-158	1.72E+03	23.1332	35.20415	5	24.052	2.39E+02
HOT	178	2006	2	15	2/15/06	130118400	22.75	-158	1.87E+03	23.11835	35.20645	25	24.059	4.00E+02
HOT	178	2006	2	15	2/15/06	130118400	22.75	-158	2.27E+03	23.10565	35.20965	45	24.0665	2.66E+02
HOT	178	2006	2	15	2/15/06	130118400	22.75	-158	nd	23.10045	35.21175	60	24.0705	nd
HOT	178	2006	2	15	2/15/06	130118400	22.75	-158	3.26E+03	23.0548	35.2177	75	24.0885	5.42E+02
HOT	178	2006	2	15	2/15/06	130118400	22.75	-158	3.33E+03	22.9726	35.21425	85	24.1105	4.45E+02
HOT	178	2006	2	15	2/15/06	130118400	22.75	-158	6.70E+03	22.5556	35.21925	100	24.2345	7.26E+02
HOT	178	2006	2	15	2/15/06	130118400	22.75	-158	2.42E+03	21.96965	35.19	115	24.3785	6.40E+02
HOT	178	2006	2	15	2/15/06	130118400	22.75	-158	9.13E+02	21.32235	35.11755	125	24.5035	3.52E+02
HOT	178	2006	2	15	2/15/06	130118400	22.75	-158	6.50E-01	19.29295	34.82595	150	24.821	nd
HOT	178	2006	2	15	2/15/06	130118400	22.75	-158	6.50E-01	17.6696	34.6354	175	25.082	nd
HOT	178	2006	2	15	2/15/06	130118400	22.75	-158	6.50E-01	15.76415	34.4049	200	25.351	nd
HOT	179	2006	3	10	3/10/06	132105600	22.75	-158	6.24E+02	23.2674	35.09715	5	23.932	9.43E+01
HOT	179	2006	3	10	3/10/06	132105600	22.75	-158	7.25E+02	23.2695	35.10015	25	23.9345	7.41E+01
HOT	179	2006	3	10	3/10/06	132105600	22.75	-158	7.61E+02	23.11695	35.13025	45	24.003	9.13E+01
HOT	179	2006	3	10	3/10/06	132105600	22.75	-158	8.23E+02	22.973	35.15445	60	24.0635	5.03E+01
HOT	179	2006	3	10	3/10/06	132105600	22.75	-158	1.13E+03	22.8424	35.17	75	24.1135	2.00E+02
HOT	179	2006	3	10	3/10/06	132105600	22.75	-158	nd	22.78565	35.18495	85	24.142	nd
HOT	179	2006	3	10	3/10/06	132105600	22.75	-158	9.48E+02	22.73405	35.21965	100	24.184	6.86E+01
HOT	179	2006	3	10	3/10/06	132105600	22.75	-158	5.38E+03	22.6513	35.2423	115	24.226	1.57E+03
HOT	179	2006	3	10	3/10/06	132105600	22.75	-158	5.27E+03	22.53695	35.25545	125	24.2685	7.85E+02
HOT	179	2006	3	10	3/10/06	132105600	22.75	-158	8.23E+02	21.94075	35.2466	150	24.4315	2.41E+02
HOT	179	2006	3	10	3/10/06	132105600	22.75	-158	3.06E+02	20.7205	35.11495	175	24.667	5.75E+01
HOT	179	2006	3	10	3/10/06	132105600	22.75	-158	1.12E+02	19.21345	34.934	200	24.926	2.87E+01
HOT	180	2006	4	2	4/2/06	134092800	22.75	-158	3.10E+01	23.6137	34.8347	5	23.6315	1.11E+01
HOT	180	2006	4	2	4/2/06	134092800	22.75	-158	2.83E+01	23.4793	34.88605	25	23.7115	7.21E+00
HOT	180	2006	4	2	4/2/06	134092800	22.75	-158	7.87E+02	23.2829	35.0427	45	23.8885	8.36E+01
HOT	180	2006	4	2	4/2/06	134092800	22.75	-158	2.28E+03	23.1966	35.0985	60	23.9565	1.10E+03
HOT	180	2006	4	2	4/2/06	134092800	22.75	-158	8.01E+03	23.1131	35.1353	75	24.0095	4.25E+02
HOT	180	2006	4	2	4/2/06	134092800	22.75	-158	1.06E+04	23.02545	35.16925	85	24.061	4.43E+02
HOT	180	2006	4	2	4/2/06	134092800	22.75	-158	6.17E+03	22.8678	35.20825	100	24.137	5.29E+02
HOT	180	2006	4	2	4/2/06	134092800	22.75	-158	4.24E+03	22.688	35.23725	115	24.2115	8.47E+01
HOT	180	2006	4	2	4/2/06	134092800	22.75	-158	6.87E+02	22.5643	35.2549	125	24.2605	1.03E+02
HOT	180	2006	4	2	4/2/06	134092800	22.75	-158	1.24E+03	22.27195	35.2734	150	24.359	3.06E+02
HOT	180	2006	4	2	4/2/06	134092800	22.75	-158	4.86E+02	21.8258	35.25675	175	24.4725	6.20E+01
HOT	180	2006	4	2	4/2/06	134092800	22.75	-158	1.21E+02	20.92385	35.15175	200	24.642	3.96E+01
HOT	181	2006	5	27	5/27/06	138844800	22.75	-158	6.50E-01	23.77715	35.21855	5	23.8745	nd
HOT	181	2006	5	27	5/27/06	138844800	22.75	-158	4.07E+01	23.4776	35.20715	25	23.9555	1.01E+01
HOT	181	2006	5	27	5/27/06	138844800	22.75	-158	1.03E+02	23.24255	35.2043	45	24.0225	3.01E+01
HOT	181	2006	5	27	5/27/06	138844800	22.75	-158	2.25E+03	22.7994	35.2013	60	24.149	1.63E+02
HOT	181	2006	5	27	5/27/06	138844800	22.75	-158	3.87E+03	22.0396	35.18685	75	24.3545	1.27E+02
HOT	181	2006	5	27	5/27/06	138844800	22.75	-158	9.44E+03	21.64575	35.20215	85	24.4765	1.85E+03
HOT	181	2006	5	27	5/27/06	138844800	22.75	-158	6.90E+03	21.17	35.22915	100	24.629	7.27E+02
HOT	181	2006	5	27	5/27/06	138844800	22.75	-158	6.06E+03	20.91095	35.2515	115	24.7165	9.99E+02
HOT	181	2006	5	27	5/27/06	138844800	22.75	-158	1.91E+03	20.7024	35.24995	125	24.7725	4.42E+02
HOT	181	2006	5	27	5/27/06	138844800	22.75	-158	3.79E+02	19.298	35.01505	150	24.9645	1.52E+02
HOT	181	2006	5	27	5/27/06	138844800	22.75	-158	8.63E+01	17.56115	34.78015	175	25.219	1.66E+01
HOT	181	2006	5	27	5/27/06	138844800	22.75	-158	8.89E+00	16.1026	34.62485	200	25.4435	1.74E+00
HOT	182	2006	6	14	6/14/06	140400000	22.75	-158	6.50E-01	25.89475	34.84045	5	22.948	nd
HOT	182	2006	6	14	6/14/06	140400000	22.75	-158	6.50E-01	25.7102	34.8856	25	23.0405	nd
HOT	182	2006	6	14	6/14/06	140400000	22.75	-158	6.50E-01	23.84405	35.1818	45	23.8295	nd
HOT	182	2006	6	14	6/14/06	140400000	22.75	-158	1.21E+02	23.44285	35.2108	60	23.97	2.41E+01
HOT	182	2006	6	14	6/14/06	140400000	22.75	-158	2.62E+02	23.1722	35.2248	75	24.0605	2.69E+01
HOT	182	2006	6	14	6/14/06	140400000	22.75	-158	1.53E+02	22.881	35.22585	85	24.1455	4.68E+01
HOT	182	2006	6	14	6/14/06	140400000	22.75	-158	3.02E+02	22.28315	35.21925	100	24.312	3.71E+01
HOT	182	2006	6	14	6/14/06	140400000	22.75	-158	4.90E+02	21.6533	35.19545	115	24.4705	5.05E+01
HOT	182	2006	6	14	6/14/06	140400000	22.75	-158	3.17E+03	21.18645	35.163	125	24.575	1.83E+02
HOT	182	2006	6	14	6/14/06	140400000	22.75	-158	3.98E+03	19.9047	35.0339	150	24.8215	5.24E+02
HOT	182	2006	6	14	6/14/06	140400000	22.75	-158	2.91E+02	18.57975	34.8943	175	25.0555	1.35E+02
HOT	182	2006	6	14	6/14/06	140400000	22.75	-158	4.63E+01	17.21275	34.76265	200	25.2905	1.77E+01
HOT	183	2006	7	13	7/13/06	142905600	22.75	-158	6.50E-01	25.31635	34.90445	5	23.175	nd
HOT	183	2006	7	13	7/13/06	142905600	22.75	-158	6.50E-01	25.313	34.90485	25	23.1775	nd
HOT	183	2006	7	13	7/13/06	142905600	22.75	-158	8.07E+00	25.2383	34.91035	45	23.2055	1.18E-01
HOT	183	2006	7	13	7/13/06	142905600	22.75	-158	6.50E-01	24.62925	34.97345	60	23.439	nd
HOT	183	2006	7	13	7/13/06	142905600	22.75	-158	5.53E+01	23.6996	35.08205	75	23.7985	1.93E+01
HOT	183	2006	7	13	7/13/06	142905600	22.75	-158	2.02E+03	23.33845	35.1056	85	23.9225	2.47E+02
HOT	183	2006	7	13	7/13/06	142905600	22.75	-158	1.20E+04	22.9425	35.15855	100	24.078	7.27E+02
HOT	183	2006	7	13	7/13/06	142905600	22.75	-158	5.23E+03	22.63845	35.18895	115	24.1885	5.99E+02
HOT	183	2006	7	13	7/13/06	142905600	22.75	-158	3.88E+03	22.4092	35.20245	125	24.265	4.35E+02
HOT	183	2006	7	13	7/13/06	142905600	22.75	-158	4.45E+02	21.7672	35.21965	150	24.4595	9.23E+01
HOT	183	2006	7	13	7/13/06	142905600	22.75	-158	1.40E+02	20.9454	35.1674	175	24.6465	1.39E+01
HOT	183	2006	7	13	7/13/06	142905600	22.75	-158	1.00E+02	19.6652	35.00425	200	24.8635	2.21E+01
HOT	184	2006	8	9	8/9/06	145238400	22.75	-158	6.50E-01	26.3379	34.8849	5	22.843	nd
HOT	184	2006	8	9	8/9/06	145238400	22.75	-158	6.50E-01	26.32845	34.88535	25	22.8475	nd
HOT	184	2006	8	9	8/9/06	145238400	22.75	-158	8.36E+00	25.64395	35.0769	45	23.207	5.34E-01
HOT	184	2006	8	9	8/9/06	145238400	22.75	-158	7.85E+01	24.2796	35.1652	60	23.6885	1.46E+01
HOT	184	2006	8	9	8/9/06	145238400	22.75	-158	1.73E+03	23.4493	35.19225	75	23.955	2.30E+02
HOT	184	2006	8	9	8/9/06	145238400	22.75	-158	4.24E+03	23.13615	35.2068	85	24.0575	6.65E+02
HOT	184	2006	8	9	8/9/06	145238400	22.75	-158	6.88E+03	22.655	35.2217	100	24.2085	1.38E+02
HOT	184	2006	8	9	8/9/06	145238400	22.75	-158	2.83E+03	22.2748	35.22525	115	24.3195	3.56E+02
HOT	184	2006	8	9	8/9/06	145238400	22.75	-158	9.58E+02	21.94395	35.2199	125	24.409	1.97E+02
HOT	184	2006	8	9	8/9/06	145238400	22.75	-158	1.48E+02	20.82855	35.1465	150	24.661	5.70E+01
HOT	184	2006	8	9	8/9/06	145238400	22.75	-158	7.67E+01	19.609	35.01055	175	24.8815	1.27E+01
HOT	184	2006	8	9	8/9/06	145238400	22.75	-158	1.28E+01	18.15945	34.82255	200	25.1065	1.90E+00
HOT	185	2006	9	16	9/16/06	148521600	22.75	-158	6.50E-01	26.51775	35.16625	5	22.9985	nd
HOT	185	2006	9	16	9/16/06	148521600	22.75	-158	nd	26.4733	35.1724	25	23.0185	nd
HOT	185	2006	9	16	9/16/06	148521600	22.75	-158	6.50E-01	26.36275	35.19315	45	23.0705	nd
HOT	185	2006	9	16	9/16/06	148521600	22.75	-158	nd	25.0901	35.16675	60	23.4455	nd
HOT	185	2006	9	16	9/16/06	148521600	22.75	-158	1.07E+02	23.6273	35.17375	75	23.889	2.44E+01
HOT	185	2006	9	16	9/16/06	148521600	22.75	-158	1.51E+03	23.24545	35.19065	85	24.0135	5.96E+01
HOT	185	2006	9	16	9/16/06	148521600	22.75	-158	1.44E+04	22.7856	35.2131	100	24.164	2.28E+03
HOT	185	2006	9	16	9/16/06	148521600	22.75	-158	8.54E+03	22.4358	35.2367	115	24.2825	1.34E+03
HOT	185	2006	9	16	9/16/06	148521600	22.75	-158	3.69E+03	22.21725	35.24995	125	24.355	2.11E+02
HOT	185	2006	9	16	9/16/06	148521600	22.75	-158	1.37E+02	21.28275	35.2071	150	24.5835	4.54E+01
HOT	185	2006	9	16	9/16/06	148521600	22.75	-158	4.94E+01	20.12145	35.08565	175	24.805	9.00E+00
HOT	185	2006	9	16	9/16/06	148521600	22.75	-158	6.50E-01	18.6243	34.9067	200	25.055	nd
HOT	186	2006	10	20	10/20/06	151459200	22.75	-158	6.50E-01	26.246	35.1355	5	23.061	nd
HOT	186	2006	10	20	10/20/06	151459200	22.75	-158	6.50E-01	26.19465	35.13875	25	23.081	nd
HOT	186	2006	10	20	10/20/06	151459200	22.75	-158	6.50E-01	25.94845	35.16065	45	23.176	nd
HOT	186	2006	10	20	10/20/06	151459200	22.75	-158	6.50E-01	24.94805	35.15755	60	23.4815	nd
HOT	186	2006	10	20	10/20/06	151459200	22.75	-158	9.49E+00	23.3614	35.18485	75	23.975	4.09E+00
HOT	186	2006	10	20	10/20/06	151459200	22.75	-158	3.21E+02	22.882	35.2263	85	24.146	5.89E+01
HOT	186	2006	10	20	10/20/06	151459200	22.75	-158	7.37E+03	22.38485	35.27155	100	24.323	2.87E+03
HOT	186	2006	10	20	10/20/06	151459200	22.75	-158	4.28E+03	22.07045	35.2955	115	24.43	1.10E+03
HOT	186	2006	10	20	10/20/06	151459200	22.75	-158	2.45E+03	21.8922	35.3062	125	24.489	2.40E+02
HOT	186	2006	10	20	10/20/06	151459200	22.75	-158	2.95E+02	21.5903	35.31885	150	24.584	9.64E+01
HOT	186	2006	10	20	10/20/06	151459200	22.75	-158	5.05E+01	21.3541	35.3243	175	24.6545	1.38E+01
HOT	186	2006	10	20	10/20/06	151459200	22.75	-158	6.50E-01	21.04955	35.30035	200	24.721	nd
HOT	187	2006	11	9	11/9/06	153187200	22.75	-158	9.36E+00	25.9526	35.09295	5	23.1205	2.73E+00
HOT	187	2006	11	9	11/9/06	153187200	22.75	-158	6.50E-01	25.94275	35.09955	25	23.13	nd
HOT	187	2006	11	9	11/9/06	153187200	22.75	-158	1.66E+01	25.8898	35.13305	45	23.173	2.63E+00
HOT	187	2006	11	9	11/9/06	153187200	22.75	-158	3.47E+01	25.668	35.14775	60	23.254	1.63E+01
HOT	187	2006	11	9	11/9/06	153187200	22.75	-158	1.80E+03	24.69175	35.13035	75	23.54	6.81E+02
HOT	187	2006	11	9	11/9/06	153187200	22.75	-158	9.81E+03	23.9264	35.1574	85	23.7895	8.54E+02
HOT	187	2006	11	9	11/9/06	153187200	22.75	-158	8.10E+03	23.04025	35.1949	100	24.0775	1.67E+03
HOT	187	2006	11	9	11/9/06	153187200	22.75	-158	2.23E+03	22.5371	35.23105	115	24.25	4.09E+02
HOT	187	2006	11	9	11/9/06	153187200	22.75	-158	1.02E+03	22.23825	35.2534	125	24.352	2.24E+02
HOT	187	2006	11	9	11/9/06	153187200	22.75	-158	3.44E+01	21.5682	35.27105	150	24.5535	1.19E+01
HOT	187	2006	11	9	11/9/06	153187200	22.75	-158	nd	20.7682	35.2034	175	24.722	nd
HOT	187	2006	11	9	11/9/06	153187200	22.75	-158	nd	19.56515	35.048	200	24.923	nd
HOT	188	2006	12	10	12/10/06	155865600	22.75	-158	9.17E+02	24.89145	35.2388	5	23.5565	2.48E+01
HOT	188	2006	12	10	12/10/06	155865600	22.75	-158	8.19E+02	24.895	35.23975	25	23.558	4.04E+01
HOT	188	2006	12	10	12/10/06	155865600	22.75	-158	6.98E+02	24.89795	35.23975	45	23.558	9.15E+01
HOT	188	2006	12	10	12/10/06	155865600	22.75	-158	7.65E+02	24.90025	35.24125	60	23.5595	9.61E+01
HOT	188	2006	12	10	12/10/06	155865600	22.75	-158	4.59E+03	24.90095	35.2446	75	23.5625	6.64E+02
HOT	188	2006	12	10	12/10/06	155865600	22.75	-158	2.24E+04	24.7286	35.24495	85	23.6155	1.93E+03
HOT	188	2006	12	10	12/10/06	155865600	22.75	-158	2.53E+04	22.8401	35.1908	100	24.132	5.98E+03
HOT	188	2006	12	10	12/10/06	155865600	22.75	-158	8.94E+03	21.9155	35.164	115	24.3735	9.69E+01
HOT	188	2006	12	10	12/10/06	155865600	22.75	-158	3.09E+03	21.31965	35.14855	125	24.5275	2.73E+02
HOT	188	2006	12	10	12/10/06	155865600	22.75	-158	2.63E+02	19.98395	35.0498	150	24.8125	9.85E+00
HOT	188	2006	12	10	12/10/06	155865600	22.75	-158	4.51E+01	18.6145	34.9055	175	25.0555	5.16E-01
HOT	188	2006	12	10	12/10/06	155865600	22.75	-158	6.50E-01	17.26015	34.7481	200	25.2675	nd
HOT	189	2007	2	8	2/8/07	161049600	22.75	-158	3.19E+02	23.809	35.1863	5	23.846	2.03E+01
HOT	189	2007	2	8	2/8/07	161049600	22.75	-158	4.56E+02	23.7555	35.1995	25	23.881	8.80E+01
HOT	189	2007	2	8	2/8/07	161049600	22.75	-158	3.55E+02	23.7643	35.1912	45	23.869	1.03E+02
HOT	189	2007	2	8	2/8/07	161049600	22.75	-158	3.51E+02	23.7963	nd	60	nd	1.09E+02
HOT	189	2007	2	8	2/8/07	161049600	22.75	-158	3.87E+02	23.7022	35.1934	75	23.887	3.68E+01
HOT	189	2007	2	8	2/8/07	161049600	22.75	-158	4.39E+02	23.7738	nd	85	nd	8.97E+01
HOT	189	2007	2	8	2/8/07	161049600	22.75	-158	1.03E+03	22.9965	35.1942	100	24.084	2.77E+02
HOT	189	2007	2	8	2/8/07	161049600	22.75	-158	nd	22.9242	nd	115	nd	nd
HOT	189	2007	2	8	2/8/07	161049600	22.75	-158	2.11E+03	22.0683	35.1811	125	24.341	1.46E+02
HOT	189	2007	2	8	2/8/07	161049600	22.75	-158	1.02E+02	21.0091	35.1463	150	24.614	4.43E+01
HOT	189	2007	2	8	2/8/07	161049600	22.75	-158	1.74E+01	19.8501	35.0506	175	24.841	3.94E+00
HOT	189	2007	2	8	2/8/07	161049600	22.75	-158	nd	17.953	nd	200	nd	nd
HOT	190	2007	3	22	3/22/07	164678400	22.75	-158	8.65E+01	23.4562	35.147	5	23.919	3.73E+01
HOT	190	2007	3	22	3/22/07	164678400	22.75	-158	3.79E+02	23.402	35.1608	25	23.945	5.19E+01
HOT	190	2007	3	22	3/22/07	164678400	22.75	-158	1.30E+03	23.2276	35.1749	45	24.009	1.41E+02
HOT	190	2007	3	22	3/22/07	164678400	22.75	-158	3.49E+03	23.1746	nd	60	nd	2.24E+02
HOT	190	2007	3	22	3/22/07	164678400	22.75	-158	7.55E+03	22.8721	35.227	75	24.15	5.91E+02
HOT	190	2007	3	22	3/22/07	164678400	22.75	-158	1.69E+04	22.6791	nd	85	nd	2.23E+03
HOT	190	2007	3	22	3/22/07	164678400	22.75	-158	1.29E+04	22.1968	35.2229	100	24.338	2.03E+03
HOT	190	2007	3	22	3/22/07	164678400	22.75	-158	1.59E+03	21.7891	nd	115	nd	1.39E+02
HOT	190	2007	3	22	3/22/07	164678400	22.75	-158	nd	21.4461	35.2154	125	24.54	nd
HOT	190	2007	3	22	3/22/07	164678400	22.75	-158	nd	20.6821	35.1507	150	24.701	nd
HOT	190	2007	3	22	3/22/07	164678400	22.75	-158	1.42E+02	19.7446	35.0234	175	24.856	2.71E+01
HOT	190	2007	3	22	3/22/07	164678400	22.75	-158	3.21E+01	17.3554	nd	200	nd	1.37E+01
HOT	191	2007	5	6	5/6/07	168566400	22.75	-158	4.27E+01	24.6593	34.8719	5	23.343	1.90E+01
HOT	191	2007	5	6	5/6/07	168566400	22.75	-158	6.44E+01	24.6013	34.8706	25	23.353	1.87E+01
HOT	191	2007	5	6	5/6/07	168566400	22.75	-158	6.95E+01	24.584	34.8712	45	23.376	3.24E+01
HOT	191	2007	5	6	5/6/07	168566400	22.75	-158	nd	24.1539	nd	60	nd	nd
HOT	191	2007	5	6	5/6/07	168566400	22.75	-158	3.96E+02	23.8517	35.008	75	23.718	4.48E+01
HOT	191	2007	5	6	5/6/07	168566400	22.75	-158	1.07E+02	23.542	nd	85	nd	3.21E+01
HOT	191	2007	5	6	5/6/07	168566400	22.75	-158	2.91E+02	23.2899	35.1428	100	23.981	5.47E+01
HOT	191	2007	5	6	5/6/07	168566400	22.75	-158	8.48E+02	23.0179	nd	115	nd	2.62E+02
HOT	191	2007	5	6	5/6/07	168566400	22.75	-158	3.56E+03	22.5299	35.2086	125	24.217	1.79E+02
HOT	191	2007	5	6	5/6/07	168566400	22.75	-158	1.13E+04	21.9184	35.1841	150	24.39	1.90E+03
HOT	191	2007	5	6	5/6/07	168566400	22.75	-158	8.31E+01	20.7977	35.1365	175	24.658	1.87E+01
HOT	191	2007	5	6	5/6/07	168566400	22.75	-158	8.19E+02	19.4183	nd	200	nd	8.86E+01
HOT	192	nd	nd	nd	nd	nd	22.75	-158	nd	25.539	34.9691	5	23.122	nd
HOT	192	nd	nd	nd	nd	nd	22.75	-158	nd	25.4667	35.0114	25	23.141	nd
HOT	192	nd	nd	nd	nd	nd	22.75	-158	nd	24.8471	35.0948	45	23.385	nd
HOT	192	nd	nd	nd	nd	nd	22.75	-158	nd	24.5481	nd	60	nd	nd
HOT	192	nd	nd	nd	nd	nd	22.75	-158	nd	23.8064	35.0893	75	23.741	nd
HOT	192	nd	nd	nd	nd	nd	22.75	-158	nd	nd	nd	85	nd	nd
HOT	192	nd	nd	nd	nd	nd	22.75	-158	nd	23.2271	35.1526	100	23.984	nd
HOT	192	nd	nd	nd	nd	nd	22.75	-158	nd	nd	nd	115	nd	nd
HOT	192	nd	nd	nd	nd	nd	22.75	-158	nd	22.6644	35.1937	125	24.184	nd
HOT	192	nd	nd	nd	nd	nd	22.75	-158	nd	22.0291	35.2125	150	24.379	nd
HOT	192	nd	nd	nd	nd	nd	22.75	-158	nd	21.3379	35.2016	175	24.566	nd
HOT	192	nd	nd	nd	nd	nd	22.75	-158	nd	19.9883	nd	200	nd	nd
HOT	193	2007	7	9	7/9/07	174096000	22.75	-158	7.16E+01	25.6587	35.0656	5	23.189	9.90E+00
HOT	193	2007	7	9	7/9/07	174096000	22.75	-158	nd	25.6486	35.0644	25	23.19	nd
HOT	193	2007	7	9	7/9/07	174096000	22.75	-158	1.54E+01	25.5257	35.0849	45	23.244	2.22E+00
HOT	193	2007	7	9	7/9/07	174096000	22.75	-158	6.50E-01	24.9351	nd	60	nd	nd
HOT	193	2007	7	9	7/9/07	174096000	22.75	-158	6.50E-01	23.7757	35.1814	75	23.85	nd
HOT	193	2007	7	9	7/9/07	174096000	22.75	-158	5.60E+01	23.5138	nd	85	nd	2.57E+00
HOT	193	2007	7	9	7/9/07	174096000	22.75	-158	9.69E+02	22.8651	35.1978	100	24.129	1.44E+02
HOT	193	2007	7	9	7/9/07	174096000	22.75	-158	1.68E+04	22.6062	nd	115	nd	4.70E+03
HOT	193	2007	7	9	7/9/07	174096000	22.75	-158	1.53E+04	22.0586	35.1958	125	24.357	2.69E+03
HOT	193	2007	7	9	7/9/07	174096000	22.75	-158	4.47E+03	21.1918	35.1515	150	24.567	9.31E+02
HOT	193	2007	7	9	7/9/07	174096000	22.75	-158	4.66E+02	20.0654	35.0615	175	24.806	7.58E+01
HOT	193	2007	7	9	7/9/07	174096000	22.75	-158	2.43E+02	18.4812	nd	200	nd	6.23E+01
HOT	194	2007	8	5	8/5/07	176428800	22.75	-158	6.50E-01	26.4102	35.0233	5	22.926	nd
HOT	194	2007	8	5	8/5/07	176428800	22.75	-158	6.50E-01	26.3977	35.0244	25	22.932	nd
HOT	194	2007	8	5	8/5/07	176428800	22.75	-158	nd	26.0456	35.0233	45	23.046	nd
HOT	194	2007	8	5	8/5/07	176428800	22.75	-158	nd	25.8878	nd	60	nd	nd
HOT	194	2007	8	5	8/5/07	176428800	22.75	-158	nd	25.3704	35.0018	75	23.223	nd
HOT	194	2007	8	5	8/5/07	176428800	22.75	-158	6.50E-01	25.0843	nd	85	nd	nd
HOT	194	2007	8	5	8/5/07	176428800	22.75	-158	5.87E+02	24.001	34.9853	100	23.627	8.27E+01
HOT	194	2007	8	5	8/5/07	176428800	22.75	-158	7.16E+03	22.9432	nd	115	nd	1.60E+03
HOT	194	2007	8	5	8/5/07	176428800	22.75	-158	8.08E+03	22.0276	34.9802	125	24.202	2.67E+02
HOT	194	2007	8	5	8/5/07	176428800	22.75	-158	7.71E+02	20.1271	34.8536	150	24.623	1.77E+02
HOT	194	2007	8	5	8/5/07	176428800	22.75	-158	1.31E+02	18.5201	34.7141	175	24.939	3.34E+01
HOT	194	2007	8	5	8/5/07	176428800	22.75	-158	6.50E-01	16.5031	nd	200	nd	nd
HOT	195	2007	9	4	9/4/07	179020800	22.75	-158	nd	26.5414	35.1109	5	22.943	nd
HOT	195	2007	9	4	9/4/07	179020800	22.75	-158	6.50E-01	26.5381	35.1332	25	22.99	nd
HOT	195	2007	9	4	9/4/07	179020800	22.75	-158	6.50E-01	26.3909	35.1697	45	23.054	nd
HOT	195	2007	9	4	9/4/07	179020800	22.75	-158	nd	25.4212	nd	60	nd	nd
HOT	195	2007	9	4	9/4/07	179020800	22.75	-158	1.19E+02	24.1313	35.1841	75	23.755	3.52E+01
HOT	195	2007	9	4	9/4/07	179020800	22.75	-158	4.44E+03	23.7607	nd	85	nd	7.90E+02
HOT	195	2007	9	4	9/4/07	179020800	22.75	-158	1.35E+04	22.7484	35.185	100	24.146	2.12E+03
HOT	195	2007	9	4	9/4/07	179020800	22.75	-158	1.96E+03	22.3904	nd	115	nd	7.94E+02
HOT	195	2007	9	4	9/4/07	179020800	22.75	-158	5.97E+02	21.4979	35.1501	125	24.474	8.79E+01
HOT	195	2007	9	4	9/4/07	179020800	22.75	-158	7.88E+02	20.5593	35.0827	150	24.691	2.38E+02
HOT	195	2007	9	4	9/4/07	179020800	22.75	-158	1.64E+02	19.3686	34.977	175	24.923	6.06E+01
HOT	195	2007	9	4	9/4/07	179020800	22.75	-158	1.11E+02	17.7621	nd	200	nd	2.23E+01
HOT	196	2007	10	4	10/4/07	181612800	22.75	-158	6.50E-01	26.0884	35.0838	5	23.069	nd
HOT	196	2007	10	4	10/4/07	181612800	22.75	-158	6.50E-01	26.0926	35.0836	25	23.068	nd
HOT	196	2007	10	4	10/4/07	181612800	22.75	-158	nd	26.0917	35.0831	45	23.069	nd
HOT	196	2007	10	4	10/4/07	181612800	22.75	-158	6.50E-01	26.0888	nd	60	nd	nd
HOT	196	2007	10	4	10/4/07	181612800	22.75	-158	1.35E+01	25.9115	35.1101	75	23.144	5.75E+00
HOT	196	2007	10	4	10/4/07	181612800	22.75	-158	1.90E+02	25.1125	nd	85	nd	3.44E+01
HOT	196	2007	10	4	10/4/07	181612800	22.75	-158	2.46E+03	23.9761	35.1189	100	23.741	2.55E+02
HOT	196	2007	10	4	10/4/07	181612800	22.75	-158	4.49E+03	23.0877	nd	115	nd	7.58E+02
HOT	196	2007	10	4	10/4/07	181612800	22.75	-158	6.00E+03	22.6592	35.1793	125	24.173	1.01E+03
HOT	196	2007	10	4	10/4/07	181612800	22.75	-158	2.24E+03	21.4863	35.1706	150	24.496	3.60E+02
HOT	196	2007	10	4	10/4/07	181612800	22.75	-158	7.35E+02	20.1409	35.0727	175	24.787	1.88E+02
HOT	196	2007	10	4	10/4/07	181612800	22.75	-158	9.53E+01	18.54	nd	200	nd	2.41E+01
HOT	197	2007	12	3	12/3/07	186796800	22.75	-158	5.46E+01	25.0918	35.0199	5	23.333	2.28E+01
HOT	197	2007	12	3	12/3/07	186796800	22.75	-158	4.55E+01	25.0832	35.0528	25	23.355	1.77E+01
HOT	197	2007	12	3	12/3/07	186796800	22.75	-158	6.50E-01	25.0678	35.0729	45	23.382	nd
HOT	197	2007	12	3	12/3/07	186796800	22.75	-158	2.35E+01	25.0626	nd	60	nd	7.33E+00
HOT	197	2007	12	3	12/3/07	186796800	22.75	-158	1.98E+02	24.8443	35.0997	75	23.459	6.06E+01
HOT	197	2007	12	3	12/3/07	186796800	22.75	-158	7.81E+02	23.7914	nd	85	nd	1.42E+02
HOT	197	2007	12	3	12/3/07	186796800	22.75	-158	6.75E+03	22.6582	35.0268	100	24.07	5.86E+02
HOT	197	2007	12	3	12/3/07	186796800	22.75	-158	4.70E+03	21.9432	nd	115	nd	1.69E+03
HOT	197	2007	12	3	12/3/07	186796800	22.75	-158	2.54E+03	21.091	35.0008	125	24.477	7.84E+02
HOT	197	2007	12	3	12/3/07	186796800	22.75	-158	1.89E+02	20.0054	34.9918	150	24.766	1.81E+01
HOT	197	2007	12	3	12/3/07	186796800	22.75	-158	1.09E+01	18.8159	34.8489	175	24.966	2.51E+00
HOT	197	2007	12	3	12/3/07	186796800	22.75	-158	6.50E-01	16.8493	nd	200	nd	nd
HOT	198	2007	12	22	12/22/07	188438400	22.75	-158	4.36E+02	24.5027	35.0132	5	23.506	8.35E+01
HOT	198	2007	12	22	12/22/07	188438400	22.75	-158	4.37E+02	24.5005	35.0137	25	23.523	6.93E+01
HOT	198	2007	12	22	12/22/07	188438400	22.75	-158	5.09E+02	24.4987	35.0228	45	23.518	2.95E+01
HOT	198	2007	12	22	12/22/07	188438400	22.75	-158	8.89E+02	24.4672	nd	60	nd	1.02E+02
HOT	198	2007	12	22	12/22/07	188438400	22.75	-158	1.24E+03	24.4731	35.0396	75	23.534	2.01E+02
HOT	198	2007	12	22	12/22/07	188438400	22.75	-158	1.89E+03	24.4442	nd	85	nd	3.98E+02
HOT	198	2007	12	22	12/22/07	188438400	22.75	-158	1.80E+03	24.3287	35.0687	100	23.601	2.73E+02
HOT	198	2007	12	22	12/22/07	188438400	22.75	-158	4.18E+03	23.6244	nd	115	nd	1.14E+03
HOT	198	2007	12	22	12/22/07	188438400	22.75	-158	4.85E+03	22.8926	35.1005	125	24.051	2.32E+02
HOT	198	2007	12	22	12/22/07	188438400	22.75	-158	7.95E+02	21.632	35.1198	150	24.416	1.39E+02
HOT	198	2007	12	22	12/22/07	188438400	22.75	-158	2.57E+02	20.6273	35.0962	175	24.674	1.91E+01
HOT	198	2007	12	22	12/22/07	188438400	22.75	-158	1.98E+01	19.5382	nd	200	nd	5.27E+00
HOT	199	2008	1	31	1/31/08	191894400	22.75	-158	5.24E+02	nd	nd	5	nd	1.85E+02
HOT	199	2008	1	31	1/31/08	191894400	22.75	-158	4.28E+02	nd	nd	25	nd	1.29E+02
HOT	199	2008	1	31	1/31/08	191894400	22.75	-158	5.55E+02	nd	nd	45	nd	8.49E+01
HOT	199	2008	1	31	1/31/08	191894400	22.75	-158	5.09E+02	nd	nd	60	nd	1.92E+02
HOT	199	2008	1	31	1/31/08	191894400	22.75	-158	7.16E+02	nd	nd	75	nd	1.19E+02
HOT	199	2008	1	31	1/31/08	191894400	22.75	-158	4.58E+02	nd	nd	85	nd	1.09E+02
HOT	199	2008	1	31	1/31/08	191894400	22.75	-158	7.92E+02	nd	nd	100	nd	1.38E+02
HOT	199	2008	1	31	1/31/08	191894400	22.75	-158	6.69E+02	nd	nd	115	nd	2.24E+02
HOT	199	2008	1	31	1/31/08	191894400	22.75	-158	2.45E+03	nd	nd	125	nd	6.73E+02
HOT	199	2008	1	31	1/31/08	191894400	22.75	-158	8.25E+02	nd	nd	150	nd	9.48E+01
HOT	199	2008	1	31	1/31/08	191894400	22.75	-158	6.31E+01	nd	nd	175	nd	7.35E+00
HOT	199	2008	1	31	1/31/08	191894400	22.75	-158	6.50E-01	nd	nd	200	nd	nd